Gen 1
0.135265700483092
0.00637756446452099
0.0255102578580839
0
0
0
Gen 2
0.135265700483092
0.0826026726896291
0.135265700483092
0.109821193299454
0.06582545956459
0.0194983374113809
Gen 3
0.135265700483092
0.112910094736182
0.135265700483092
0.135265700483092
0.115259426563774
0.0658495514147688
Gen 4
0.135265700483092
0.123873517786561
0.135265700483092
0.135265700483092
0.135265700483092
0.0896969696969697
Gen 5
0.135265700483092
0.126080682602422
0.135265700483092
0.135265700483092
0.135265700483092
0.0985256289604115
Gen 6
0.246376811594203
0.132753623188406
0.139710144927536
0.135265700483092
0.135265700483092
0.120772946859903
Gen 7
0.246376811594203
0.137719430328126
0.154212936821633
0.135265700483092
0.135265700483092
0.126133383524688
Gen 8
0.246376811594203
0.148390739695088
0.197721312503921
0.135265700483092
0.135265700483092
0.125310245310245
Gen 9
0.246376811594203
0.175959595959596
0.246376811594203
0.192340799297321
0.135265700483092
0.129855072463768
Gen 10
0.246376811594203
0.191103582407931
0.246376811594203
0.246376811594203
0.147896354852877
0.123764351590439
Gen 11
0.246376811594203
0.220648723257419
0.246376811594203
0.246376811594203
0.246376811594203
0.143464458247067
Gen 12
0.246376811594203
0.237253905514775
0.246376811594203
0.246376811594203
0.246376811594203
0.209885187276492
Gen 13
0.246376811594203
0.240727147248887
0.246376811594203
0.246376811594203
0.246376811594203
0.223778154212937
Gen 14
0.424242424242424
0.240863291298074
0.253491436100132
0.246376811594203
0.246376811594203
0.217208105903758
Gen 15
0.424242424242424
0.249774138904574
0.274835309617918
0.246376811594203
0.246376811594203
0.231507622811971
Gen 16
0.424242424242424
0.255444507183638
0.32463768115942
0.246376811594203
0.246376811594203
0.204386724386724
Gen 17
0.424242424242424
0.293948177426438
0.424242424242424
0.274835309617918
0.246376811594203
0.230338164251208
Gen 18
0.424242424242424
0.355129556433905
0.424242424242424
0.424242424242424
0.353096179183136
0.218937198067633
Gen 19
0.424242424242424
0.383674007152268
0.424242424242424
0.424242424242424
0.424242424242424
0.261968755881799
Gen 20
0.424242424242424
0.405031683292553
0.424242424242424
0.424242424242424
0.424242424242424
0.347399460442939
Gen 21
0.424242424242424
0.408709956709957
0.424242424242424
0.424242424242424
0.424242424242424
0.362112554112554
Gen 22
0.424242424242424
0.407462074157726
0.424242424242424
0.424242424242424
0.424242424242424
0.357121023903632
Gen 23
0.424242424242424
0.408917748917749
0.424242424242424
0.424242424242424
0.424242424242424
0.362943722943723
Gen 24
0.424242424242424
0.42056277056277
0.424242424242424
0.424242424242424
0.424242424242424
0.409523809523809
Gen 25
0.424242424242424
0.41157462827028
0.424242424242424
0.424242424242424
0.424242424242424
0.373571240353849
Gen 26
0.424242424242424
0.412786749482402
0.424242424242424
0.424242424242424
0.424242424242424
0.378419725202334
Gen 27
0.424242424242424
0.407445887445887
0.424242424242424
0.424242424242424
0.424242424242424
0.357056277056277
Gen 28
0.424242424242424
0.411125541125541
0.424242424242424
0.424242424242424
0.424242424242424
0.371774891774892
Gen 29
0.424242424242424
0.412640692640693
0.424242424242424
0.424242424242424
0.424242424242424
0.377835497835498
Gen 30
0.424242424242424
0.416539055147751
0.424242424242424
0.424242424242424
0.424242424242424
0.39342894786373
Gen 31
0.424242424242424
0.411630215195433
0.424242424242424
0.424242424242424
0.424242424242424
0.373793588054457
Gen 32
0.424242424242424
0.410575067444633
0.424242424242424
0.424242424242424
0.424242424242424
0.369572997051258
Gen 33
0.424242424242424
0.415166447079491
0.424242424242424
0.424242424242424
0.424242424242424
0.387938515590689
Gen 34
0.424242424242424
0.414481335090031
0.424242424242424
0.424242424242424
0.424242424242424
0.38519806763285
Gen 35
0.424242424242424
0.422463768115942
0.424242424242424
0.424242424242424
0.424242424242424
0.417127799736495
Gen 36
0.424242424242424
0.405996486605182
0.424242424242424
0.424242424242424
0.424242424242424
0.351258673693456
Gen 37
0.424242424242424
0.40818244557375
0.424242424242424
0.424242424242424
0.424242424242424
0.360002509567727
Gen 38
0.424242424242424
0.42
0.424242424242424
0.424242424242424
0.424242424242424
0.407272727272727
Gen 39
0.424242424242424
0.408625384277558
0.424242424242424
0.424242424242424
0.424242424242424
0.36177426438296
Gen 40
0.424242424242424
0.420606060606061
0.424242424242424
0.424242424242424
0.424242424242424
0.409696969696969
Gen 41
0.424242424242424
0.393896103896104
0.424242424242424
0.424242424242424
0.424242424242424
0.302857142857143
Gen 42
0.424242424242424
0.395610640567162
0.424242424242424
0.424242424242424
0.424242424242424
0.309715289541376
Gen 43
0.424242424242424
0.42056277056277
0.424242424242424
0.424242424242424
0.424242424242424
0.409523809523809
Gen 44
0.424242424242424
0.42
0.424242424242424
0.424242424242424
0.424242424242424
0.407272727272727
Gen 45
0.424242424242424
0.41980588493632
0.424242424242424
0.424242424242424
0.424242424242424
0.406496267018006
Gen 46
0.424242424242424
0.399156534286969
0.424242424242424
0.424242424242424
0.424242424242424
0.323898864420603
Gen 47
0.424242424242424
0.416373925591317
0.424242424242424
0.424242424242424
0.424242424242424
0.392768429637995
Gen 48
0.424242424242424
0.41980588493632
0.424242424242424
0.424242424242424
0.424242424242424
0.406496267018006
Gen 49
0.424242424242424
0.42054181567225
0.424242424242424
0.424242424242424
0.424242424242424
0.409439989961729
Gen 50
0.424242424242424
0.423545015371102
0.424242424242424
0.424242424242424
0.424242424242424
0.421452788757136
Gen 51
0.424242424242424
0.415622937449024
0.424242424242424
0.424242424242424
0.424242424242424
0.389764477068825
Gen 52
0.424242424242424
0.410667043101826
0.424242424242424
0.424242424242424
0.424242424242424
0.36994089968003
Gen 53
0.424242424242424
0.413887571365832
0.424242424242424
0.424242424242424
0.424242424242424
0.382823012736056
Gen 54
0.424242424242424
0.405120396511701
0.424242424242424
0.424242424242424
0.424242424242424
0.34775431331953
Gen 55
0.424242424242424
0.416682853378505
0.424242424242424
0.424242424242424
0.424242424242424
0.394004140786749
Gen 56
0.424242424242424
0.420925779534475
0.424242424242424
0.424242424242424
0.424242424242424
0.410975845410628
Gen 57
0.424242424242424
0.418993412384717
0.424242424242424
0.424242424242424
0.424242424242424
0.403246376811594
Gen 58
0.424242424242424
0.407878787878788
0.424242424242424
0.424242424242424
0.424242424242424
0.358787878787879
Gen 59
0.424242424242424
0.412200263504611
0.424242424242424
0.424242424242424
0.424242424242424
0.376073781291172
Gen 60
0.424242424242424
0.42
0.424242424242424
0.424242424242424
0.424242424242424
0.407272727272727
Gen 61
0.424242424242424
0.420502415458937
0.424242424242424
0.424242424242424
0.424242424242424
0.409282389108476
Gen 62
0.424242424242424
0.412647970387101
0.424242424242424
0.424242424242424
0.424242424242424
0.37786460882113
Gen 63
0.424242424242424
0.419651295564339
0.424242424242424
0.424242424242424
0.424242424242424
0.405877909530083
Gen 64
0.424242424242424
0.423699604743083
0.424242424242424
0.424242424242424
0.424242424242424
0.422071146245059
Gen 65
0.424242424242424
0.405580651232825
0.424242424242424
0.424242424242424
0.424242424242424
0.349595332204028
Gen 66
0.424242424242424
0.407338352468787
0.424242424242424
0.424242424242424
0.424242424242424
0.356626137147876
Gen 67
0.424242424242424
0.413783926218709
0.424242424242424
0.424242424242424
0.424242424242424
0.382408432147562
Gen 68
0.424242424242424
0.41084108162369
0.424242424242424
0.424242424242424
0.424242424242424
0.370637053767488
Gen 69
0.424242424242424
0.414611079741515
0.424242424242424
0.424242424242424
0.424242424242424
0.385717046238785
Gen 70
0.424242424242424
0.413577263316394
0.424242424242424
0.424242424242424
0.424242424242424
0.381581780538302
Gen 71
0.424242424242424
0.417807390676956
0.424242424242424
0.424242424242424
0.424242424242424
0.398502289980551
Gen 72
0.424242424242424
0.417616663529707
0.424242424242424
0.424242424242424
0.424242424242424
0.397739381391555
Gen 73
0.424242424242424
0.40684246188594
0.424242424242424
0.424242424242424
0.424242424242424
0.354642574816488
Gen 74
0.424242424242424
0.41688951628082
0.424242424242424
0.424242424242424
0.424242424242424
0.39483079239601
Gen 75
0.424242424242424
0.403571114875463
0.424242424242424
0.424242424242424
0.424242424242424
0.341557186774578
Gen 76
0.424242424242424
0.409414768806073
0.424242424242424
0.424242424242424
0.424242424242424
0.36493180249702
Gen 77
0.424242424242424
0.41673078612209
0.424242424242424
0.424242424242424
0.424242424242424
0.394195871761089
Gen 78
0.424242424242424
0.412232385971516
0.424242424242424
0.424242424242424
0.424242424242424
0.376202271158793
Gen 79
0.424242424242424
0.419651295564339
0.424242424242424
0.424242424242424
0.424242424242424
0.405877909530083
Gen 80
0.424242424242424
0.408398268398268
0.424242424242424
0.424242424242424
0.424242424242424
0.360865800865801
Gen 81
0.424242424242424
0.411125541125541
0.424242424242424
0.424242424242424
0.424242424242424
0.371774891774892
Gen 82
0.424242424242424
0.404761904761905
0.424242424242424
0.424242424242424
0.424242424242424
0.346320346320346
Gen 83
0.424242424242424
0.41017316017316
0.424242424242424
0.424242424242424
0.424242424242424
0.367965367965368
Gen 84
0.424242424242424
0.417359307359307
0.424242424242424
0.424242424242424
0.424242424242424
0.396709956709957
Gen 85
0.424242424242424
0.408528138528139
0.424242424242424
0.424242424242424
0.424242424242424
0.361385281385281
Gen 86
0.424242424242424
0.402853378505552
0.424242424242424
0.424242424242424
0.424242424242424
0.338686241294937
Gen 87
0.424242424242424
0.42
0.424242424242424
0.424242424242424
0.424242424242424
0.407272727272727
Gen 88
0.424242424242424
0.414455110107284
0.424242424242424
0.424242424242424
0.424242424242424
0.385093167701863
Gen 89
0.424242424242424
0.411284773197817
0.424242424242424
0.424242424242424
0.424242424242424
0.372411820063994
Gen 90
0.424242424242424
0.409224418093983
0.424242424242424
0.424242424242424
0.424242424242424
0.36417039964866
Gen 91
0.424242424242424
0.407835497835498
0.424242424242424
0.424242424242424
0.424242424242424
0.358614718614718
Gen 92
0.424242424242424
0.396493506493507
0.424242424242424
0.424242424242424
0.424242424242424
0.313246753246753
Gen 93
0.424242424242424
0.415887445887446
0.424242424242424
0.424242424242424
0.424242424242424
0.390822510822511
Gen 94
0.424242424242424
0.404848484848485
0.424242424242424
0.424242424242424
0.424242424242424
0.346666666666666
