Gen 1
0.177489177489178
0.0049218897044984
0.0196875588179936
0
0
0
Gen 2
0.177489177489178
0.0367701863354037
0.112554112554113
0.0345266327875024
0
0
Gen 3
0.177489177489178
0.126171027040592
0.177489177489178
0.177489177489178
0.0956797791580401
0.054025974025974
Gen 4
0.177489177489178
0.174891774891775
0.177489177489178
0.177489177489178
0.177489177489178
0.167099567099567
Gen 5
0.181818181818182
0.175584415584415
0.177662337662338
0.177489177489178
0.177489177489178
0.16969696969697
Gen 6
0.181818181818182
0.175912165129556
0.1795670995671
0.177489177489178
0.177489177489178
0.169103205972771
Gen 7
0.181818181818182
0.171591442374051
0.181818181818182
0.181818181818182
0.1795670995671
0.143162306292741
Gen 8
0.181818181818182
0.17976911976912
0.181818181818182
0.181818181818182
0.181818181818182
0.173621933621934
Gen 9
0.181818181818182
0.181014492753623
0.181818181818182
0.181818181818182
0.181818181818182
0.178603425559947
Gen 10
0.181818181818182
0.180476190476191
0.181818181818182
0.181818181818182
0.181818181818182
0.176450216450216
Gen 11
0.181818181818182
0.177316017316017
0.181818181818182
0.181818181818182
0.181818181818182
0.163809523809524
Gen 12
0.181818181818182
0.178287220026351
0.181818181818182
0.181818181818182
0.181818181818182
0.167694334650856
Gen 13
0.181818181818182
0.176672815107598
0.181818181818182
0.181818181818182
0.181818181818182
0.161236714975845
Gen 14
0.181818181818182
0.177012987012987
0.181818181818182
0.181818181818182
0.181818181818182
0.162597402597403
Gen 15
0.181818181818182
0.176363636363636
0.181818181818182
0.181818181818182
0.181818181818182
0.16
Gen 16
0.181818181818182
0.176493506493507
0.181818181818182
0.181818181818182
0.181818181818182
0.16051948051948
Gen 17
0.181818181818182
0.172875964615095
0.181818181818182
0.181818181818182
0.181818181818182
0.146049313005835
Gen 18
0.181818181818182
0.181818181818182
0.181818181818182
0.181818181818182
0.181818181818182
0.181818181818182
Gen 19
0.181818181818182
0.177792207792208
0.181818181818182
0.181818181818182
0.181818181818182
0.165714285714286
Gen 20
0.181818181818182
0.180191981931112
0.181818181818182
0.181818181818182
0.181818181818182
0.175313382269904
Gen 21
0.181818181818182
0.172727272727273
0.181818181818182
0.181818181818182
0.181818181818182
0.145454545454545
Gen 22
0.181818181818182
0.178181818181818
0.181818181818182
0.181818181818182
0.181818181818182
0.167272727272727
Gen 23
0.181818181818182
0.18
0.181818181818182
0.181818181818182
0.181818181818182
0.174545454545455
Gen 24
0.181818181818182
0.175163812033377
0.181818181818182
0.181818181818182
0.181818181818182
0.155200702678963
Gen 25
0.181818181818182
0.172522993914298
0.181818181818182
0.181818181818182
0.181818181818182
0.144637430202648
Gen 26
0.181818181818182
0.180692640692641
0.181818181818182
0.181818181818182
0.181818181818182
0.177316017316017
Gen 27
0.181818181818182
0.174440554614468
0.181818181818182
0.181818181818182
0.181818181818182
0.152307673003325
Gen 28
0.181818181818182
0.174212560386473
0.181818181818182
0.181818181818182
0.181818181818182
0.151395696091348
Gen 29
0.181818181818182
0.179789698224481
0.181818181818182
0.181818181818182
0.181818181818182
0.173704247443378
Gen 30
0.181818181818182
0.178427128427128
0.181818181818182
0.181818181818182
0.181818181818182
0.168253968253968
Gen 31
0.181818181818182
0.17785431959345
0.181818181818182
0.181818181818182
0.181818181818182
0.165962732919255
Gen 32
0.181818181818182
0.180619863228559
0.181818181818182
0.181818181818182
0.181818181818182
0.17702490745969
Gen 33
0.181818181818182
0.18
0.181818181818182
0.181818181818182
0.181818181818182
0.174545454545455
Gen 34
0.181818181818182
0.169706129619173
0.181818181818182
0.181818181818182
0.181818181818182
0.133369973022147
Gen 35
0.181818181818182
0.177659828094611
0.181818181818182
0.181818181818182
0.181818181818182
0.165184766923897
Gen 36
0.181818181818182
0.17802747976661
0.181818181818182
0.181818181818182
0.181818181818182
0.166655373611895
Gen 37
0.19047619047619
0.173067695589435
0.182164502164502
0.181818181818182
0.181818181818182
0.146469916556873
Gen 38
0.19047619047619
0.177575757575758
0.186666666666667
0.181818181818182
0.181818181818182
0.16
Gen 39
0.19047619047619
0.185217014869189
0.190476190476191
0.190476190476191
0.187012987012987
0.172902691511387
Gen 40
0.19047619047619
0.186493506493506
0.190476190476191
0.190476190476191
0.190476190476191
0.174545454545455
Gen 41
0.19047619047619
0.188571428571428
0.190476190476191
0.190476190476191
0.190476190476191
0.182857142857143
Gen 42
0.19047619047619
0.182005521048999
0.190476190476191
0.190476190476191
0.190476190476191
0.156593512767426
Gen 43
0.19047619047619
0.186493506493506
0.190476190476191
0.190476190476191
0.190476190476191
0.174545454545455
Gen 44
0.19047619047619
0.18567977915804
0.190476190476191
0.190476190476191
0.190476190476191
0.171290545203589
Gen 45
0.19047619047619
0.18615596963423
0.190476190476191
0.190476190476191
0.190476190476191
0.173195307108351
Gen 46
0.19047619047619
0.188138528138528
0.190476190476191
0.190476190476191
0.190476190476191
0.181125541125541
Gen 47
0.19047619047619
0.189220779220779
0.190476190476191
0.190476190476191
0.190476190476191
0.185454545454546
Gen 48
0.19047619047619
0.19
0.190476190476191
0.190476190476191
0.190476190476191
0.188571428571429
Gen 49
0.19047619047619
0.186190476190476
0.190476190476191
0.190476190476191
0.190476190476191
0.173333333333333
Gen 50
0.216450216450216
0.18611267959094
0.191515151515152
0.190476190476191
0.190476190476191
0.171983185896229
Gen 51
0.216450216450216
0.18589622937449
0.196709956709957
0.190476190476191
0.190476190476191
0.165922579835623
Gen 52
0.216450216450216
0.192095990965556
0.216450216450216
0.200519480519481
0.190476190476191
0.160938076416337
Gen 53
0.216450216450216
0.203007340485601
0.216450216450216
0.216450216450216
0.216450216450216
0.162678712591756
Gen 54
0.216450216450216
0.204389108476065
0.216450216450216
0.216450216450216
0.216450216450216
0.168205784553611
Gen 55
0.216450216450216
0.207971516406299
0.216450216450216
0.216450216450216
0.216450216450216
0.182535416274547
Gen 56
0.220779220779221
0.212251082251082
0.216623376623377
0.216450216450216
0.216450216450216
0.199480519480519
Gen 57
0.220779220779221
0.204467657945918
0.217835497835498
0.216450216450216
0.216450216450216
0.167134701047745
Gen 58
0.220779220779221
0.215561829474873
0.220779220779221
0.220432900432901
0.216450216450216
0.204584980237154
Gen 59
0.220779220779221
0.213920823138215
0.220779220779221
0.220779220779221
0.220779220779221
0.193345630215195
Gen 60
0.220779220779221
0.217094422485727
0.220779220779221
0.220779220779221
0.220779220779221
0.206040027605245
Gen 61
0.220779220779221
0.220432900432901
0.220779220779221
0.220779220779221
0.220779220779221
0.219393939393939
Gen 62
0.220779220779221
0.215281385281385
0.220779220779221
0.220779220779221
0.220779220779221
0.198787878787879
Gen 63
0.220779220779221
0.21340698914612
0.220779220779221
0.220779220779221
0.220779220779221
0.191290294246816
Gen 64
0.220779220779221
0.216363636363637
0.220779220779221
0.220779220779221
0.220779220779221
0.203116883116883
Gen 65
0.220779220779221
0.216233766233766
0.220779220779221
0.220779220779221
0.220779220779221
0.202597402597403
Gen 66
0.220779220779221
0.217243992722254
0.220779220779221
0.220779220779221
0.220779220779221
0.206638308551352
Gen 67
0.220779220779221
0.21995670995671
0.220779220779221
0.220779220779221
0.220779220779221
0.217489177489178
Gen 68
0.220779220779221
0.211038961038961
0.220779220779221
0.220779220779221
0.220779220779221
0.181818181818182
Gen 69
0.220779220779221
0.216017316017316
0.220779220779221
0.220779220779221
0.220779220779221
0.201731601731602
Gen 70
0.220779220779221
0.213877407616538
0.220779220779221
0.220779220779221
0.220779220779221
0.19317196812849
Gen 71
0.220779220779221
0.211904761904762
0.220779220779221
0.220779220779221
0.220779220779221
0.185281385281385
Gen 72
0.220779220779221
0.217194930673192
0.220779220779221
0.220779220779221
0.220779220779221
0.206442060355104
Gen 73
0.220779220779221
0.213376623376624
0.220779220779221
0.220779220779221
0.220779220779221
0.191168831168831
Gen 74
0.220779220779221
0.212387100821884
0.220779220779221
0.220779220779221
0.220779220779221
0.187210740949871
Gen 75
0.220779220779221
0.212257230692013
0.220779220779221
0.220779220779221
0.220779220779221
0.186691260430391
Gen 76
0.220779220779221
0.22030303030303
0.220779220779221
0.220779220779221
0.220779220779221
0.218874458874459
Gen 77
0.220779220779221
0.21503042850869
0.220779220779221
0.220779220779221
0.220779220779221
0.197784051697095
Gen 78
0.220779220779221
0.216153334588117
0.220779220779221
0.220779220779221
0.220779220779221
0.202275676014807
Gen 79
0.220779220779221
0.212411820063994
0.220779220779221
0.220779220779221
0.220779220779221
0.187309617918314
Gen 80
0.220779220779221
0.213786937699981
0.220779220779221
0.220779220779221
0.220779220779221
0.192810088462262
Gen 81
0.220779220779221
0.215417403852187
0.220779220779221
0.220779220779221
0.220779220779221
0.199331953071084
Gen 82
0.220779220779221
0.217056277056277
0.220779220779221
0.220779220779221
0.220779220779221
0.205887445887446
Gen 83
0.220779220779221
0.211861471861472
0.220779220779221
0.220779220779221
0.220779220779221
0.185108225108225
Gen 84
0.220779220779221
0.208859275989711
0.220779220779221
0.220779220779221
0.220779220779221
0.173099441621181
Gen 85
0.220779220779221
0.213772382207165
0.220779220779221
0.220779220779221
0.220779220779221
0.192751866490997
Gen 86
0.220779220779221
0.207538615973399
0.220779220779221
0.220779220779221
0.220779220779221
0.167816801555932
Gen 87
0.220779220779221
0.213512641947425
0.220779220779221
0.220779220779221
0.220779220779221
0.191712905452036
Gen 88
0.220779220779221
0.211651170085953
0.220779220779221
0.220779220779221
0.220779220779221
0.184267018006149
Gen 89
0.220779220779221
0.211713658322354
0.220779220779221
0.220779220779221
0.220779220779221
0.184516970951754
Gen 90
0.220779220779221
0.213852813852814
0.220779220779221
0.220779220779221
0.220779220779221
0.193073593073593
Gen 91
0.220779220779221
0.211212121212121
0.220779220779221
0.220779220779221
0.220779220779221
0.182510822510823
Gen 92
0.220779220779221
0.208975970889014
0.220779220779221
0.220779220779221
0.220779220779221
0.173566221218395
Gen 93
0.220779220779221
0.208051822573562
0.220779220779221
0.220779220779221
0.220779220779221
0.169869627956585
Gen 94
0.220779220779221
0.215287533722316
0.220779220779221
0.220779220779221
0.220779220779221
0.198812472551603
Gen 95
0.220779220779221
0.210012296881862
0.220779220779221
0.220779220779221
0.220779220779221
0.177711525189786
Gen 96
0.220779220779221
0.210441683919945
0.220779220779221
0.220779220779221
0.220779220779221
0.179429073342117
Gen 97
0.220779220779221
0.217575757575758
0.220779220779221
0.220779220779221
0.220779220779221
0.207965367965368
Gen 98
0.220779220779221
0.216672815107598
0.220779220779221
0.220779220779221
0.220779220779221
0.204353598092729
Gen 99
0.220779220779221
0.211688311688312
0.220779220779221
0.220779220779221
0.220779220779221
0.184415584415584
Gen 100
0.220779220779221
0.216623376623377
0.220779220779221
0.220779220779221
0.220779220779221
0.204155844155844
Gen 101
0.220779220779221
0.216060606060606
0.220779220779221
0.220779220779221
0.220779220779221
0.201904761904762
Gen 102
0.220779220779221
0.206335780161867
0.220779220779221
0.220779220779221
0.220779220779221
0.163005458309806
Gen 103
0.220779220779221
0.217272727272727
0.220779220779221
0.220779220779221
0.220779220779221
0.206753246753247
Gen 104
0.220779220779221
0.217544387979171
0.220779220779221
0.220779220779221
0.220779220779221
0.20783988957902
Gen 105
0.220779220779221
0.21879402722881
0.220779220779221
0.220779220779221
0.220779220779221
0.212838446577577
Gen 106
0.220779220779221
0.216802685237468
0.220779220779221
0.220779220779221
0.220779220779221
0.204873078612209
Gen 107
0.220779220779221
0.211366208670557
0.220779220779221
0.220779220779221
0.220779220779221
0.183127172344564
Gen 108
0.220779220779221
0.210954012171404
0.220779220779221
0.220779220779221
0.220779220779221
0.181478386347952
Gen 109
0.220779220779221
0.215229562707824
0.220779220779221
0.220779220779221
0.220779220779221
0.198580588493632
Gen 110
0.220779220779221
0.216637932116193
0.220779220779221
0.220779220779221
0.220779220779221
0.20421406612711
Gen 111
0.220779220779221
0.212084070518853
0.220779220779221
0.220779220779221
0.220779220779221
0.18599861973775
Gen 112
0.220779220779221
0.215367965367966
0.220779220779221
0.220779220779221
0.220779220779221
0.199134199134199
Gen 113
0.220779220779221
0.211986197377502
0.220779220779221
0.220779220779221
0.220779220779221
0.185607127172345
Gen 114
0.220779220779221
0.218311688311688
0.220779220779221
0.220779220779221
0.220779220779221
0.210909090909091
Gen 115
0.220779220779221
0.22008658008658
0.220779220779221
0.220779220779221
0.220779220779221
0.218008658008658
Gen 116
0.220779220779221
0.209013112491373
0.220779220779221
0.220779220779221
0.220779220779221
0.173714787627831
Gen 117
0.220779220779221
0.216493506493507
0.220779220779221
0.220779220779221
0.220779220779221
0.203636363636364
Gen 118
0.220779220779221
0.214514084948868
0.220779220779221
0.220779220779221
0.220779220779221
0.195718677457808
Gen 119
0.220779220779221
0.216554865424431
0.220779220779221
0.220779220779221
0.220779220779221
0.20388179936006
Gen 120
0.220779220779221
0.216514837819186
0.220779220779221
0.220779220779221
0.220779220779221
0.20372168893908
Gen 121
0.220779220779221
0.212411318150449
0.220779220779221
0.220779220779221
0.220779220779221
0.187307610264132
Gen 122
0.220779220779221
0.218268398268398
0.220779220779221
0.220779220779221
0.220779220779221
0.210735930735931
Gen 123
0.220779220779221
0.213103958843089
0.220779220779221
0.220779220779221
0.220779220779221
0.190078173034695
Gen 124
0.220779220779221
0.216363636363637
0.220779220779221
0.220779220779221
0.220779220779221
0.203116883116883
Gen 125
0.220779220779221
0.213982683982684
0.220779220779221
0.220779220779221
0.220779220779221
0.193593073593074
Gen 126
0.220779220779221
0.215460693895477
0.220779220779221
0.220779220779221
0.220779220779221
0.199505113244244
Gen 127
0.220779220779221
0.206517221908526
0.220779220779221
0.220779220779221
0.220779220779221
0.163731225296443
Gen 128
0.220779220779221
0.211336846728151
0.220779220779221
0.220779220779221
0.220779220779221
0.183009724574942
Gen 129
0.220779220779221
0.216921262312567
0.220779220779221
0.220779220779221
0.220779220779221
0.205347386912604
Gen 130
0.220779220779221
0.22030303030303
0.220779220779221
0.220779220779221
0.220779220779221
0.218874458874459
Gen 131
0.220779220779221
0.214935064935065
0.220779220779221
0.220779220779221
0.220779220779221
0.197402597402598
Gen 132
0.220779220779221
0.216103896103896
0.220779220779221
0.220779220779221
0.220779220779221
0.202077922077922
Gen 133
0.220779220779221
0.212671560323734
0.220779220779221
0.220779220779221
0.220779220779221
0.188348578957275
Gen 134
0.220779220779221
0.207946797164189
0.220779220779221
0.220779220779221
0.220779220779221
0.169449526319092
Gen 135
0.220779220779221
0.214199134199134
0.220779220779221
0.220779220779221
0.220779220779221
0.194458874458875
Gen 136
0.220779220779221
0.20771792458749
0.220779220779221
0.220779220779221
0.220779220779221
0.168534036012297
Gen 137
0.220779220779221
0.212207792207792
0.220779220779221
0.220779220779221
0.220779220779221
0.186493506493507
Gen 138
0.220779220779221
0.211434719869503
0.220779220779221
0.220779220779221
0.220779220779221
0.183401217140348
Gen 139
0.220779220779221
0.216540435410001
0.220779220779221
0.220779220779221
0.220779220779221
0.20382407930234
Gen 140
0.220779220779221
0.211737750172533
0.220779220779221
0.220779220779221
0.220779220779221
0.184613338352469
Gen 141
0.220779220779221
0.215844155844156
0.220779220779221
0.220779220779221
0.220779220779221
0.201038961038961
Gen 142
0.220779220779221
0.217186147186147
0.220779220779221
0.220779220779221
0.220779220779221
0.206406926406926
Gen 143
0.220779220779221
0.213982683982684
0.220779220779221
0.220779220779221
0.220779220779221
0.193593073593074
Gen 144
0.220779220779221
0.210649350649351
0.220779220779221
0.220779220779221
0.220779220779221
0.18025974025974
Gen 145
0.220779220779221
0.211540874584353
0.220779220779221
0.220779220779221
0.220779220779221
0.183825835999749
Gen 1
0.0952380952380952
0.00481548403287534
0.0192619361315014
0
0
0
Gen 2
0.0952380952380952
0.0354051069703243
0.0886580086580086
0.0461820691385909
0.00678035008469791
0
Gen 3
0.0952380952380952
0.0789227680532029
0.0952380952380953
0.094025974025974
0.0832900432900433
0.0431369596586988
Gen 4
0.0952380952380952
0.0913419913419912
0.0952380952380953
0.0952380952380953
0.0952380952380953
0.0796536796536797
Gen 5
0.0952380952380952
0.0947619047619046
0.0952380952380953
0.0952380952380953
0.0952380952380953
0.0933333333333334
Gen 6
0.0952380952380952
0.0929316770186334
0.0952380952380953
0.0952380952380953
0.0952380952380953
0.0860124223602485
Gen 7
0.0952380952380952
0.0942857142857141
0.0952380952380953
0.0952380952380953
0.0952380952380953
0.0914285714285715
Gen 8
0.0952380952380952
0.0943290043290042
0.0952380952380953
0.0952380952380953
0.0952380952380953
0.0916017316017316
Gen 9
0.0952380952380952
0.0947619047619046
0.0952380952380953
0.0952380952380953
0.0952380952380953
0.0933333333333334
Gen 10
0.0952380952380952
0.0948051948051947
0.0952380952380953
0.0952380952380953
0.0952380952380953
0.0935064935064936
Gen 11
0.0952380952380952
0.0933333333333332
0.0952380952380953
0.0952380952380953
0.0952380952380953
0.0876190476190477
Gen 12
0.103381642512077
0.0953195307108349
0.0955638371290546
0.0952380952380953
0.0952380952380953
0.0952380952380953
Gen 13
0.103381642512077
0.0942167011732228
0.0968668046928917
0.0952380952380953
0.0952380952380953
0.0895238095238096
Gen 14
0.103381642512077
0.0975762594893028
0.103381642512077
0.100256728778468
0.0952380952380953
0.0914285714285715
Gen 15
0.108212560386473
0.101616287094548
0.103574879227053
0.103381642512077
0.103381642512077
0.0961269841269841
Gen 16
0.108212560386473
0.103913043478261
0.105507246376812
0.103381642512077
0.103381642512077
0.103381642512077
Gen 17
0.108212560386473
0.104015182884748
0.108212560386473
0.108212560386473
0.104850241545894
0.0947853692201518
Gen 18
0.108212560386473
0.107000690131125
0.108212560386473
0.108212560386473
0.108212560386473
0.103365079365079
Gen 19
0.108212560386473
0.105714034757513
0.108212560386473
0.108212560386473
0.108212560386473
0.0982184578706318
Gen 20
0.138528138528139
0.105356044921262
0.10942518351214
0.108212560386473
0.108212560386473
0.0955738753999624
Gen 21
0.138528138528139
0.109168329255286
0.117241985068072
0.108212560386473
0.108212560386473
0.103006211180124
Gen 22
0.138528138528139
0.119632599284773
0.138528138528139
0.131793462576071
0.108212560386473
0.0999962356484096
Gen 23
0.138528138528139
0.136639312378443
0.138528138528139
0.138528138528139
0.138528138528139
0.130972833929356
Gen 24
0.138528138528139
0.137638998682477
0.138528138528139
0.138528138528139
0.138528138528139
0.134971579145492
Gen 25
0.138528138528139
0.134285588807328
0.138528138528139
0.138528138528139
0.138528138528139
0.121557939644896
Gen 26
0.138528138528139
0.134848484848485
0.138528138528139
0.138528138528139
0.138528138528139
0.123809523809524
Gen 27
0.138528138528139
0.135658196875588
0.138528138528139
0.138528138528139
0.138528138528139
0.127048371917937
Gen 28
0.147186147186147
0.132844344061736
0.138874458874459
0.138528138528139
0.138528138528139
0.115446640316206
Gen 29
0.155844155844156
0.137076980990025
0.141645021645022
0.138528138528139
0.138528138528139
0.129606625258799
Gen 30
0.155844155844156
0.144415584415585
0.152380952380952
0.147186147186147
0.1395670995671
0.138528138528139
Gen 31
0.155844155844156
0.151774891774892
0.155844155844156
0.155844155844156
0.155844155844156
0.1395670995671
Gen 32
0.155844155844156
0.154069264069264
0.155844155844156
0.155844155844156
0.155844155844156
0.148744588744589
Gen 33
0.155844155844156
0.154025974025974
0.155844155844156
0.155844155844156
0.155844155844156
0.148571428571429
Gen 34
0.16017316017316
0.153419913419913
0.156190476190476
0.155844155844156
0.155844155844156
0.145800865800866
Gen 35
0.16017316017316
0.156055461446766
0.158787878787879
0.155844155844156
0.155844155844156
0.153745655310873
Gen 36
0.16017316017316
0.159134199134199
0.16017316017316
0.16017316017316
0.16017316017316
0.156017316017316
Gen 37
0.16017316017316
0.159350649350649
0.16017316017316
0.16017316017316
0.16017316017316
0.156883116883117
Gen 38
0.168831168831169
0.154664408055713
0.16051948051948
0.16017316017316
0.16017316017316
0.137791831357049
Gen 39
0.168831168831169
0.157559445385532
0.164329004329004
0.16017316017316
0.16017316017316
0.145562456866805
Gen 40
0.168831168831169
0.166060606060606
0.168831168831169
0.168831168831169
0.166406926406926
0.16017316017316
Gen 41
0.168831168831169
0.167142857142857
0.168831168831169
0.168831168831169
0.168831168831169
0.162077922077922
Gen 42
0.168831168831169
0.167229437229437
0.168831168831169
0.168831168831169
0.168831168831169
0.162424242424243
Gen 43
0.207792207792208
0.168571428571428
0.170735930735931
0.168831168831169
0.168831168831169
0.165887445887446
Gen 44
0.207792207792208
0.172207792207792
0.182337662337662
0.168831168831169
0.168831168831169
0.168831168831169
Gen 45
0.207792207792208
0.194285714285714
0.207792207792208
0.207792207792208
0.193246753246753
0.168311688311688
Gen 46
0.207792207792208
0.201831608005521
0.207792207792208
0.207792207792208
0.207792207792208
0.183949808645461
Gen 47
0.207792207792208
0.207792207792207
0.207792207792208
0.207792207792208
0.207792207792208
0.207792207792208
Gen 48
0.207792207792208
0.202640692640692
0.207792207792208
0.207792207792208
0.207792207792208
0.187186147186147
Gen 49
0.207792207792208
0.202424242424242
0.207792207792208
0.207792207792208
0.207792207792208
0.186320346320346
Gen 50
0.207792207792208
0.203154275676014
0.207792207792208
0.207792207792208
0.207792207792208
0.189240479327436
Gen 51
0.207792207792208
0.204588744588744
0.207792207792208
0.207792207792208
0.207792207792208
0.194978354978355
Gen 52
0.207792207792208
0.195330823765606
0.207792207792208
0.207792207792208
0.207792207792208
0.157946671685802
Gen 53
0.207792207792208
0.203982683982684
0.207792207792208
0.207792207792208
0.207792207792208
0.192554112554113
Gen 54
0.207792207792208
0.202727272727272
0.207792207792208
0.207792207792208
0.207792207792208
0.187532467532468
Gen 55
0.207792207792208
0.204025974025974
0.207792207792208
0.207792207792208
0.207792207792208
0.192727272727273
Gen 56
0.207792207792208
0.200805069326808
0.207792207792208
0.207792207792208
0.207792207792208
0.17984365393061
Gen 57
0.207792207792208
0.203809523809523
0.207792207792208
0.207792207792208
0.207792207792208
0.191861471861472
Gen 58
0.207792207792208
0.200025848547587
0.207792207792208
0.207792207792208
0.207792207792208
0.176726770813727
Gen 59
0.207792207792208
0.19993813915553
0.207792207792208
0.207792207792208
0.207792207792208
0.176375933245498
Gen 60
0.207792207792208
0.201212121212121
0.207792207792208
0.207792207792208
0.207792207792208
0.181471861471862
Gen 61
0.207792207792208
0.205454545454545
0.207792207792208
0.207792207792208
0.207792207792208
0.198441558441558
Gen 62
0.207792207792208
0.20309944162118
0.207792207792208
0.207792207792208
0.207792207792208
0.1890211431081
Gen 63
0.207792207792208
0.201194679716419
0.207792207792208
0.207792207792208
0.207792207792208
0.181402095489052
Gen 64
0.207792207792208
0.200824267519919
0.207792207792208
0.207792207792208
0.207792207792208
0.179920446703055
Gen 65
0.207792207792208
0.199115628333019
0.207792207792208
0.207792207792208
0.207792207792208
0.173085889955455
Gen 66
0.207792207792208
0.203246753246753
0.207792207792208
0.207792207792208
0.207792207792208
0.18961038961039
Gen 67
0.207792207792208
0.206839826839826
0.207792207792208
0.207792207792208
0.207792207792208
0.203982683982684
Gen 68
0.207792207792208
0.204112554112554
0.207792207792208
0.207792207792208
0.207792207792208
0.193073593073593
Gen 69
0.207792207792208
0.200779220779221
0.207792207792208
0.207792207792208
0.207792207792208
0.17974025974026
Gen 70
0.207792207792208
0.203976786498525
0.207792207792208
0.207792207792208
0.207792207792208
0.192530522617479
Gen 71
0.207792207792208
0.202271033314511
0.207792207792208
0.207792207792208
0.207792207792208
0.185707509881423
Gen 72
0.207792207792208
0.205307233828973
0.207792207792208
0.207792207792208
0.207792207792208
0.197852311939269
Gen 73
0.207792207792208
0.205714285714285
0.207792207792208
0.207792207792208
0.207792207792208
0.19948051948052
Gen 74
0.207792207792208
0.204848484848485
0.207792207792208
0.207792207792208
0.207792207792208
0.196017316017316
Gen 75
0.207792207792208
0.206580086580086
0.207792207792208
0.207792207792208
0.207792207792208
0.202943722943723
Gen 76
0.207792207792208
0.204199134199134
0.207792207792208
0.207792207792208
0.207792207792208
0.193419913419913
Gen 77
0.207792207792208
0.203765982809461
0.207792207792208
0.207792207792208
0.207792207792208
0.191687307861221
Gen 78
0.207792207792208
0.207748917748917
0.207792207792208
0.207792207792208
0.207792207792208
0.207619047619048
Gen 79
0.207792207792208
0.201584290106029
0.207792207792208
0.207792207792208
0.207792207792208
0.182960537047494
Gen 80
0.207792207792208
0.201726457117761
0.207792207792208
0.207792207792208
0.207792207792208
0.183529205094423
Gen 81
0.207792207792208
0.201627580149319
0.207792207792208
0.207792207792208
0.207792207792208
0.183133697220654
Gen 82
0.207792207792208
0.206623376623376
0.207792207792208
0.207792207792208
0.207792207792208
0.203116883116883
Gen 83
0.207792207792208
0.200050065876153
0.207792207792208
0.207792207792208
0.207792207792208
0.176823640127988
Gen 84
0.207792207792208
0.203779659953573
0.207792207792208
0.207792207792208
0.207792207792208
0.191742016437669
Gen 85
0.207792207792208
0.204224982746722
0.207792207792208
0.207792207792208
0.207792207792208
0.193523307610264
Gen 86
0.207792207792208
0.206363636363636
0.207792207792208
0.207792207792208
0.207792207792208
0.202077922077922
Gen 87
0.207792207792208
0.205324675324675
0.207792207792208
0.207792207792208
0.207792207792208
0.197922077922078
Gen 88
0.207792207792208
0.202251082251082
0.207792207792208
0.207792207792208
0.207792207792208
0.185627705627706
Gen 89
0.207792207792208
0.20253667105841
0.207792207792208
0.207792207792208
0.207792207792208
0.186770060857017
Gen 90
0.207792207792208
0.201948051948052
0.207792207792208
0.207792207792208
0.207792207792208
0.184415584415584
Gen 91
0.207792207792208
0.200995670995671
0.207792207792208
0.207792207792208
0.207792207792208
0.180606060606061
Gen 92
0.207792207792208
0.203186021707761
0.207792207792208
0.207792207792208
0.207792207792208
0.18936746345442
Gen 93
0.207792207792208
0.206320346320346
0.207792207792208
0.207792207792208
0.207792207792208
0.201904761904762
Gen 94
0.207792207792208
0.204372294372294
0.207792207792208
0.207792207792208
0.207792207792208
0.194112554112554
