Gen 1
0.0821114369501466
0.00607038123167155
0.0242815249266862
0
0
0
Gen 2
0.0821114369501466
0.0378758128267244
0.0777712609970674
0.0533724340175953
0.0203595562922351
0
Gen 3
0.387096774193548
0.0766607165625398
0.0945607548132092
0.0821114369501466
0.0792961876832844
0.050674486803519
Gen 4
0.387096774193548
0.0956547239576693
0.161264822134387
0.0838454672956776
0.0821114369501466
0.0553971694504654
Gen 5
0.387096774193548
0.200947341578477
0.387096774193548
0.268810404182073
0.08835904628331
0.0595231416549789
Gen 6
0.387096774193548
0.367170725487696
0.387096774193548
0.387096774193548
0.387096774193548
0.307392579370139
Gen 7
0.387096774193548
0.379824046920821
0.387096774193548
0.387096774193548
0.387096774193548
0.358005865102639
Gen 8
0.61851332398317
0.386194058396022
0.405268392196863
0.387096774193548
0.387096774193548
0.365314293000127
Gen 9
0.61851332398317
0.438231544052022
0.606181308172893
0.387096774193548
0.387096774193548
0.372551319648094
Gen 10
0.61851332398317
0.580590335330869
0.618513323983169
0.618513323983169
0.618513323983169
0.466821369373964
Gen 11
0.61851332398317
0.612328190743339
0.618513323983169
0.618513323983169
0.618513323983169
0.593772791023843
Gen 12
0.61851332398317
0.612328190743339
0.618513323983169
0.618513323983169
0.618513323983169
0.593772791023843
Gen 13
0.61851332398317
0.616199158485275
0.618513323983169
0.618513323983169
0.618513323983169
0.609256661991585
Gen 14
0.629733520336606
0.60600280504909
0.618962131837307
0.618513323983169
0.618513323983169
0.568022440392707
Gen 15
0.629733520336606
0.601977559607294
0.625245441795231
0.618513323983169
0.618513323983169
0.545638148667602
Gen 16
0.629733520336606
0.626816269284714
0.629733520336606
0.629733520336606
0.629284712482468
0.618513323983169
Gen 17
0.629733520336606
0.607349228611502
0.629733520336606
0.629733520336606
0.629733520336606
0.540196353436185
Gen 18
0.674614305750351
0.614712482468444
0.63242636746143
0.629733520336606
0.629733520336606
0.56695652173913
Gen 19
0.674614305750351
0.615301542777
0.647685834502104
0.629733520336606
0.629733520336606
0.554053295932679
Gen 20
0.681626928471248
0.650897615708275
0.673997194950912
0.652173913043478
0.647685834502104
0.629733520336606
Gen 21
0.821879382889201
0.652204513578988
0.682748948106592
0.674614305750351
0.674614305750351
0.576840494708658
Gen 22
0.821879382889201
0.681977559607295
0.704067321178121
0.681626928471248
0.674614305750351
0.667601683029453
Gen 23
0.851332398316971
0.72059161035318
0.823057503506311
0.750350631136045
0.681626928471248
0.62733137829912
Gen 24
0.851332398316971
0.805395894428153
0.837194950911641
0.8218793828892
0.8218793828892
0.740629861022568
Gen 25
0.851332398316971
0.823702664796635
0.85133239831697
0.85133239831697
0.83601683029453
0.756129032258064
Gen 26
0.851332398316971
0.83914446002805
0.85133239831697
0.85133239831697
0.85133239831697
0.80258064516129
Gen 27
0.870967741935484
0.809079433890093
0.852117812061711
0.85133239831697
0.85133239831697
0.68153512686472
Gen 28
0.880785413744741
0.844824684431977
0.867433380084151
0.85133239831697
0.85133239831697
0.809200561009817
Gen 29
0.880785413744741
0.84098431722555
0.872931276297335
0.870967741935484
0.870967741935484
0.749070508733903
Gen 30
0.880785413744741
0.857739385439245
0.88078541374474
0.876858345021038
0.870967741935484
0.802346041055719
Gen 31
0.880785413744741
0.851371924008671
0.88078541374474
0.88078541374474
0.88078541374474
0.763131454800459
Gen 32
0.910238429172511
0.854939436440138
0.882861150070126
0.88078541374474
0.88078541374474
0.775325768200943
Gen 33
0.910238429172511
0.878263419609844
0.906199158485273
0.88078541374474
0.88078541374474
0.845283692464618
Gen 34
0.910238429172511
0.884630881040419
0.91023842917251
0.91023842917251
0.909677419354838
0.808369246461813
Gen 35
0.921458625525947
0.883030728037739
0.910687237026648
0.91023842917251
0.91023842917251
0.800958816779294
Gen 36
0.921458625525947
0.910462833099578
0.917868162692847
0.91023842917251
0.91023842917251
0.903506311360449
Gen 37
0.921458625525947
0.905778401122018
0.921458625525947
0.921458625525947
0.916970546984572
0.863225806451613
Gen 38
0.921458625525947
0.903029453015426
0.921458625525947
0.921458625525947
0.921458625525947
0.847741935483871
Gen 39
0.921458625525947
0.903205406094605
0.921458625525947
0.921458625525947
0.921458625525947
0.848445747800587
Gen 40
0.927068723702665
0.912240214203747
0.921683029453016
0.921458625525947
0.921458625525947
0.884360576310085
Gen 41
0.927068723702665
0.894823409409663
0.923029453015428
0.921458625525947
0.921458625525947
0.813346933571338
Gen 42
0.927068723702665
0.906066556164732
0.927068723702665
0.927068723702665
0.921683029453016
0.848445747800587
Gen 43
0.927068723702665
0.90870330230779
0.927068723702665
0.927068723702665
0.927068723702665
0.853607038123167
Gen 44
0.927068723702665
0.908373071528752
0.927068723702665
0.927068723702665
0.927068723702665
0.852286115007012
Gen 45
0.927068723702665
0.908134642356241
0.927068723702665
0.927068723702665
0.927068723702665
0.85133239831697
Gen 46
0.931276297335203
0.887973989544817
0.927237026647966
0.927068723702665
0.927068723702665
0.770521484125972
Gen 47
0.931276297335203
0.91765778401122
0.928078541374474
0.927068723702665
0.927068723702665
0.888415147265077
Gen 48
0.931276297335203
0.906279484890985
0.931276297335203
0.929256661991585
0.927068723702665
0.837516256534489
Gen 49
0.931276297335203
0.921402524544179
0.931276297335203
0.931276297335203
0.931276297335203
0.891781206171108
Gen 50
0.935483870967742
0.912622720897615
0.931444600280505
0.931276297335203
0.931276297335203
0.856493688639551
Gen 51
0.935483870967742
0.901150070126226
0.933464235624123
0.931276297335203
0.931276297335203
0.808583450210379
Gen 52
0.935483870967742
0.904067321178121
0.935483870967741
0.935483870967741
0.934642356241234
0.810659186535764
Gen 53
0.935483870967742
0.897769985974755
0.935483870967741
0.935483870967741
0.935483870967741
0.784628330995792
Gen 54
0.935483870967742
0.90217008797654
0.935483870967741
0.935483870967741
0.935483870967741
0.802228739002932
Gen 55
0.935483870967742
0.926129032258065
0.935483870967741
0.935483870967741
0.935483870967741
0.898064516129032
Gen 56
0.935483870967742
0.924692082111438
0.935483870967741
0.935483870967741
0.935483870967741
0.892316715542522
Gen 57
0.935483870967742
0.883225806451614
0.935483870967741
0.935483870967741
0.935483870967741
0.726451612903226
Gen 58
0.935483870967742
0.862082111436951
0.935483870967741
0.935483870967741
0.935483870967741
0.641876832844575
Gen 59
0.935483870967742
0.915833227081475
0.935483870967741
0.935483870967741
0.935483870967741
0.856881295422669
Gen 60
0.935483870967742
0.897741935483872
0.935483870967741
0.935483870967741
0.935483870967741
0.784516129032258
Gen 61
0.935483870967742
0.868445747800587
0.935483870967741
0.935483870967741
0.935483870967741
0.66733137829912
Gen 62
0.935483870967742
0.907419354838711
0.935483870967741
0.935483870967741
0.935483870967741
0.823225806451612
Gen 63
0.935483870967742
0.911964809384165
0.935483870967741
0.935483870967741
0.935483870967741
0.841407624633431
Gen 64
0.967741935483871
0.917741935483872
0.936774193548387
0.935483870967741
0.935483870967741
0.863225806451612
Gen 65
0.967741935483871
0.934193548387098
0.947096774193548
0.935483870967741
0.935483870967741
0.918709677419354
Gen 66
0.967741935483871
0.937419354838711
0.967741935483872
0.967741935483872
0.953548387096774
0.860645161290322
Gen 67
0.967741935483871
0.92741935483871
0.967741935483872
0.967741935483872
0.967741935483872
0.806451612903226
Gen 68
0.967741935483871
0.953548387096775
0.967741935483872
0.967741935483872
0.967741935483872
0.910967741935484
Gen 69
0.967741935483871
0.948387096774194
0.967741935483872
0.967741935483872
0.967741935483872
0.890322580645162
Gen 70
0.967741935483871
0.87897615708275
0.967741935483872
0.967741935483872
0.967741935483872
0.612678821879383
Gen 71
0.967741935483871
0.919533341833483
0.967741935483872
0.967741935483872
0.967741935483872
0.774907560882316
Gen 72
0.967741935483871
0.956451612903227
0.967741935483872
0.967741935483872
0.967741935483872
0.922580645161291
Gen 73
0.967741935483871
0.919354838709678
0.967741935483872
0.967741935483872
0.967741935483872
0.774193548387097
Gen 74
0.967741935483871
0.951935483870968
0.967741935483872
0.967741935483872
0.967741935483872
0.904516129032259
Gen 75
0.967741935483871
0.948387096774194
0.967741935483872
0.967741935483872
0.967741935483872
0.890322580645162
Gen 76
0.967741935483871
0.963225806451614
0.967741935483872
0.967741935483872
0.967741935483872
0.949677419354839
Gen 77
0.967741935483871
0.925395894428153
0.967741935483872
0.967741935483872
0.967741935483872
0.798357771260998
Gen 78
0.967741935483871
0.929354838709678
0.967741935483872
0.967741935483872
0.967741935483872
0.814193548387097
Gen 79
0.967741935483871
0.958064516129033
0.967741935483872
0.967741935483872
0.967741935483872
0.929032258064517
Gen 80
0.967741935483871
0.947067448680353
0.967741935483872
0.967741935483872
0.967741935483872
0.885043988269795
Gen 81
0.967741935483871
0.948387096774194
0.967741935483872
0.967741935483872
0.967741935483872
0.890322580645162
Gen 82
0.967741935483871
0.956115007012624
0.967741935483872
0.967741935483872
0.967741935483872
0.921234221598878
Gen 83
0.967741935483871
0.948709677419356
0.967741935483872
0.967741935483872
0.967741935483872
0.891612903225807
Gen 84
0.967741935483871
0.956718092566621
0.967741935483872
0.967741935483872
0.967741935483872
0.923646563814867
Gen 85
0.967741935483871
0.958064516129033
0.967741935483872
0.967741935483872
0.967741935483872
0.929032258064517
Gen 86
0.967741935483871
0.891847507331379
0.967741935483872
0.967741935483872
0.967741935483872
0.664164222873901
Gen 87
0.967741935483871
0.948387096774194
0.967741935483872
0.967741935483872
0.967741935483872
0.890322580645162
Gen 88
0.967741935483871
0.967741935483872
0.967741935483872
0.967741935483872
0.967741935483872
0.967741935483872
Gen 89
0.967741935483871
0.948387096774194
0.967741935483872
0.967741935483872
0.967741935483872
0.890322580645162
Gen 90
0.967741935483871
0.967685834502105
0.967741935483872
0.967741935483872
0.967741935483872
0.967517531556803
Gen 91
0.967741935483871
0.927671809256663
0.967741935483872
0.967741935483872
0.967741935483872
0.807461430575036
Gen 92
0.967741935483871
0.957741935483872
0.967741935483872
0.967741935483872
0.967741935483872
0.927741935483871
Gen 93
0.967741935483871
0.91483870967742
0.967741935483872
0.967741935483872
0.967741935483872
0.756129032258065
Gen 94
0.967741935483871
0.938709677419356
0.967741935483872
0.967741935483872
0.967741935483872
0.851612903225807
Gen 95
0.967741935483871
0.958064516129033
0.967741935483872
0.967741935483872
0.967741935483872
0.929032258064517
Gen 96
0.967741935483871
0.953548387096775
0.967741935483872
0.967741935483872
0.967741935483872
0.910967741935484
Gen 97
0.967741935483871
0.958064516129033
0.967741935483872
0.967741935483872
0.967741935483872
0.929032258064517
Gen 98
0.967741935483871
0.939648093841643
0.967741935483872
0.967741935483872
0.967741935483872
0.855366568914957
Gen 99
0.967741935483871
0.941801606528115
0.967741935483872
0.967741935483872
0.967741935483872
0.863980619660845
Gen 100
0.967741935483871
0.948211143695015
0.967741935483872
0.967741935483872
0.967741935483872
0.889618768328446
Gen 101
0.967741935483871
0.939178885630499
0.967741935483872
0.967741935483872
0.967741935483872
0.853489736070382
Gen 102
0.967741935483871
0.965483870967743
0.967741935483872
0.967741935483872
0.967741935483872
0.958709677419355
Gen 103
0.967741935483871
0.964105571847508
0.967741935483872
0.967741935483872
0.967741935483872
0.953196480938417
Gen 104
0.967741935483871
0.967741935483872
0.967741935483872
0.967741935483872
0.967741935483872
0.967741935483872
Gen 105
0.967741935483871
0.92225806451613
0.967741935483872
0.967741935483872
0.967741935483872
0.785806451612904
Gen 106
0.967741935483871
0.948330995792427
0.967741935483872
0.967741935483872
0.967741935483872
0.890098176718093
Gen 107
0.967741935483871
0.922082111436951
0.967741935483872
0.967741935483872
0.967741935483872
0.785102639296188
Gen 108
0.967741935483871
0.946718092566621
0.967741935483872
0.967741935483872
0.967741935483872
0.883646563814867
Gen 109
0.967741935483871
0.938064516129033
0.967741935483872
0.967741935483872
0.967741935483872
0.849032258064517
Gen 110
0.967741935483871
0.958064516129033
0.967741935483872
0.967741935483872
0.967741935483872
0.929032258064517
Gen 111
0.967741935483871
0.929032258064517
0.967741935483872
0.967741935483872
0.967741935483872
0.812903225806452
Gen 112
0.967741935483871
0.925395894428153
0.967741935483872
0.967741935483872
0.967741935483872
0.798357771260998
Gen 113
0.967741935483871
0.958064516129033
0.967741935483872
0.967741935483872
0.967741935483872
0.929032258064517
Gen 114
0.967741935483871
0.948106591865358
0.967741935483872
0.967741935483872
0.967741935483872
0.889200561009818
Gen 115
0.967741935483871
0.967741935483872
0.967741935483872
0.967741935483872
0.967741935483872
0.967741935483872
