Gen 1
0.0216450216450216
1E-10
1E-10
1E-10
1E-10
1E-10
1E-10
1E-10
1E-10
1E-10
1E-10
1E-10
1E-10
1E-10
1E-10
1E-10
1E-10
1E-10
1E-10
1E-10
Gen 2
0.0779220779220779
0.0432900432900433
0.0432900432900433
0.0216450216450216
1E-10
1E-10
1E-10
1E-10
1E-10
1E-10
1E-10
1E-10
1E-10
1E-10
1E-10
1E-10
1E-10
1E-10
1E-10
1E-10
Gen 3
0.0909090909090909
0.0779220779220779
0.0779220779220779
0.0779220779220779
0.051948051948052
0.0476190476190476
0.0432900432900433
0.0432900432900433
0.0432900432900433
1E-10
1E-10
1E-10
1E-10
1E-10
1E-10
1E-10
1E-10
1E-10
1E-10
1E-10
Gen 4
0.0909090909090909
0.0909090909090909
0.0779220779220779
0.0779220779220779
0.0779220779220779
0.051948051948052
0.0476190476190476
0.0476190476190476
0.0444444444444444
0.0432900432900433
0.0432900432900433
0.0432900432900433
0.0216450216450216
1E-10
1E-10
1E-10
1E-10
1E-10
1E-10
1E-10
Gen 5
0.0909090909090909
0.0909090909090909
0.0909090909090909
0.0779220779220779
0.0779220779220779
0.0779220779220779
0.051948051948052
0.0476190476190476
0.0476190476190476
0.0432900432900433
0.0432900432900433
0.0216450216450216
0.0216450216450216
1E-10
1E-10
1E-10
1E-10
1E-10
1E-10
1E-10
Gen 6
0.0909090909090909
0.0909090909090909
0.0909090909090909
0.0909090909090909
0.0909090909090909
0.0779220779220779
0.0779220779220779
0.0779220779220779
0.0779220779220779
0.0779220779220779
0.0476190476190476
0.0476190476190476
0.0444444444444444
1E-10
1E-10
1E-10
1E-10
1E-10
1E-10
1E-10
Gen 7
0.0909090909090909
0.0909090909090909
0.0909090909090909
0.0909090909090909
0.0909090909090909
0.0909090909090909
0.0909090909090909
0.0779220779220779
0.0779220779220779
0.0779220779220779
0.0562770562770563
0.0476190476190476
0.0476190476190476
0.0216450216450216
0.0216450216450216
0.012987012987013
1E-10
1E-10
1E-10
1E-10
Gen 8
0.0909090909090909
0.0909090909090909
0.0909090909090909
0.0909090909090909
0.0909090909090909
0.0909090909090909
0.0909090909090909
0.0909090909090909
0.0909090909090909
0.0909090909090909
0.0779220779220779
0.0779220779220779
0.0476190476190476
0.0303030303030303
0.0216450216450216
0.0216450216450216
1E-10
1E-10
1E-10
1E-10
Gen 9
0.0909090909090909
0.0909090909090909
0.0909090909090909
0.0909090909090909
0.0909090909090909
0.0909090909090909
0.0909090909090909
0.0909090909090909
0.0909090909090909
0.0909090909090909
0.0779220779220779
0.0779220779220779
0.0779220779220779
0.0347826086956522
0.0216450216450216
0.0173160173160173
1E-10
1E-10
1E-10
1E-10
Gen 10
0.0909090909090909
0.0909090909090909
0.0909090909090909
0.0909090909090909
0.0909090909090909
0.0909090909090909
0.0909090909090909
0.0909090909090909
0.0909090909090909
0.0779220779220779
0.0779220779220779
0.0779220779220779
0.072463768115942
0.051948051948052
0.0476190476190476
0.0347826086956522
1E-10
1E-10
1E-10
1E-10
Gen 11
0.0909090909090909
0.0909090909090909
0.0909090909090909
0.0909090909090909
0.0909090909090909
0.0909090909090909
0.0909090909090909
0.0909090909090909
0.0909090909090909
0.0909090909090909
0.0909090909090909
0.0779220779220779
0.0779220779220779
0.072463768115942
0.051948051948052
0.00289855072463768
1E-10
1E-10
1E-10
1E-10
Gen 12
0.0909090909090909
0.0909090909090909
0.0909090909090909
0.0909090909090909
0.0909090909090909
0.0909090909090909
0.0909090909090909
0.0909090909090909
0.0909090909090909
0.0909090909090909
0.0909090909090909
0.0909090909090909
0.0779220779220779
0.051948051948052
1E-10
1E-10
1E-10
1E-10
1E-10
1E-10
Gen 13
0.0909090909090909
0.0909090909090909
0.0909090909090909
0.0909090909090909
0.0909090909090909
0.0909090909090909
0.0909090909090909
0.0909090909090909
0.0909090909090909
0.0909090909090909
0.0909090909090909
0.0909090909090909
0.0909090909090909
0.0579710144927536
0.051948051948052
1E-10
1E-10
1E-10
1E-10
1E-10
Gen 14
0.0909090909090909
0.0909090909090909
0.0909090909090909
0.0909090909090909
0.0909090909090909
0.0909090909090909
0.0909090909090909
0.0909090909090909
0.0909090909090909
0.0909090909090909
0.0909090909090909
0.0909090909090909
0.0579710144927536
0.0521739130434783
0.051948051948052
0.0432900432900433
1E-10
1E-10
1E-10
1E-10
Gen 15
0.0952380952380952
0.0909090909090909
0.0909090909090909
0.0909090909090909
0.0909090909090909
0.0909090909090909
0.0909090909090909
0.0909090909090909
0.0909090909090909
0.0909090909090909
0.0909090909090909
0.0865800865800866
0.0579710144927536
0.0562770562770563
0.0521739130434783
0.0289855072463768
0.0173160173160173
1E-10
1E-10
1E-10
Gen 16
0.0952380952380952
0.0909090909090909
0.0909090909090909
0.0909090909090909
0.0909090909090909
0.0909090909090909
0.0909090909090909
0.0909090909090909
0.0909090909090909
0.0909090909090909
0.0909090909090909
0.0865800865800866
0.0695652173913043
0.0579710144927536
0.0562770562770563
0.029951690821256
0.00289855072463768
1E-10
1E-10
1E-10
Gen 17
0.0952380952380952
0.0909090909090909
0.0909090909090909
0.0909090909090909
0.0909090909090909
0.0909090909090909
0.0909090909090909
0.0909090909090909
0.0909090909090909
0.0909090909090909
0.0909090909090909
0.0909090909090909
0.0909090909090909
0.00289855072463768
1E-10
1E-10
1E-10
1E-10
1E-10
1E-10
Gen 18
0.0952380952380952
0.0909090909090909
0.0909090909090909
0.0909090909090909
0.0909090909090909
0.0909090909090909
0.0909090909090909
0.0909090909090909
0.0909090909090909
0.0822510822510823
0.0289855072463768
1E-10
1E-10
1E-10
1E-10
1E-10
1E-10
1E-10
1E-10
1E-10
Gen 19
0.0952380952380952
0.0952380952380952
0.0909090909090909
0.0909090909090909
0.0909090909090909
0.0909090909090909
0.0909090909090909
0.0909090909090909
0.0909090909090909
0.0909090909090909
0.038961038961039
0.0289855072463768
1E-10
1E-10
1E-10
1E-10
1E-10
1E-10
1E-10
1E-10
Gen 20
0.108225108225108
0.0952380952380952
0.0952380952380952
0.0952380952380952
0.0909090909090909
0.0909090909090909
0.0909090909090909
0.0909090909090909
0.0909090909090909
0.0909090909090909
0.0909090909090909
0.0909090909090909
0.0909090909090909
0.0909090909090909
0.0432900432900433
1E-10
1E-10
1E-10
1E-10
1E-10
Gen 21
0.147186147186147
0.108225108225108
0.0952380952380952
0.0952380952380952
0.0952380952380952
0.0952380952380952
0.0909090909090909
0.0909090909090909
0.0909090909090909
0.0909090909090909
0.0909090909090909
0.0909090909090909
0.0909090909090909
0.0909090909090909
0.0579710144927536
0.0432900432900433
1E-10
1E-10
1E-10
1E-10
Gen 22
0.147186147186147
0.108225108225108
0.0952380952380952
0.0952380952380952
0.0952380952380952
0.0909090909090909
0.0909090909090909
0.0909090909090909
0.0909090909090909
0.0909090909090909
0.0909090909090909
0.0909090909090909
0.0579710144927536
0.025974025974026
1E-10
1E-10
1E-10
1E-10
1E-10
1E-10
Gen 23
0.147186147186147
0.147186147186147
0.108225108225108
0.108225108225108
0.0952380952380952
0.0952380952380952
0.0952380952380952
0.0909090909090909
0.0909090909090909
0.0909090909090909
0.0909090909090909
0.0909090909090909
0.0735930735930736
0.0579710144927536
1E-10
1E-10
1E-10
1E-10
1E-10
1E-10
Gen 24
0.147186147186147
0.147186147186147
0.147186147186147
0.125541125541126
0.108225108225108
0.108225108225108
0.108225108225108
0.0952380952380952
0.0952380952380952
0.0952380952380952
0.0952380952380952
0.0909090909090909
0.0909090909090909
0.00966183574879227
1E-10
1E-10
1E-10
1E-10
1E-10
1E-10
Gen 25
0.147186147186147
0.147186147186147
0.147186147186147
0.147186147186147
0.147186147186147
0.147186147186147
0.125541125541126
0.125541125541126
0.108225108225108
0.108225108225108
0.108225108225108
0.0995670995670996
0.0952380952380952
0.0952380952380952
0.0909090909090909
0.0909090909090909
0.00966183574879227
1E-10
1E-10
1E-10
Gen 26
0.147186147186147
0.147186147186147
0.147186147186147
0.147186147186147
0.147186147186147
0.147186147186147
0.125541125541126
0.125541125541126
0.108225108225108
0.108225108225108
0.108225108225108
0.0952380952380952
0.0909090909090909
0.0909090909090909
0.0909090909090909
1E-10
1E-10
1E-10
1E-10
1E-10
Gen 27
0.147186147186147
0.147186147186147
0.147186147186147
0.147186147186147
0.147186147186147
0.147186147186147
0.147186147186147
0.147186147186147
0.125541125541126
0.125541125541126
0.125541125541126
0.108225108225108
0.108225108225108
0.108225108225108
0.0476190476190476
1E-10
1E-10
1E-10
1E-10
1E-10
Gen 28
0.147186147186147
0.147186147186147
0.147186147186147
0.147186147186147
0.147186147186147
0.147186147186147
0.125541125541126
0.125541125541126
0.125541125541126
0.108225108225108
0.108225108225108
0.108225108225108
0.108225108225108
0.108225108225108
0.0476190476190476
1E-10
1E-10
1E-10
1E-10
1E-10
Gen 29
0.147186147186147
0.147186147186147
0.147186147186147
0.147186147186147
0.147186147186147
0.147186147186147
0.147186147186147
0.147186147186147
0.147186147186147
0.147186147186147
0.125541125541126
0.125541125541126
0.108225108225108
0.108225108225108
0.108225108225108
0.0865800865800866
1E-10
1E-10
1E-10
1E-10
Gen 30
0.147186147186147
0.147186147186147
0.147186147186147
0.147186147186147
0.147186147186147
0.147186147186147
0.147186147186147
0.125541125541126
0.125541125541126
0.125541125541126
0.125541125541126
0.125541125541126
0.108225108225108
0.108225108225108
0.0476190476190476
1E-10
1E-10
1E-10
1E-10
1E-10
