Gen 1
0.0216450216450216
0.00108225117725108
0.00432900440900433
1E-10
1E-10
1E-10
Gen 2
0.0779220779220779
0.00930735938735931
0.0372294372494372
1E-10
1E-10
1E-10
Gen 3
0.0909090909090909
0.0277056277606277
0.0753246753246753
0.0354978355178355
1E-10
1E-10
Gen 4
0.0909090909090909
0.0379365079715079
0.0831168831168831
0.046984126984127
0.0216450216850216
1E-10
Gen 5
0.0909090909090909
0.0391774892124892
0.0857142857142857
0.0536796536796537
0.0173160173560173
1E-10
Gen 6
0.0909090909090909
0.0491919192269192
0.0909090909090909
0.0779220779220779
0.0279365079765079
1E-10
Gen 7
0.0909090909090909
0.0538961039161039
0.0909090909090909
0.0831168831168831
0.038961038961039
0.0025974026774026
Gen 8
0.0909090909090909
0.0593073593273593
0.0909090909090909
0.0909090909090909
0.0510822510822511
0.00432900440900433
Gen 9
0.0909090909090909
0.0608300395456917
0.0909090909090909
0.0909090909090909
0.0580387728213815
0.00346320354320346
Gen 10
0.0909090909090909
0.0629380764363373
0.0909090909090909
0.0883116883116883
0.0655750047054395
0.00695652181913044
Gen 11
0.0909090909090909
0.0641577263516394
0.0909090909090909
0.0909090909090909
0.0742330133634481
0.000579710224927536
Gen 12
0.0909090909090909
0.061038961068961
0.0909090909090909
0.0909090909090909
0.0623376623576623
1E-10
Gen 13
0.0909090909090909
0.0645868624379494
0.0909090909090909
0.0909090909090909
0.0765292678336157
1E-10
Gen 14
0.0909090909090909
0.0648146057041709
0.0909090909090909
0.0909090909090909
0.0687822322604931
0.00865800873800866
Gen 15
0.0952380952380952
0.0651816299792387
0.0917748917748918
0.0909090909090909
0.0687822322604931
0.00926030497247883
Gen 16
0.0952380952380952
0.065378631045805
0.0917748917748918
0.0909090909090909
0.0722604931300583
0.00657004836917875
Gen 17
0.0952380952380952
0.0594522868735912
0.0917748917748918
0.0909090909090909
0.0551251647103821
1E-10
Gen 18
0.0952380952380952
0.0466873706454141
0.0917748917748918
0.0891774891774892
0.00579710152927536
1E-10
Gen 19
0.0952380952380952
0.0492847732378167
0.0926406926406927
0.0909090909090909
0.0135893093014832
1E-10
Gen 20
0.108225108225108
0.0673160173410173
0.096969696969697
0.0909090909090909
0.0813852813852814
1E-10
Gen 21
0.147186147186147
0.073244871090958
0.108225108225108
0.0917748917748918
0.0843214756258235
0.00865800873800866
Gen 22
0.147186147186147
0.0630717109277979
0.108225108225108
0.0909090909090909
0.0531526444769923
1E-10
Gen 23
0.147186147186147
0.0691323169884039
0.121212121212121
0.0926406926406927
0.0626764540008018
1E-10
Gen 24
0.147186147186147
0.0732103645447123
0.135064935064935
0.1004329004329
0.0573436225810139
1E-10
Gen 25
0.147186147186147
0.0970198883392362
0.147186147186147
0.122943722943723
0.0978354978354978
0.0201141853915766
Gen 26
0.147186147186147
0.0913419913669914
0.147186147186147
0.122943722943723
0.0952380952380953
1E-10
Gen 27
0.147186147186147
0.0963203463453463
0.147186147186147
0.138528138528139
0.0995670995670996
1E-10
Gen 28
0.147186147186147
0.0924242424492424
0.147186147186147
0.126406926406926
0.0961038961038961
1E-10
Gen 29
0.147186147186147
0.106709956729957
0.147186147186147
0.147186147186147
0.115151515151515
0.0173160173960173
Gen 30
0.147186147186147
0.0961038961288961
0.147186147186147
0.134199134199134
0.103030303030303
1E-10
