Gen 1
0.0879765395894428
0.00328445747800586
0.0131378299120235
0
0
0
Gen 2
0.0879765395894428
0.0210850439882698
0.0628739002932551
0.021466275659824
0
0
Gen 3
0.108504398826979
0.0425806451612903
0.0887976539589443
0.0668621700879765
0.0146627565982405
0
Gen 4
0.108504398826979
0.0839296187683284
0.0929032258064516
0.0879765395894428
0.0879765395894428
0.0668621700879765
Gen 5
0.111436950146628
0.0934017595307917
0.108621700879765
0.0995894428152492
0.0879765395894428
0.0774193548387097
Gen 6
0.111436950146628
0.101551702154788
0.109090909090909
0.108504398826979
0.108504398826979
0.0801071018742828
Gen 7
0.111436950146628
0.103721790131327
0.111436950146628
0.11049853372434
0.108504398826979
0.0844472778273619
Gen 8
0.111436950146628
0.107328828254494
0.111436950146628
0.111436950146628
0.111436950146628
0.0950044625780951
Gen 9
0.19941348973607
0.108739002932551
0.114956011730205
0.111436950146628
0.111436950146628
0.0971260997067448
Gen 10
0.19941348973607
0.115035063113604
0.132551319648094
0.111436950146628
0.111436950146628
0.104715032513069
Gen 11
0.19941348973607
0.149384164222874
0.19941348973607
0.188856304985337
0.111436950146628
0.0978299120234604
Gen 12
0.19941348973607
0.191026392961877
0.19941348973607
0.19941348973607
0.19941348973607
0.165865102639296
Gen 13
0.19941348973607
0.189970674486803
0.19941348973607
0.19941348973607
0.19941348973607
0.161642228739003
Gen 14
0.19941348973607
0.194721407624633
0.19941348973607
0.19941348973607
0.19941348973607
0.180645161290323
Gen 15
0.19941348973607
0.196539589442815
0.19941348973607
0.19941348973607
0.19941348973607
0.18791788856305
Gen 16
0.19941348973607
0.188211143695015
0.19941348973607
0.19941348973607
0.19941348973607
0.154604105571847
Gen 17
0.19941348973607
0.19049853372434
0.19941348973607
0.19941348973607
0.19941348973607
0.16375366568915
Gen 18
0.19941348973607
0.195366568914956
0.19941348973607
0.19941348973607
0.19941348973607
0.183225806451613
Gen 19
0.19941348973607
0.184780058651026
0.19941348973607
0.19941348973607
0.19941348973607
0.140879765395894
Gen 20
0.19941348973607
0.190762463343108
0.19941348973607
0.19941348973607
0.19941348973607
0.164809384164223
Gen 21
0.211143695014663
0.190263929618768
0.200351906158358
0.19941348973607
0.19941348973607
0.161876832844575
Gen 22
0.217008797653959
0.195043988269795
0.206217008797654
0.19941348973607
0.19941348973607
0.175131964809384
Gen 23
0.217008797653959
0.20108504398827
0.213958944281525
0.211143695014663
0.205630498533724
0.173607038123167
Gen 24
0.217008797653959
0.212346041055718
0.217008797653959
0.217008797653959
0.216539589442815
0.198826979472141
Gen 25
0.217008797653959
0.216158357771261
0.217008797653959
0.217008797653959
0.217008797653959
0.213607038123167
Gen 26
0.217008797653959
0.212580645161291
0.217008797653959
0.217008797653959
0.217008797653959
0.199296187683284
Gen 27
0.217008797653959
0.210410557184751
0.217008797653959
0.217008797653959
0.217008797653959
0.190615835777126
Gen 28
0.217008797653959
0.211319648093842
0.217008797653959
0.217008797653959
0.217008797653959
0.19425219941349
Gen 29
0.217008797653959
0.211495601173021
0.217008797653959
0.217008797653959
0.217008797653959
0.194956011730205
Gen 30
0.217008797653959
0.21108504398827
0.217008797653959
0.217008797653959
0.217008797653959
0.193313782991202
Gen 31
0.217008797653959
0.212492668621701
0.217008797653959
0.217008797653959
0.217008797653959
0.198944281524927
Gen 32
0.219941348973607
0.206129032258065
0.217126099706745
0.217008797653959
0.217008797653959
0.173372434017595
Gen 33
0.219941348973607
0.213841642228739
0.218181818181818
0.217008797653959
0.217008797653959
0.20316715542522
Gen 34
0.219941348973607
0.211642228739003
0.219941348973607
0.219941348973607
0.217008797653959
0.189677419354839
Gen 35
0.219941348973607
0.211407624633431
0.219941348973607
0.219941348973607
0.219941348973607
0.185806451612903
Gen 36
0.219941348973607
0.216715542521994
0.219941348973607
0.219941348973607
0.219941348973607
0.207038123167155
Gen 37
0.219941348973607
0.206656891495601
0.219941348973607
0.219941348973607
0.219941348973607
0.166803519061584
Gen 38
0.219941348973607
0.216510263929619
0.219941348973607
0.219941348973607
0.219941348973607
0.206217008797654
Gen 39
0.225806451612903
0.21533724340176
0.220175953079179
0.219941348973607
0.219941348973607
0.201290322580645
Gen 40
0.225806451612903
0.211524926686217
0.223929618768328
0.219941348973607
0.219941348973607
0.182287390029325
Gen 41
0.225806451612903
0.219706744868035
0.225806451612903
0.225806451612903
0.2241642228739
0.203049853372434
Gen 42
0.225806451612903
0.209912023460411
0.225806451612903
0.225806451612903
0.225806451612903
0.162228739002932
Gen 43
0.225806451612903
0.21900293255132
0.225806451612903
0.225806451612903
0.225806451612903
0.198592375366569
Gen 44
0.225806451612903
0.215454545454546
0.225806451612903
0.225806451612903
0.225806451612903
0.184398826979472
Gen 45
0.225806451612903
0.215806451612904
0.225806451612903
0.225806451612903
0.225806451612903
0.185806451612903
Gen 46
0.225806451612903
0.219061583577713
0.225806451612903
0.225806451612903
0.225806451612903
0.198826979472141
Gen 47
0.225806451612903
0.212873900293256
0.225806451612903
0.225806451612903
0.225806451612903
0.174076246334311
Gen 48
0.225806451612903
0.215777126099707
0.225806451612903
0.225806451612903
0.225806451612903
0.185689149560117
Gen 49
0.225806451612903
0.219120234604106
0.225806451612903
0.225806451612903
0.225806451612903
0.199061583577713
Gen 50
0.225806451612903
0.211935483870968
0.225806451612903
0.225806451612903
0.225806451612903
0.170322580645161
Gen 51
0.225806451612903
0.21850439882698
0.225806451612903
0.225806451612903
0.225806451612903
0.196598240469208
Gen 52
0.231671554252199
0.213988269794722
0.226041055718475
0.225806451612903
0.225806451612903
0.178299120234604
Gen 53
0.231671554252199
0.223870967741936
0.230733137829912
0.225806451612903
0.225806451612903
0.213137829912023
Gen 54
0.234604105571848
0.226392961876833
0.231788856304985
0.231671554252199
0.231671554252199
0.210439882697947
Gen 55
0.234604105571848
0.213548387096774
0.232492668621701
0.231671554252199
0.231671554252199
0.158357771260997
Gen 56
0.234604105571848
0.227243401759531
0.234604105571847
0.234017595307918
0.231671554252199
0.208680351906158
Gen 57
0.234604105571848
0.226158357771261
0.234604105571847
0.234604105571847
0.234604105571847
0.200821114369501
Gen 58
0.237536656891496
0.225630498533724
0.234721407624633
0.234604105571847
0.234604105571847
0.198592375366569
Gen 59
0.237536656891496
0.229266862170088
0.236598240469208
0.234604105571847
0.234604105571847
0.211260997067449
Gen 60
0.237536656891496
0.222158612775724
0.237536656891495
0.237536656891495
0.236715542521994
0.176845594797909
Gen 61
0.237536656891496
0.229970674486804
0.237536656891495
0.237536656891495
0.237536656891495
0.207272727272727
Gen 62
0.237536656891496
0.233372434017596
0.237536656891495
0.237536656891495
0.237536656891495
0.220879765395894
Gen 63
0.237536656891496
0.227683284457478
0.237536656891495
0.237536656891495
0.237536656891495
0.198123167155425
Gen 64
0.237536656891496
0.222903225806452
0.237536656891495
0.237536656891495
0.237536656891495
0.17900293255132
Gen 65
0.240469208211144
0.230293255131965
0.237653958944281
0.237536656891495
0.237536656891495
0.208445747800586
Gen 66
0.240469208211144
0.214926686217009
0.238240469208211
0.237536656891495
0.237536656891495
0.146392961876833
Gen 67
0.240469208211144
0.23049853372434
0.240469208211144
0.240469208211144
0.237771260997067
0.203284457478006
Gen 68
0.240469208211144
0.234134897360704
0.240469208211144
0.240469208211144
0.240469208211144
0.215131964809384
Gen 69
0.240469208211144
0.228592375366569
0.240469208211144
0.240469208211144
0.240469208211144
0.192961876832844
Gen 70
0.240469208211144
0.233724340175953
0.240469208211144
0.240469208211144
0.240469208211144
0.213489736070381
Gen 71
0.240469208211144
0.232844574780059
0.240469208211144
0.240469208211144
0.240469208211144
0.209970674486803
Gen 72
0.240469208211144
0.231495601173021
0.240469208211144
0.240469208211144
0.240469208211144
0.204574780058651
Gen 73
0.240469208211144
0.229765395894428
0.240469208211144
0.240469208211144
0.240469208211144
0.197653958944281
Gen 74
0.240469208211144
0.23683284457478
0.240469208211144
0.240469208211144
0.240469208211144
0.225923753665689
Gen 75
0.240469208211144
0.23524926686217
0.240469208211144
0.240469208211144
0.240469208211144
0.219589442815249
Gen 76
0.240469208211144
0.209941348973607
0.240469208211144
0.240469208211144
0.240469208211144
0.118357771260997
Gen 77
0.240469208211144
0.230733137829912
0.240469208211144
0.240469208211144
0.240469208211144
0.201524926686217
Gen 78
0.240469208211144
0.229882697947214
0.240469208211144
0.240469208211144
0.240469208211144
0.198123167155425
Gen 79
0.240469208211144
0.237184750733138
0.240469208211144
0.240469208211144
0.240469208211144
0.22733137829912
Gen 80
0.240469208211144
0.23425219941349
0.240469208211144
0.240469208211144
0.240469208211144
0.215601173020528
Gen 81
0.240469208211144
0.233519061583578
0.240469208211144
0.240469208211144
0.240469208211144
0.21266862170088
Gen 82
0.240469208211144
0.235425219941349
0.240469208211144
0.240469208211144
0.240469208211144
0.220293255131965
Gen 83
0.240469208211144
0.233137829912024
0.240469208211144
0.240469208211144
0.240469208211144
0.211143695014663
Gen 84
0.240469208211144
0.23359938798929
0.240469208211144
0.240469208211144
0.240469208211144
0.212989927323728
Gen 85
0.240469208211144
0.235131964809385
0.240469208211144
0.240469208211144
0.240469208211144
0.219120234604105
Gen 86
0.240469208211144
0.234516129032258
0.240469208211144
0.240469208211144
0.240469208211144
0.216656891495601
Gen 87
0.240469208211144
0.225777126099707
0.240469208211144
0.240469208211144
0.240469208211144
0.181700879765396
Gen 88
0.240469208211144
0.234046920821115
0.240469208211144
0.240469208211144
0.240469208211144
0.214780058651026
Gen 89
0.240469208211144
0.23
0.240469208211144
0.240469208211144
0.240469208211144
0.198592375366569
Gen 90
0.240469208211144
0.239941348973607
0.240469208211144
0.240469208211144
0.240469208211144
0.238357771260997
Gen 91
0.240469208211144
0.235190615835777
0.240469208211144
0.240469208211144
0.240469208211144
0.219354838709677
Gen 92
0.240469208211144
0.226891495601173
0.240469208211144
0.240469208211144
0.240469208211144
0.186158357771261
Gen 93
0.240469208211144
0.219648093841642
0.240469208211144
0.240469208211144
0.240469208211144
0.157184750733138
Gen 94
0.240469208211144
0.23642228739003
0.240469208211144
0.240469208211144
0.240469208211144
0.224281524926686
Gen 95
0.240469208211144
0.234868035190616
0.240469208211144
0.240469208211144
0.240469208211144
0.218064516129032
Gen 96
0.240469208211144
0.227126099706745
0.240469208211144
0.240469208211144
0.240469208211144
0.187096774193548
Gen 97
0.240469208211144
0.235302817799312
0.240469208211144
0.240469208211144
0.240469208211144
0.219803646563815
Gen 98
0.240469208211144
0.234574780058651
0.240469208211144
0.240469208211144
0.240469208211144
0.216891495601173
Gen 99
0.240469208211144
0.231906158357772
0.240469208211144
0.240469208211144
0.240469208211144
0.206217008797654
Gen 100
0.240469208211144
0.229237536656892
0.240469208211144
0.240469208211144
0.240469208211144
0.195542521994135
Gen 101
0.240469208211144
0.233079178885631
0.240469208211144
0.240469208211144
0.240469208211144
0.210909090909091
Gen 102
0.240469208211144
0.231925283692465
0.240469208211144
0.240469208211144
0.240469208211144
0.206293510136427
Gen 103
0.240469208211144
0.227331378299121
0.240469208211144
0.240469208211144
0.240469208211144
0.18791788856305
Gen 104
0.240469208211144
0.233724340175953
0.240469208211144
0.240469208211144
0.240469208211144
0.213489736070381
Gen 105
0.240469208211144
0.237653958944282
0.240469208211144
0.240469208211144
0.240469208211144
0.229208211143695
Gen 106
0.240469208211144
0.232052785923754
0.240469208211144
0.240469208211144
0.240469208211144
0.206803519061583
Gen 107
0.240469208211144
0.228856304985337
0.240469208211144
0.240469208211144
0.240469208211144
0.194017595307918
Gen 108
0.240469208211144
0.234780058651027
0.240469208211144
0.240469208211144
0.240469208211144
0.217712609970674
Gen 109
0.240469208211144
0.231410174678057
0.240469208211144
0.240469208211144
0.240469208211144
0.204233074078796
Gen 110
0.240469208211144
0.233460410557185
0.240469208211144
0.240469208211144
0.240469208211144
0.212434017595308
Gen 111
0.240469208211144
0.232961876832845
0.240469208211144
0.240469208211144
0.240469208211144
0.210439882697947
Gen 112
0.240469208211144
0.229941348973607
0.240469208211144
0.240469208211144
0.240469208211144
0.198357771260997
Gen 113
0.240469208211144
0.230293255131965
0.240469208211144
0.240469208211144
0.240469208211144
0.199765395894428
Gen 114
0.240469208211144
0.238768328445748
0.240469208211144
0.240469208211144
0.240469208211144
0.23366568914956
Gen 115
0.240469208211144
0.238639551192146
0.240469208211144
0.240469208211144
0.240469208211144
0.233150580135152
Gen 116
0.240469208211144
0.234342725997705
0.240469208211144
0.240469208211144
0.240469208211144
0.215963279357389
Gen 117
0.240469208211144
0.235425219941349
0.240469208211144
0.240469208211144
0.240469208211144
0.220293255131965
Gen 118
0.240469208211144
0.231319648093842
0.240469208211144
0.240469208211144
0.240469208211144
0.203870967741935
Gen 119
0.240469208211144
0.230501083768966
0.240469208211144
0.240469208211144
0.240469208211144
0.200596710442433
Gen 120
0.240469208211144
0.232434017595308
0.240469208211144
0.240469208211144
0.240469208211144
0.2083284457478
Gen 121
0.240469208211144
0.236776743593013
0.240469208211144
0.240469208211144
0.240469208211144
0.22569934973862
Gen 122
0.240469208211144
0.225840877215352
0.240469208211144
0.240469208211144
0.240469208211144
0.181955884227974
Gen 123
0.240469208211144
0.232375366568915
0.240469208211144
0.240469208211144
0.240469208211144
0.208093841642229
Gen 124
0.240469208211144
0.234164222873901
0.240469208211144
0.240469208211144
0.240469208211144
0.21524926686217
Gen 125
0.240469208211144
0.238797653958945
0.240469208211144
0.240469208211144
0.240469208211144
0.233782991202346
Gen 126
0.240469208211144
0.238651026392962
0.240469208211144
0.240469208211144
0.240469208211144
0.233196480938416
Gen 127
0.240469208211144
0.232255514471504
0.240469208211144
0.240469208211144
0.240469208211144
0.207614433252582
Gen 128
0.240469208211144
0.236539589442816
0.240469208211144
0.240469208211144
0.240469208211144
0.22475073313783
Gen 129
0.240469208211144
0.228155042713248
0.240469208211144
0.240469208211144
0.240469208211144
0.191212546219559
Gen 130
0.240469208211144
0.234633431085044
0.240469208211144
0.240469208211144
0.240469208211144
0.217126099706745
Gen 131
0.240469208211144
0.232876450337881
0.240469208211144
0.240469208211144
0.240469208211144
0.210098176718092
Gen 132
0.240469208211144
0.234639806196609
0.240469208211144
0.240469208211144
0.240469208211144
0.217151600153003
Gen 133
0.240469208211144
0.234164222873901
0.240469208211144
0.240469208211144
0.240469208211144
0.21524926686217
Gen 134
0.240469208211144
0.227689659569043
0.240469208211144
0.240469208211144
0.240469208211144
0.189351013642739
Gen 135
0.240469208211144
0.229237536656892
0.240469208211144
0.240469208211144
0.240469208211144
0.195542521994135
Gen 136
0.240469208211144
0.232004335075864
0.240469208211144
0.240469208211144
0.240469208211144
0.206609715670024
Gen 137
0.240469208211144
0.231588677801862
0.240469208211144
0.240469208211144
0.240469208211144
0.204947086574015
Gen 138
0.240469208211144
0.235958179268138
0.240469208211144
0.240469208211144
0.240469208211144
0.222425092439118
Gen 139
0.240469208211144
0.233900293255132
0.240469208211144
0.240469208211144
0.240469208211144
0.214193548387097
Gen 140
0.240469208211144
0.235043988269795
0.240469208211144
0.240469208211144
0.240469208211144
0.218768328445748
Gen 141
0.240469208211144
0.239677419354839
0.240469208211144
0.240469208211144
0.240469208211144
0.237302052785924
Gen 142
0.240469208211144
0.237214076246335
0.240469208211144
0.240469208211144
0.240469208211144
0.227448680351906
Gen 143
0.240469208211144
0.231764630881041
0.240469208211144
0.240469208211144
0.240469208211144
0.20565089889073
Gen 144
0.240469208211144
0.232844574780059
0.240469208211144
0.240469208211144
0.240469208211144
0.209970674486803
Gen 145
0.240469208211144
0.228477623358409
0.240469208211144
0.240469208211144
0.240469208211144
0.192502868800204
Gen 146
0.240469208211144
0.234017595307918
0.240469208211144
0.240469208211144
0.240469208211144
0.21466275659824
Gen 147
0.240469208211144
0.228064516129033
0.240469208211144
0.240469208211144
0.240469208211144
0.190850439882698
Gen 148
0.240469208211144
0.235425219941349
0.240469208211144
0.240469208211144
0.240469208211144
0.220293255131965
Gen 149
0.240469208211144
0.234897360703813
0.240469208211144
0.240469208211144
0.240469208211144
0.218181818181818
Gen 150
0.240469208211144
0.234926686217009
0.240469208211144
0.240469208211144
0.240469208211144
0.218299120234604
Gen 151
0.240469208211144
0.237214076246335
0.240469208211144
0.240469208211144
0.240469208211144
0.227448680351906
Gen 152
0.240469208211144
0.228852479918399
0.240469208211144
0.240469208211144
0.240469208211144
0.194002295040163
Gen 153
0.240469208211144
0.228387096774194
0.240469208211144
0.240469208211144
0.240469208211144
0.192140762463343
Gen 154
0.240469208211144
0.237947214076247
0.240469208211144
0.240469208211144
0.240469208211144
0.230381231671554
Gen 155
0.240469208211144
0.233108504398827
0.240469208211144
0.240469208211144
0.240469208211144
0.211026392961877
Gen 156
0.240469208211144
0.231788856304986
0.240469208211144
0.240469208211144
0.240469208211144
0.20574780058651
Gen 157
0.240469208211144
0.228807854137448
0.240469208211144
0.240469208211144
0.240469208211144
0.193823791916358
Gen 158
0.240469208211144
0.236308810404182
0.240469208211144
0.240469208211144
0.240469208211144
0.223827616983297
Gen 159
0.240469208211144
0.227272727272728
0.240469208211144
0.240469208211144
0.240469208211144
0.187683284457478
Gen 160
0.240469208211144
0.235867652683922
0.240469208211144
0.240469208211144
0.240469208211144
0.222062986102257
Gen 161
0.240469208211144
0.226950146627566
0.240469208211144
0.240469208211144
0.240469208211144
0.186392961876833
Gen 162
0.240469208211144
0.235190615835777
0.240469208211144
0.240469208211144
0.240469208211144
0.219354838709677
Gen 163
0.240469208211144
0.229296187683285
0.240469208211144
0.240469208211144
0.240469208211144
0.195777126099707
Gen 164
0.240469208211144
0.238243019252837
0.240469208211144
0.240469208211144
0.240469208211144
0.231564452377916
Gen 165
0.240469208211144
0.228362871350249
0.240469208211144
0.240469208211144
0.240469208211144
0.192043860767563
Gen 166
0.240469208211144
0.230856814994263
0.240469208211144
0.240469208211144
0.240469208211144
0.202019635343618
Gen 167
0.240469208211144
0.233841642228739
0.240469208211144
0.240469208211144
0.240469208211144
0.213958944281525
Gen 168
0.240469208211144
0.236568914956012
0.240469208211144
0.240469208211144
0.240469208211144
0.224868035190616
Gen 169
0.240469208211144
0.231994134897361
0.240469208211144
0.240469208211144
0.240469208211144
0.206568914956012
Gen 170
0.240469208211144
0.236070381231672
0.240469208211144
0.240469208211144
0.240469208211144
0.222873900293255
Gen 171
0.240469208211144
0.232111436950147
0.240469208211144
0.240469208211144
0.240469208211144
0.207038123167155
Gen 172
0.240469208211144
0.232287390029326
0.240469208211144
0.240469208211144
0.240469208211144
0.207741935483871
Gen 173
0.240469208211144
0.228211143695015
0.240469208211144
0.240469208211144
0.240469208211144
0.191436950146627
Gen 174
0.240469208211144
0.23533724340176
0.240469208211144
0.240469208211144
0.240469208211144
0.219941348973607
Gen 175
0.240469208211144
0.228860130052276
0.240469208211144
0.240469208211144
0.240469208211144
0.194032895575672
Gen 176
0.240469208211144
0.240351906158358
0.240469208211144
0.240469208211144
0.240469208211144
0.24
Gen 177
0.240469208211144
0.233839092184114
0.240469208211144
0.240469208211144
0.240469208211144
0.213948744103022
Gen 178
0.240469208211144
0.239591992859875
0.240469208211144
0.240469208211144
0.240469208211144
0.236960346806069
Gen 179
0.240469208211144
0.232346041055719
0.240469208211144
0.240469208211144
0.240469208211144
0.207976539589443
Gen 180
0.240469208211144
0.235533596837945
0.240469208211144
0.240469208211144
0.240469208211144
0.220726762718347
Gen 181
0.240469208211144
0.23299502741298
0.240469208211144
0.240469208211144
0.240469208211144
0.210572485018488
Gen 182
0.240469208211144
0.232052785923754
0.240469208211144
0.240469208211144
0.240469208211144
0.206803519061583
Gen 183
0.240469208211144
0.230410557184751
0.240469208211144
0.240469208211144
0.240469208211144
0.200234604105572
Gen 184
0.240469208211144
0.230297080198904
0.240469208211144
0.240469208211144
0.240469208211144
0.199780696162183
Gen 185
0.240469208211144
0.239237536656892
0.240469208211144
0.240469208211144
0.240469208211144
0.235542521994135
Gen 186
0.240469208211144
0.23049853372434
0.240469208211144
0.240469208211144
0.240469208211144
0.20058651026393
Gen 187
0.240469208211144
0.229998724977687
0.240469208211144
0.240469208211144
0.240469208211144
0.198587275277317
Gen 188
0.240469208211144
0.229359938798929
0.240469208211144
0.240469208211144
0.240469208211144
0.196032130562285
Gen 189
0.240469208211144
0.229948999107485
0.240469208211144
0.240469208211144
0.240469208211144
0.198388371796506
Gen 190
0.240469208211144
0.230850439882698
0.240469208211144
0.240469208211144
0.240469208211144
0.201994134897361
Gen 191
0.240469208211144
0.231412724722683
0.240469208211144
0.240469208211144
0.240469208211144
0.204243274257299
Gen 192
0.240469208211144
0.230994517404055
0.240469208211144
0.240469208211144
0.240469208211144
0.202570444982787
Gen 193
0.240469208211144
0.230293255131965
0.240469208211144
0.240469208211144
0.240469208211144
0.199765395894428
Gen 194
0.240469208211144
0.232270814739258
0.240469208211144
0.240469208211144
0.240469208211144
0.207675634323601
Gen 195
0.240469208211144
0.22818691827107
0.240469208211144
0.240469208211144
0.240469208211144
0.191340048450848
Gen 196
0.240469208211144
0.234285349993625
0.240469208211144
0.240469208211144
0.240469208211144
0.215733775341068
Gen 197
0.240469208211144
0.231968634451103
0.240469208211144
0.240469208211144
0.240469208211144
0.20646691317098
Gen 198
0.240469208211144
0.234758383271708
0.240469208211144
0.240469208211144
0.240469208211144
0.217625908453398
Gen 199
0.240469208211144
0.232551319648094
0.240469208211144
0.240469208211144
0.240469208211144
0.208797653958944
Gen 200
0.240469208211144
0.224721407624634
0.240469208211144
0.240469208211144
0.240469208211144
0.177478005865103
Gen 201
0.240469208211144
0.231531301797782
0.240469208211144
0.240469208211144
0.240469208211144
0.204717582557695
Gen 202
0.240469208211144
0.229356113731991
0.240469208211144
0.240469208211144
0.240469208211144
0.19601683029453
Gen 203
0.240469208211144
0.228237919163586
0.240469208211144
0.240469208211144
0.240469208211144
0.19154405202091
Gen 204
0.240469208211144
0.23639168685452
0.240469208211144
0.240469208211144
0.240469208211144
0.224159122784649
Gen 205
0.240469208211144
0.237888563049854
0.240469208211144
0.240469208211144
0.240469208211144
0.230146627565982
Gen 206
0.240469208211144
0.230854264949637
0.240469208211144
0.240469208211144
0.240469208211144
0.202009435165115
Gen 207
0.240469208211144
0.232316715542522
0.240469208211144
0.240469208211144
0.240469208211144
0.207859237536657
Gen 208
0.240469208211144
0.232346041055719
0.240469208211144
0.240469208211144
0.240469208211144
0.207976539589443
Gen 209
0.240469208211144
0.235542521994135
0.240469208211144
0.240469208211144
0.240469208211144
0.220762463343108
Gen 210
0.240469208211144
0.233522886650517
0.240469208211144
0.240469208211144
0.240469208211144
0.212683921968634
Gen 211
0.240469208211144
0.234868035190616
0.240469208211144
0.240469208211144
0.240469208211144
0.218064516129032
Gen 212
0.240469208211144
0.23524926686217
0.240469208211144
0.240469208211144
0.240469208211144
0.219589442815249
Gen 213
0.240469208211144
0.229475965829402
0.240469208211144
0.240469208211144
0.240469208211144
0.196496238684177
Gen 214
0.240469208211144
0.238123167155426
0.240469208211144
0.240469208211144
0.240469208211144
0.23108504398827
Gen 215
0.240469208211144
0.23683284457478
0.240469208211144
0.240469208211144
0.240469208211144
0.225923753665689
Gen 216
0.240469208211144
0.232434017595308
0.240469208211144
0.240469208211144
0.240469208211144
0.2083284457478
Gen 217
0.240469208211144
0.234428152492669
0.240469208211144
0.240469208211144
0.240469208211144
0.216304985337243
Gen 218
0.240469208211144
0.231466275659824
0.240469208211144
0.240469208211144
0.240469208211144
0.204457478005865
Gen 219
0.240469208211144
0.236014280249905
0.240469208211144
0.240469208211144
0.240469208211144
0.222649496366186
Gen 220
0.240469208211144
0.234758383271708
0.240469208211144
0.240469208211144
0.240469208211144
0.217625908453398
Gen 221
0.240469208211144
0.236072931276298
0.240469208211144
0.240469208211144
0.240469208211144
0.222884100471758
Gen 222
0.240469208211144
0.234721407624634
0.240469208211144
0.240469208211144
0.240469208211144
0.217478005865103
Gen 223
0.240469208211144
0.233548387096775
0.240469208211144
0.240469208211144
0.240469208211144
0.212785923753666
Gen 224
0.240469208211144
0.235278592375367
0.240469208211144
0.240469208211144
0.240469208211144
0.219706744868035
Gen 225
0.240469208211144
0.226248884355476
0.240469208211144
0.240469208211144
0.240469208211144
0.183587912788474
Gen 226
0.240469208211144
0.229413489736071
0.240469208211144
0.240469208211144
0.240469208211144
0.19624633431085
Gen 227
0.240469208211144
0.234486803519062
0.240469208211144
0.240469208211144
0.240469208211144
0.216539589442815
Gen 228
0.240469208211144
0.234076246334311
0.240469208211144
0.240469208211144
0.240469208211144
0.214897360703812
Gen 229
0.240469208211144
0.237096774193549
0.240469208211144
0.240469208211144
0.240469208211144
0.226979472140762
Gen 230
0.240469208211144
0.231762080836415
0.240469208211144
0.240469208211144
0.240469208211144
0.205640698712227
Gen 231
0.240469208211144
0.231495601173021
0.240469208211144
0.240469208211144
0.240469208211144
0.204574780058651
Gen 232
0.240469208211144
0.231202346041056
0.240469208211144
0.240469208211144
0.240469208211144
0.203401759530792
Gen 233
0.240469208211144
0.232320540609461
0.240469208211144
0.240469208211144
0.240469208211144
0.207874537804411
Gen 234
0.240469208211144
0.23325513196481
0.240469208211144
0.240469208211144
0.240469208211144
0.211612903225806
Gen 235
0.240469208211144
0.23434017595308
0.240469208211144
0.240469208211144
0.240469208211144
0.215953079178886
Gen 236
0.240469208211144
0.228534999362489
0.240469208211144
0.240469208211144
0.240469208211144
0.192732372816524
Gen 237
0.240469208211144
0.229530791788857
0.240469208211144
0.240469208211144
0.240469208211144
0.196715542521994
Gen 238
0.240469208211144
0.238621700879766
0.240469208211144
0.240469208211144
0.240469208211144
0.23307917888563
Gen 239
0.240469208211144
0.228826979472141
0.240469208211144
0.240469208211144
0.240469208211144
0.193900293255132
Gen 240
0.240469208211144
0.237532831824557
0.240469208211144
0.240469208211144
0.240469208211144
0.228723702664797
Gen 241
0.240469208211144
0.23692082111437
0.240469208211144
0.240469208211144
0.240469208211144
0.226275659824047
Gen 242
0.240469208211144
0.232356241234222
0.240469208211144
0.240469208211144
0.240469208211144
0.208017340303455
Gen 243
0.240469208211144
0.238592375366569
0.240469208211144
0.240469208211144
0.240469208211144
0.232961876832844
Gen 244
0.240469208211144
0.227196225933954
0.240469208211144
0.240469208211144
0.240469208211144
0.187377279102384
Gen 245
0.240469208211144
0.234078796378937
0.240469208211144
0.240469208211144
0.240469208211144
0.214907560882315
Gen 246
0.240469208211144
0.236452887925539
0.240469208211144
0.240469208211144
0.240469208211144
0.224403927068724
Gen 247
0.240469208211144
0.235395894428153
0.240469208211144
0.240469208211144
0.240469208211144
0.220175953079179
Gen 248
0.240469208211144
0.235219941348974
0.240469208211144
0.240469208211144
0.240469208211144
0.219472140762463
Gen 249
0.240469208211144
0.232052785923754
0.240469208211144
0.240469208211144
0.240469208211144
0.206803519061583
Gen 250
0.240469208211144
0.231818181818182
0.240469208211144
0.240469208211144
0.240469208211144
0.205865102639296
Gen 251
0.240469208211144
0.23795741425475
0.240469208211144
0.240469208211144
0.240469208211144
0.230422032385567
Gen 252
0.240469208211144
0.2368545199541
0.240469208211144
0.240469208211144
0.240469208211144
0.226010455182966
Gen 253
0.240469208211144
0.235014662756599
0.240469208211144
0.240469208211144
0.240469208211144
0.218651026392962
Gen 254
0.240469208211144
0.234574780058651
0.240469208211144
0.240469208211144
0.240469208211144
0.216891495601173
Gen 255
0.240469208211144
0.22977049598368
0.240469208211144
0.240469208211144
0.240469208211144
0.197674359301288
Gen 256
0.275659824046921
0.234428152492669
0.241876832844575
0.240469208211144
0.240469208211144
0.214897360703812
Gen 257
0.275659824046921
0.243577712609971
0.264398826979472
0.240469208211144
0.240469208211144
0.228973607038123
Gen 258
0.275659824046921
0.248760678311871
0.275659824046921
0.275659824046921
0.266602065536147
0.177120999617493
Gen 259
0.275659824046921
0.265755450720388
0.275659824046921
0.275659824046921
0.275659824046921
0.236042330740788
Gen 260
0.337243401759531
0.264298100216754
0.278541374474053
0.275659824046921
0.275659824046921
0.22733137829912
Gen 261
0.337243401759531
0.259266862170088
0.289231161545327
0.275659824046921
0.275659824046921
0.196516639041183
Gen 262
0.337243401759531
0.294823409409665
0.337243401759531
0.32088231544052
0.278587275277317
0.24258064516129
Gen 263
0.36950146627566
0.331130944791533
0.338533724340176
0.337243401759531
0.337243401759531
0.311503251306898
Gen 264
0.765395894428152
0.333049853372434
0.367272727272727
0.337243401759531
0.337243401759531
0.290439882697947
Gen 265
0.765395894428152
0.42049853372434
0.634486803519062
0.36950146627566
0.350146627565982
0.327859237536657
Gen 266
0.765395894428152
0.688826979472141
0.765395894428153
0.765395894428153
0.765395894428153
0.459120234604105
Gen 267
0.765395894428152
0.75217008797654
0.765395894428153
0.765395894428153
0.765395894428153
0.712492668621701
Gen 268
0.859237536656892
0.731555527221726
0.769149560117302
0.765395894428153
0.765395894428153
0.626280759913299
Gen 269
0.859237536656892
0.757800586510264
0.78791788856305
0.765395894428153
0.765395894428153
0.712492668621701
Gen 270
0.870967741935484
0.803313782991202
0.859706744868035
0.851730205278592
0.765395894428153
0.736422287390029
Gen 271
0.870967741935484
0.84217008797654
0.863460410557185
0.859237536656892
0.859237536656892
0.786744868035191
Gen 272
0.891495601173021
0.843020527859237
0.871788856304985
0.870967741935484
0.865806451612903
0.763519061583578
Gen 273
0.891495601173021
0.840967741935483
0.878357771260997
0.870967741935484
0.870967741935484
0.743577712609971
Gen 274
0.891495601173021
0.837008797653958
0.89149560117302
0.89149560117302
0.872609970674487
0.692434017595308
Gen 275
0.903225806451613
0.860439882697947
0.891964809384164
0.89149560117302
0.89149560117302
0.766803519061583
Gen 276
0.903225806451613
0.879002932551319
0.899002932551319
0.89149560117302
0.89149560117302
0.834017595307918
Gen 277
0.903225806451613
0.873651663904119
0.903225806451612
0.903225806451612
0.902287390029325
0.785867652683922
Gen 278
0.903225806451613
0.895102639296189
0.903225806451612
0.903225806451612
0.903225806451612
0.870733137829911
Gen 279
0.903225806451613
0.868240469208212
0.903225806451612
0.903225806451612
0.903225806451612
0.763284457478005
Gen 280
0.903225806451613
0.877038123167157
0.903225806451612
0.903225806451612
0.903225806451612
0.798475073313783
Gen 281
0.903225806451613
0.886275659824048
0.903225806451612
0.903225806451612
0.903225806451612
0.835425219941349
Gen 282
0.903225806451613
0.876129032258066
0.903225806451612
0.903225806451612
0.903225806451612
0.794838709677419
Gen 283
0.903225806451613
0.876048705852354
0.903225806451612
0.903225806451612
0.903225806451612
0.794517404054571
Gen 284
0.903225806451613
0.877258702027287
0.903225806451612
0.903225806451612
0.903225806451612
0.799357388754303
Gen 285
0.903225806451613
0.853489736070382
0.903225806451612
0.903225806451612
0.903225806451612
0.704281524926686
Gen 286
0.903225806451613
0.878416422287391
0.903225806451612
0.903225806451612
0.903225806451612
0.803988269794721
Gen 287
0.903225806451613
0.893800841514728
0.903225806451612
0.903225806451612
0.903225806451612
0.865525946704067
Gen 288
0.903225806451613
0.894193548387098
0.903225806451612
0.903225806451612
0.903225806451612
0.867096774193548
Gen 289
0.903225806451613
0.83343108504399
0.903225806451612
0.903225806451612
0.903225806451612
0.624046920821114
Gen 290
0.903225806451613
0.842228739002934
0.903225806451612
0.903225806451612
0.903225806451612
0.659237536656891
Gen 291
0.903225806451613
0.869853372434019
0.903225806451612
0.903225806451612
0.903225806451612
0.769736070381231
Gen 292
0.903225806451613
0.870615835777127
0.903225806451612
0.903225806451612
0.903225806451612
0.772785923753666
Gen 293
0.903225806451613
0.878245569297464
0.903225806451612
0.903225806451612
0.903225806451612
0.803304857835012
Gen 294
0.903225806451613
0.897840112201965
0.903225806451612
0.903225806451612
0.903225806451612
0.881683029453015
Gen 295
0.903225806451613
0.885161290322582
0.903225806451612
0.903225806451612
0.903225806451612
0.830967741935483
Gen 296
0.903225806451613
0.838865230141529
0.903225806451612
0.903225806451612
0.903225806451612
0.645783501211271
Gen 297
0.903225806451613
0.885806451612905
0.903225806451612
0.903225806451612
0.903225806451612
0.833548387096774
Gen 298
0.908835904628331
0.870413107229378
0.903450210378681
0.903225806451612
0.903225806451612
0.771750605635598
Gen 299
0.908835904628331
0.887694759658296
0.904796633941094
0.903225806451612
0.903225806451612
0.839530791788856
Gen 300
0.908835904628331
0.887685834502105
0.908835904628331
0.908835904628331
0.903899018232819
0.829172510518934
Gen 301
0.908835904628331
0.906157082748949
0.908835904628331
0.908835904628331
0.908835904628331
0.898120617110799
Gen 302
0.908835904628331
0.885856177483107
0.908835904628331
0.908835904628331
0.908835904628331
0.816916996047431
Gen 303
0.908835904628331
0.877722810149179
0.908835904628331
0.908835904628331
0.908835904628331
0.784383526711717
Gen 304
0.925666199158485
0.899663394109398
0.909509116409537
0.908835904628331
0.908835904628331
0.871472650771388
Gen 305
0.925666199158485
0.885496621190872
0.91422159887798
0.908835904628331
0.908835904628331
0.810093076628841
Gen 306
0.94249649368864
0.905912278464874
0.926339410939691
0.925666199158485
0.912201963534362
0.859441540226954
Gen 307
0.964809384164223
0.891012367716435
0.940022950401632
0.925666199158485
0.925666199158485
0.772694122147138
Gen 308
0.964809384164223
0.890285604998087
0.95052913425985
0.94249649368864
0.940476858345021
0.72763993369884
Gen 309
0.964809384164223
0.9141246971822
0.964809384164223
0.964809384164223
0.946066556164733
0.780813464235624
Gen 310
0.964809384164223
0.936255259467043
0.964809384164223
0.964809384164223
0.964809384164223
0.850592885375494
Gen 311
0.967741935483871
0.935250541884485
0.964926686217009
0.964809384164223
0.964809384164223
0.846456712992477
Gen 312
0.967741935483871
0.940790513833994
0.966686217008798
0.964809384164223
0.964809384164223
0.866857069998725
Gen 313
0.967741935483871
0.962533469335715
0.967741935483872
0.967741935483872
0.96633431085044
0.948315695524672
Gen 314
0.967741935483871
0.940527859237537
0.967741935483872
0.967741935483872
0.967741935483872
0.858885630498534
Gen 315
0.967741935483871
0.938768328445749
0.967741935483872
0.967741935483872
0.967741935483872
0.851847507331379
Gen 316
0.967741935483871
0.933225806451614
0.967741935483872
0.967741935483872
0.967741935483872
0.829677419354839
Gen 317
0.967741935483871
0.956774193548388
0.967741935483872
0.967741935483872
0.967741935483872
0.923870967741936
Gen 318
0.967741935483871
0.91886140507459
0.967741935483872
0.967741935483872
0.967741935483872
0.772219813846743
Gen 319
0.967741935483871
0.95483870967742
0.967741935483872
0.967741935483872
0.967741935483872
0.916129032258065
Gen 320
0.967741935483871
0.931065918653577
0.967741935483872
0.967741935483872
0.967741935483872
0.821037868162693
Gen 321
0.967741935483871
0.920263929618769
0.967741935483872
0.967741935483872
0.967741935483872
0.777829912023461
Gen 322
0.967741935483871
0.966774193548388
0.967741935483872
0.967741935483872
0.967741935483872
0.963870967741936
Gen 323
0.967741935483871
0.938457223001403
0.967741935483872
0.967741935483872
0.967741935483872
0.850603085553998
Gen 324
0.967741935483871
0.946732117812062
0.967741935483872
0.967741935483872
0.967741935483872
0.883702664796634
Gen 325
0.967741935483871
0.918950656636492
0.967741935483872
0.967741935483872
0.967741935483872
0.772576820094352
Gen 326
0.967741935483871
0.931192145862553
0.967741935483872
0.967741935483872
0.967741935483872
0.821542776998598
Gen 327
0.967741935483871
0.930084151472652
0.967741935483872
0.967741935483872
0.967741935483872
0.817110799438991
Gen 328
0.967741935483871
0.967741935483872
0.967741935483872
0.967741935483872
0.967741935483872
0.967741935483872
Gen 329
0.967741935483871
0.948387096774194
0.967741935483872
0.967741935483872
0.967741935483872
0.890322580645162
Gen 330
0.967741935483871
0.952950401632029
0.967741935483872
0.967741935483872
0.967741935483872
0.908575800076502
Gen 331
0.967741935483871
0.947651408899656
0.967741935483872
0.967741935483872
0.967741935483872
0.887379829147011
Gen 332
0.967741935483871
0.966760168302946
0.967741935483872
0.967741935483872
0.967741935483872
0.963814866760169
Gen 333
0.967741935483871
0.9375073313783
0.967741935483872
0.967741935483872
0.967741935483872
0.846803519061584
Gen 334
0.967741935483871
0.948134642356242
0.967741935483872
0.967741935483872
0.967741935483872
0.889312762973353
Gen 335
0.967741935483871
0.967068723702666
0.967741935483872
0.967741935483872
0.967741935483872
0.965049088359047
Gen 336
0.967741935483871
0.921143695014664
0.967741935483872
0.967741935483872
0.967741935483872
0.781348973607038
Gen 337
0.967741935483871
0.947713884992988
0.967741935483872
0.967741935483872
0.967741935483872
0.887629733520337
Gen 338
0.967741935483871
0.914516129032259
0.967741935483872
0.967741935483872
0.967741935483872
0.75483870967742
Gen 339
0.967741935483871
0.967096774193549
0.967741935483872
0.967741935483872
0.967741935483872
0.965161290322581
Gen 340
0.967741935483871
0.961963534361852
0.967741935483872
0.967741935483872
0.967741935483872
0.944628330995793
Gen 341
0.967741935483871
0.947349228611502
0.967741935483872
0.967741935483872
0.967741935483872
0.88617110799439
Gen 342
0.967741935483871
0.929032258064517
0.967741935483872
0.967741935483872
0.967741935483872
0.812903225806452
Gen 343
0.967741935483871
0.958064516129033
0.967741935483872
0.967741935483872
0.967741935483872
0.929032258064517
Gen 344
0.967741935483871
0.958092566619916
0.967741935483872
0.967741935483872
0.967741935483872
0.929144460028051
Gen 345
0.967741935483871
0.948064516129033
0.967741935483872
0.967741935483872
0.967741935483872
0.889032258064517
Gen 346
0.967741935483871
0.926157082748949
0.967741935483872
0.967741935483872
0.967741935483872
0.80140252454418
Gen 347
0.967741935483871
0.964866760168304
0.967741935483872
0.967741935483872
0.967741935483872
0.956241234221599
Gen 348
0.967741935483871
0.937349228611501
0.967741935483872
0.967741935483872
0.967741935483872
0.84617110799439
Gen 349
0.967741935483871
0.967349228611502
0.967741935483872
0.967741935483872
0.967741935483872
0.96617110799439
Gen 350
0.967741935483871
0.938036465638149
0.967741935483872
0.967741935483872
0.967741935483872
0.848920056100982
Gen 351
0.967741935483871
0.948134642356242
0.967741935483872
0.967741935483872
0.967741935483872
0.889312762973353
Gen 352
0.967741935483871
0.947194950911642
0.967741935483872
0.967741935483872
0.967741935483872
0.885553997194951
Gen 353
0.967741935483871
0.94058651026393
0.967741935483872
0.967741935483872
0.967741935483872
0.859120234604106
Gen 354
0.967741935483871
0.948387096774194
0.967741935483872
0.967741935483872
0.967741935483872
0.890322580645162
Gen 355
0.967741935483871
0.934109396914447
0.967741935483872
0.967741935483872
0.967741935483872
0.833211781206172
Gen 356
0.967741935483871
0.962903225806452
0.967741935483872
0.967741935483872
0.967741935483872
0.948387096774194
Gen 357
0.967741935483871
0.952903225806452
0.967741935483872
0.967741935483872
0.967741935483872
0.908387096774194
Gen 358
0.967741935483871
0.947741935483872
0.967741935483872
0.967741935483872
0.967741935483872
0.887741935483871
Gen 359
0.967741935483871
0.923464235624124
0.967741935483872
0.967741935483872
0.967741935483872
0.790631136044881
Gen 360
0.967741935483871
0.943548387096775
0.967741935483872
0.967741935483872
0.967741935483872
0.870967741935484
Gen 361
0.967741935483871
0.947755960729313
0.967741935483872
0.967741935483872
0.967741935483872
0.887798036465639
Gen 362
0.967741935483871
0.918491648603851
0.967741935483872
0.967741935483872
0.967741935483872
0.77074078796379
Gen 363
0.967741935483871
0.954403927068724
0.967741935483872
0.967741935483872
0.967741935483872
0.914389901823282
Gen 364
0.967741935483871
0.938457223001403
0.967741935483872
0.967741935483872
0.967741935483872
0.850603085553998
Gen 365
0.967741935483871
0.947489481065919
0.967741935483872
0.967741935483872
0.967741935483872
0.886732117812062
Gen 366
0.967741935483871
0.945722300140253
0.967741935483872
0.967741935483872
0.967741935483872
0.879663394109397
Gen 367
0.967741935483871
0.949943899018234
0.967741935483872
0.967741935483872
0.967741935483872
0.896549789621319
Gen 368
0.967741935483871
0.955652173913044
0.967741935483872
0.967741935483872
0.967741935483872
0.919382889200561
Gen 369
0.967741935483871
0.946774193548388
0.967741935483872
0.967741935483872
0.967741935483872
0.883870967741936
Gen 370
0.967741935483871
0.967194950911642
0.967741935483872
0.967741935483872
0.967741935483872
0.965553997194952
Gen 371
0.967741935483871
0.952173913043479
0.967741935483872
0.967741935483872
0.967741935483872
0.905469845722301
Gen 372
0.967741935483871
0.962903225806452
0.967741935483872
0.967741935483872
0.967741935483872
0.948387096774194
Gen 373
0.967741935483871
0.967489481065919
0.967741935483872
0.967741935483872
0.967741935483872
0.966732117812062
Gen 374
0.967741935483871
0.958064516129033
0.967741935483872
0.967741935483872
0.967741935483872
0.929032258064517
Gen 375
0.967741935483871
0.937741935483872
0.967741935483872
0.967741935483872
0.967741935483872
0.847741935483871
Gen 376
0.967741935483871
0.956451612903227
0.967741935483872
0.967741935483872
0.967741935483872
0.922580645161291
Gen 377
0.967741935483871
0.931348973607039
0.967741935483872
0.967741935483872
0.967741935483872
0.82217008797654
Gen 378
0.967741935483871
0.944796633941095
0.967741935483872
0.967741935483872
0.967741935483872
0.875960729312764
Gen 379
0.967741935483871
0.957166900420758
0.967741935483872
0.967741935483872
0.967741935483872
0.925441795231417
Gen 380
0.967741935483871
0.944768583450211
0.967741935483872
0.967741935483872
0.967741935483872
0.875848527349229
Gen 381
0.967741935483871
0.929352288665052
0.967741935483872
0.967741935483872
0.967741935483872
0.814183348208594
Gen 382
0.967741935483871
0.967741935483872
0.967741935483872
0.967741935483872
0.967741935483872
0.967741935483872
Gen 383
0.967741935483871
0.90046283309958
0.967741935483872
0.967741935483872
0.967741935483872
0.698625525946704
Gen 384
0.967741935483871
0.936451612903227
0.967741935483872
0.967741935483872
0.967741935483872
0.842580645161291
Gen 385
0.967741935483871
0.955483870967743
0.967741935483872
0.967741935483872
0.967741935483872
0.918709677419356
Gen 386
0.967741935483871
0.946774193548388
0.967741935483872
0.967741935483872
0.967741935483872
0.883870967741936
Gen 387
0.967741935483871
0.955315568022441
0.967741935483872
0.967741935483872
0.967741935483872
0.918036465638149
Gen 388
0.967741935483871
0.938625525946705
0.967741935483872
0.967741935483872
0.967741935483872
0.851276297335204
Gen 389
0.967741935483871
0.948302945301543
0.967741935483872
0.967741935483872
0.967741935483872
0.889985974754559
Gen 390
0.967741935483871
0.929032258064517
0.967741935483872
0.967741935483872
0.967741935483872
0.812903225806452
Gen 391
0.967741935483871
0.943578987632284
0.967741935483872
0.967741935483872
0.967741935483872
0.871090144077522
Gen 392
0.967741935483871
0.946451612903227
0.967741935483872
0.967741935483872
0.967741935483872
0.882580645161291
Gen 393
0.967741935483871
0.94061711079944
0.967741935483872
0.967741935483872
0.967741935483872
0.859242636746143
Gen 394
0.967741935483871
0.938709677419356
0.967741935483872
0.967741935483872
0.967741935483872
0.851612903225807
Gen 395
0.967741935483871
0.944006120107103
0.967741935483872
0.967741935483872
0.967741935483872
0.872798673976795
Gen 396
0.967741935483871
0.951879382889201
0.967741935483872
0.967741935483872
0.967741935483872
0.90429172510519
Gen 397
0.967741935483871
0.958064516129033
0.967741935483872
0.967741935483872
0.967741935483872
0.929032258064517
Gen 398
0.967741935483871
0.907096774193549
0.967741935483872
0.967741935483872
0.967741935483872
0.725161290322581
Gen 399
0.967741935483871
0.919354838709678
0.967741935483872
0.967741935483872
0.967741935483872
0.774193548387097
Gen 400
0.967741935483871
0.946774193548388
0.967741935483872
0.967741935483872
0.967741935483872
0.883870967741936
Gen 401
0.967741935483871
0.947461430575036
0.967741935483872
0.967741935483872
0.967741935483872
0.886619915848528
Gen 402
0.967741935483871
0.938036465638149
0.967741935483872
0.967741935483872
0.967741935483872
0.848920056100982
Gen 403
0.967741935483871
0.946269284712483
0.967741935483872
0.967741935483872
0.967741935483872
0.881851332398317
Gen 404
0.967741935483871
0.958973607038124
0.967741935483872
0.967741935483872
0.967741935483872
0.93266862170088
Gen 405
0.967741935483871
0.93894555654724
0.967741935483872
0.967741935483872
0.967741935483872
0.852556419737346
Gen 406
0.967741935483871
0.956883845467297
0.967741935483872
0.967741935483872
0.967741935483872
0.92430957541757
Gen 407
0.967741935483871
0.956802244039271
0.967741935483872
0.967741935483872
0.967741935483872
0.92398316970547
Gen 408
0.967741935483871
0.946774193548388
0.967741935483872
0.967741935483872
0.967741935483872
0.883870967741936
Gen 409
0.967741935483871
0.948134642356242
0.967741935483872
0.967741935483872
0.967741935483872
0.889312762973353
Gen 410
0.967741935483871
0.941436950146628
0.967741935483872
0.967741935483872
0.967741935483872
0.862521994134898
Gen 411
0.967741935483871
0.947713884992988
0.967741935483872
0.967741935483872
0.967741935483872
0.887629733520337
Gen 412
0.967741935483871
0.955483870967743
0.967741935483872
0.967741935483872
0.967741935483872
0.918709677419356
Gen 413
0.967741935483871
0.938709677419356
0.967741935483872
0.967741935483872
0.967741935483872
0.851612903225807
Gen 414
0.967741935483871
0.951114369501467
0.967741935483872
0.967741935483872
0.967741935483872
0.901231671554253
Gen 415
0.967741935483871
0.922404692082112
0.967741935483872
0.967741935483872
0.967741935483872
0.786392961876833
Gen 416
0.967741935483871
0.957571082493945
0.967741935483872
0.967741935483872
0.967741935483872
0.927058523524162
Gen 417
0.967741935483871
0.953488461048069
0.967741935483872
0.967741935483872
0.967741935483872
0.910728037740661
Gen 418
0.967741935483871
0.966900420757364
0.967741935483872
0.967741935483872
0.967741935483872
0.964375876577841
Gen 419
0.967741935483871
0.957279102384293
0.967741935483872
0.967741935483872
0.967741935483872
0.925890603085554
Gen 420
0.967741935483871
0.957935738875431
0.967741935483872
0.967741935483872
0.967741935483872
0.928517149050109
Gen 421
0.967741935483871
0.93800586510264
0.967741935483872
0.967741935483872
0.967741935483872
0.848797653958945
Gen 422
0.967741935483871
0.932589570317481
0.967741935483872
0.967741935483872
0.967741935483872
0.82713247481831
Gen 423
0.967741935483871
0.967012622720898
0.967741935483872
0.967741935483872
0.967741935483872
0.964824684431978
Gen 424
0.967741935483871
0.964193548387097
0.967741935483872
0.967741935483872
0.967741935483872
0.953548387096775
Gen 425
0.967741935483871
0.967349228611502
0.967741935483872
0.967741935483872
0.967741935483872
0.96617110799439
Gen 426
0.967741935483871
0.947124824684433
0.967741935483872
0.967741935483872
0.967741935483872
0.885273492286116
Gen 427
0.967741935483871
0.956802244039271
0.967741935483872
0.967741935483872
0.967741935483872
0.92398316970547
Gen 428
0.967741935483871
0.938501848782355
0.967741935483872
0.967741935483872
0.967741935483872
0.850781588677802
Gen 429
0.967741935483871
0.938777253601939
0.967741935483872
0.967741935483872
0.967741935483872
0.85188320795614
Gen 430
0.967741935483871
0.946715542521995
0.967741935483872
0.967741935483872
0.967741935483872
0.883636363636364
Gen 431
0.967741935483871
0.956942496493689
0.967741935483872
0.967741935483872
0.967741935483872
0.924544179523142
Gen 432
0.967741935483871
0.928387096774194
0.967741935483872
0.967741935483872
0.967741935483872
0.810322580645162
Gen 433
0.967741935483871
0.937391304347827
0.967741935483872
0.967741935483872
0.967741935483872
0.846339410939692
Gen 434
0.967741935483871
0.948364146372562
0.967741935483872
0.967741935483872
0.967741935483872
0.890230779038634
Gen 435
0.967741935483871
0.946451612903227
0.967741935483872
0.967741935483872
0.967741935483872
0.882580645161291
Gen 436
0.967741935483871
0.951290322580646
0.967741935483872
0.967741935483872
0.967741935483872
0.901935483870968
Gen 437
0.967741935483871
0.965455820476859
0.967741935483872
0.967741935483872
0.967741935483872
0.958597475455821
Gen 438
0.967741935483871
0.964179523141656
0.967741935483872
0.967741935483872
0.967741935483872
0.953492286115007
Gen 439
0.967741935483871
0.938709677419356
0.967741935483872
0.967741935483872
0.967741935483872
0.851612903225807
Gen 440
0.967741935483871
0.930631136044882
0.967741935483872
0.967741935483872
0.967741935483872
0.819298737727911
Gen 441
0.967741935483871
0.945413744740534
0.967741935483872
0.967741935483872
0.967741935483872
0.878429172510519
Gen 442
0.967741935483871
0.967741935483872
0.967741935483872
0.967741935483872
0.967741935483872
0.967741935483872
Gen 443
0.967741935483871
0.955399719495092
0.967741935483872
0.967741935483872
0.967741935483872
0.918373071528752
Gen 444
0.967741935483871
0.956760168302946
0.967741935483872
0.967741935483872
0.967741935483872
0.923814866760169
Gen 445
0.967741935483871
0.964712482468444
0.967741935483872
0.967741935483872
0.967741935483872
0.95562412342216
Gen 446
0.967741935483871
0.950715287517533
0.967741935483872
0.967741935483872
0.967741935483872
0.899635343618514
Gen 447
0.967741935483871
0.957475455820478
0.967741935483872
0.967741935483872
0.967741935483872
0.926676016830295
Gen 448
0.967741935483871
0.967110799438991
0.967741935483872
0.967741935483872
0.967741935483872
0.965217391304348
Gen 449
0.967741935483871
0.967741935483872
0.967741935483872
0.967741935483872
0.967741935483872
0.967741935483872
Gen 450
0.967741935483871
0.93795741425475
0.967741935483872
0.967741935483872
0.967741935483872
0.848603850567385
Gen 451
0.967741935483871
0.967741935483872
0.967741935483872
0.967741935483872
0.967741935483872
0.967741935483872
Gen 452
0.967741935483871
0.962286115007013
0.967741935483872
0.967741935483872
0.967741935483872
0.945918653576438
Gen 453
0.967741935483871
0.922608695652175
0.967741935483872
0.967741935483872
0.967741935483872
0.787208976157083
Gen 454
0.967741935483871
0.958064516129033
0.967741935483872
0.967741935483872
0.967741935483872
0.929032258064517
Gen 455
0.967741935483871
0.966002805049089
0.967741935483872
0.967741935483872
0.967741935483872
0.960785413744741
Gen 456
0.967741935483871
0.937054698457224
0.967741935483872
0.967741935483872
0.967741935483872
0.84499298737728
