Gen 1
0.155844155844156
0.00760148064495891
0.0304059225798356
0
0
0
Gen 2
0.16017316017316
0.0898559508124725
0.156017316017316
0.108744588744589
0.070188594014681
0.0244733044733045
Gen 3
0.16017316017316
0.122357111487546
0.156363636363636
0.155844155844156
0.124675324675325
0.0525453290670682
Gen 4
0.168831168831169
0.143985193550411
0.157575757575758
0.155844155844156
0.155844155844156
0.106676704937575
Gen 5
0.168831168831169
0.149004329004329
0.158787878787879
0.155844155844156
0.155844155844156
0.125541125541126
Gen 6
0.168831168831169
0.151558441558441
0.160865800865801
0.155844155844156
0.155844155844156
0.133679653679654
Gen 7
0.168831168831169
0.154718614718615
0.161385281385281
0.158268398268398
0.155844155844156
0.143376623376623
Gen 8
0.168831168831169
0.154952004517222
0.162943722943723
0.16017316017316
0.156363636363636
0.140327498588368
Gen 9
0.168831168831169
0.155021645021645
0.165541125541126
0.16017316017316
0.158268398268398
0.136103896103896
Gen 10
0.186147186147186
0.161082251082251
0.167965367965368
0.162424242424242
0.16
0.153939393939394
Gen 11
0.186147186147186
0.15995670995671
0.17021645021645
0.166060606060606
0.160692640692641
0.142857142857143
Gen 12
0.186147186147186
0.16025974025974
0.17021645021645
0.168831168831169
0.162943722943723
0.139047619047619
Gen 13
0.186147186147186
0.166103896103896
0.171601731601732
0.168831168831169
0.166233766233766
0.157748917748918
Gen 14
0.186147186147186
0.163620427881297
0.175757575757576
0.168831168831169
0.167792207792208
0.142100759144237
Gen 15
0.186147186147186
0.166536796536796
0.183030303030303
0.168831168831169
0.168831168831169
0.145454545454545
Gen 16
0.186147186147186
0.172987012987013
0.186147186147186
0.178181818181818
0.168831168831169
0.158787878787879
Gen 17
0.186147186147186
0.172640692640693
0.186147186147186
0.186147186147186
0.17021645021645
0.148051948051948
Gen 18
0.186147186147186
0.175361816927034
0.186147186147186
0.186147186147186
0.17974025974026
0.149412635673505
Gen 19
0.186147186147186
0.178948114687245
0.186147186147186
0.186147186147186
0.186147186147186
0.157350900307422
Gen 20
0.199134199134199
0.178934939456679
0.186666666666667
0.186147186147186
0.186147186147186
0.156778718865675
Gen 21
0.199134199134199
0.176731664470795
0.187186147186147
0.186147186147186
0.186147186147186
0.14744613840266
Gen 22
0.199134199134199
0.180679590940461
0.188225108225108
0.186147186147186
0.186147186147186
0.162198883242362
Gen 23
0.199134199134199
0.178354852876592
0.189264069264069
0.186147186147186
0.186147186147186
0.151860969947927
Gen 24
0.199134199134199
0.183553045987829
0.193766233766234
0.186147186147186
0.186147186147186
0.168151577890708
Gen 25
0.199134199134199
0.185717422673944
0.199134199134199
0.188225108225108
0.186147186147186
0.169363197189284
Gen 26
0.199134199134199
0.189826714348453
0.199134199134199
0.198961038961039
0.188051948051948
0.173159671246628
Gen 27
0.199134199134199
0.192281448020578
0.199134199134199
0.199134199134199
0.192554112554112
0.178303281259803
Gen 28
0.199134199134199
0.192446201141853
0.199134199134199
0.199134199134199
0.197243992722254
0.174272413576761
Gen 29
0.199134199134199
0.192198381328816
0.199134199134199
0.199134199134199
0.197936633414894
0.172588493631972
Gen 30
0.199134199134199
0.192526632787502
0.199134199134199
0.199134199134199
0.199134199134199
0.172703933747412
Gen 31
0.233766233766234
0.190891398456616
0.20051948051948
0.199134199134199
0.199134199134199
0.164777715038585
Gen 32
0.233766233766234
0.195411255411256
0.204675324675325
0.199134199134199
0.199134199134199
0.178701298701299
Gen 33
0.233766233766234
0.197663717924588
0.212987012987013
0.199134199134199
0.199134199134199
0.179399460442939
Gen 34
0.233766233766234
0.201255411255412
0.226147186147186
0.199134199134199
0.199134199134199
0.180606060606061
Gen 35
0.233766233766234
0.207396699918439
0.233766233766234
0.214718614718615
0.199134199134199
0.181967752054709
Gen 36
0.233766233766234
0.213506493506494
0.233766233766234
0.233766233766234
0.219393939393939
0.167099567099567
Gen 37
0.233766233766234
0.213440240918502
0.233766233766234
0.233766233766234
0.222164502164502
0.164063993977037
Gen 38
0.233766233766234
0.22
0.233766233766234
0.233766233766234
0.23030303030303
0.182164502164502
Gen 39
0.233766233766234
0.222467532467533
0.233766233766234
0.233766233766234
0.233766233766234
0.188571428571429
Gen 40
0.233766233766234
0.223810653115001
0.233766233766234
0.233766233766234
0.233766233766234
0.193943911161302
Gen 41
0.233766233766234
0.226752995796474
0.233766233766234
0.233766233766234
0.233766233766234
0.205713281887195
Gen 42
0.233766233766234
0.225123909906519
0.233766233766234
0.233766233766234
0.233766233766234
0.199196938327373
Gen 43
0.242424242424242
0.221944413074848
0.234112554112554
0.233766233766234
0.233766233766234
0.18613263065437
Gen 44
0.242424242424242
0.229783424305163
0.234458874458875
0.233766233766234
0.233766233766234
0.217142355229312
Gen 45
0.242424242424242
0.228576447706882
0.235497835497836
0.233766233766234
0.233766233766234
0.211275487797227
Gen 46
0.242424242424242
0.231038961038961
0.237922077922078
0.233766233766234
0.233766233766234
0.218701298701299
Gen 47
0.242424242424242
0.221780538302277
0.241731601731602
0.233766233766234
0.233766233766234
0.17785808394504
Gen 48
0.242424242424242
0.228329882677708
0.242424242424242
0.24
0.233766233766234
0.197129054520359
Gen 49
0.242424242424242
0.225806386849865
0.242424242424242
0.242251082251082
0.233766233766234
0.184783988957902
Gen 50
0.242424242424242
0.229845159671246
0.242424242424242
0.242424242424242
0.239307359307359
0.195224794529142
Gen 51
0.242424242424242
0.23648033126294
0.242424242424242
0.242424242424242
0.242424242424242
0.218648597779033
Gen 52
0.242424242424242
0.236834305790827
0.242424242424242
0.242424242424242
0.242424242424242
0.220064495890583
Gen 53
0.242424242424242
0.232462011418533
0.242424242424242
0.242424242424242
0.242424242424242
0.202575318401405
Gen 54
0.242424242424242
0.237883932492628
0.242424242424242
0.242424242424242
0.242424242424242
0.224263002697785
Gen 55
0.251082251082251
0.23539870757262
0.242770562770563
0.242424242424242
0.242424242424242
0.213975782671435
Gen 56
0.251082251082251
0.234143296317209
0.242770562770563
0.242424242424242
0.242424242424242
0.20895413764979
Gen 57
0.251082251082251
0.229653679653679
0.243463203463203
0.242424242424242
0.242424242424242
0.19030303030303
Gen 58
0.251082251082251
0.236147186147186
0.244155844155844
0.242424242424242
0.242424242424242
0.215584415584416
Gen 59
0.251082251082251
0.232378568291611
0.245887445887446
0.242424242424242
0.242424242424242
0.198778342430516
Gen 60
0.251082251082251
0.239264069264069
0.248658008658009
0.242424242424242
0.242424242424242
0.223549783549783
Gen 61
0.251082251082251
0.2406902566033
0.251082251082251
0.246580086580087
0.242424242424242
0.22267444632662
Gen 62
0.251082251082251
0.242597402597402
0.251082251082251
0.251082251082251
0.243116883116883
0.225108225108225
Gen 63
0.251082251082251
0.243506493506493
0.251082251082251
0.251082251082251
0.247792207792208
0.224069264069264
Gen 64
0.251082251082251
0.242510822510822
0.251082251082251
0.251082251082251
0.251082251082251
0.216796536796537
Gen 65
0.251082251082251
0.249177489177489
0.251082251082251
0.251082251082251
0.251082251082251
0.243463203463203
Gen 66
0.251082251082251
0.240173034694774
0.251082251082251
0.251082251082251
0.251082251082251
0.207445385532342
Gen 67
0.251082251082251
0.244898299767865
0.251082251082251
0.251082251082251
0.251082251082251
0.226346445824707
Gen 68
0.251082251082251
0.243116883116883
0.251082251082251
0.251082251082251
0.251082251082251
0.219220779220779
Gen 69
0.251082251082251
0.241168831168831
0.251082251082251
0.251082251082251
0.251082251082251
0.211428571428571
Gen 70
0.251082251082251
0.242770562770563
0.251082251082251
0.251082251082251
0.251082251082251
0.217835497835498
Gen 71
0.251082251082251
0.241647280255976
0.251082251082251
0.251082251082251
0.251082251082251
0.21334236777715
Gen 72
0.251082251082251
0.245287031808771
0.251082251082251
0.251082251082251
0.251082251082251
0.227901373988331
Gen 73
0.251082251082251
0.244767049375745
0.251082251082251
0.251082251082251
0.251082251082251
0.225821444256227
Gen 74
0.268398268398268
0.237272727272727
0.251774891774892
0.251082251082251
0.251082251082251
0.195151515151515
Gen 75
0.268398268398268
0.242586862412949
0.252467532467533
0.251082251082251
0.251082251082251
0.215715415019763
Gen 76
0.268398268398268
0.248744588744589
0.253160173160173
0.251082251082251
0.251082251082251
0.23965367965368
Gen 77
0.268398268398268
0.243858585858586
0.256623376623377
0.251082251082251
0.251082251082251
0.216646464646465
Gen 78
0.268398268398268
0.243624192232888
0.263549783549784
0.251082251082251
0.251082251082251
0.208782483217266
Gen 79
0.268398268398268
0.240344312692139
0.268398268398268
0.254545454545455
0.251082251082251
0.187351276742581
Gen 80
0.268398268398268
0.2495670995671
0.268398268398268
0.268398268398268
0.255930735930736
0.205541125541126
Gen 81
0.268398268398268
0.256976221845787
0.268398268398268
0.268398268398268
0.261471861471862
0.22963648911475
Gen 82
0.268398268398268
0.258863918690006
0.268398268398268
0.268398268398268
0.263549783549784
0.235109354413702
Gen 83
0.268398268398268
0.254138779095301
0.268398268398268
0.268398268398268
0.268398268398268
0.211360311186398
Gen 84
0.268398268398268
0.255009975531715
0.268398268398268
0.268398268398268
0.268398268398268
0.214845096932054
Gen 85
0.268398268398268
0.26017316017316
0.268398268398268
0.268398268398268
0.268398268398268
0.235497835497836
Gen 86
0.268398268398268
0.260562770562771
0.268398268398268
0.268398268398268
0.268398268398268
0.237056277056277
Gen 87
0.268398268398268
0.25017316017316
0.268398268398268
0.268398268398268
0.268398268398268
0.195497835497836
Gen 88
0.268398268398268
0.25770073404856
0.268398268398268
0.268398268398268
0.268398268398268
0.225608130999435
Gen 89
0.268398268398268
0.25939393939394
0.268398268398268
0.268398268398268
0.268398268398268
0.232380952380952
Gen 90
0.268398268398268
0.258380826902566
0.268398268398268
0.268398268398268
0.268398268398268
0.228328502415459
Gen 91
0.268398268398268
0.258874458874459
0.268398268398268
0.268398268398268
0.268398268398268
0.23030303030303
Gen 92
0.296618357487923
0.257338477947174
0.269527071961855
0.268398268398268
0.268398268398268
0.223030303030303
Gen 93
0.296618357487923
0.264662274923144
0.27042399146747
0.268398268398268
0.268398268398268
0.251428571428571
Gen 94
0.296618357487923
0.262744463266202
0.272449714536671
0.268398268398268
0.268398268398268
0.241731601731602
Gen 95
0.296618357487923
0.258833552920509
0.275604241169459
0.268398268398268
0.268398268398268
0.222933433716042
Gen 96
0.296618357487923
0.257348892653241
0.281913294435034
0.268398268398268
0.268398268398268
0.210685739381392
Gen 97
0.296618357487923
0.261418156722505
0.294299516908213
0.269295187903884
0.268398268398268
0.213679653679654
Gen 98
0.296618357487923
0.267474621996361
0.296618357487923
0.28098575820315
0.268398268398268
0.223896103896104
Gen 99
0.360386473429952
0.267568605307736
0.299169082125604
0.296618357487923
0.271985946420729
0.202501035196687
Gen 100
0.360386473429952
0.280782232260493
0.299169082125604
0.296618357487923
0.292536294623251
0.234805194805195
Gen 101
0.360386473429952
0.276148942844595
0.299169082125604
0.296618357487923
0.296618357487923
0.212189974276931
Gen 102
0.360386473429952
0.289249011857707
0.304270531400966
0.296618357487923
0.296618357487923
0.259488801054019
Gen 103
0.360386473429952
0.290603927473493
0.31192270531401
0.296618357487923
0.296618357487923
0.257256289604116
Gen 104
0.360386473429952
0.291672250454859
0.317024154589372
0.296618357487923
0.296618357487923
0.256428132254219
Gen 105
0.360386473429952
0.291630340673819
0.329932367149758
0.296618357487923
0.296618357487923
0.243352280569672
Gen 106
0.360386473429952
0.304568417090156
0.360386473429952
0.298782608695652
0.296618357487923
0.262486228747098
Gen 107
0.360386473429952
0.324343936256979
0.360386473429952
0.360386473429952
0.301642512077295
0.274960286090721
Gen 108
0.360386473429952
0.334278687496079
0.360386473429952
0.360386473429952
0.345545893719807
0.270795909404605
Gen 109
0.406763285024155
0.339390551477508
0.36224154589372
0.360386473429952
0.360386473429952
0.274547713156409
Gen 110
0.406763285024155
0.341288663027793
0.36224154589372
0.360386473429952
0.360386473429952
0.282140159357551
Gen 111
0.406763285024155
0.339861346383085
0.366338164251208
0.360386473429952
0.360386473429952
0.272334274421231
Gen 112
0.406763285024155
0.346811970638057
0.375845410628019
0.360386473429952
0.360386473429952
0.290629525064308
Gen 113
0.406763285024155
0.346363134450091
0.390144927536232
0.360386473429952
0.360386473429952
0.274534663404229
Gen 114
0.406763285024155
0.363373611895351
0.406763285024155
0.371285024154589
0.360386473429952
0.315059664972708
Gen 115
0.406763285024155
0.371231946797164
0.406763285024155
0.406763285024155
0.363400966183575
0.308000250956773
Gen 116
0.406763285024155
0.37684145805885
0.406763285024155
0.406763285024155
0.378086956521739
0.315752305665349
Gen 117
0.406763285024155
0.377078988644207
0.406763285024155
0.406763285024155
0.394628019323671
0.300161365204843
Gen 118
0.408695652173913
0.387330447330448
0.406840579710145
0.406763285024155
0.406763285024155
0.328954639563335
Gen 119
0.408695652173913
0.385627203714161
0.406917874396135
0.406763285024155
0.406763285024155
0.322064370412196
Gen 120
0.408695652173913
0.386878976096368
0.406995169082126
0.406763285024155
0.406763285024155
0.326994165255035
Gen 121
0.408695652173913
0.390776585733108
0.407149758454106
0.406763285024155
0.406763285024155
0.342430014430014
Gen 122
0.408695652173913
0.394484723006462
0.407458937198068
0.406763285024155
0.406763285024155
0.356953384779472
Gen 123
0.408695652173913
0.388817868122216
0.408
0.406763285024155
0.406763285024155
0.333744902440554
Gen 124
0.408695652173913
0.392664784490872
0.408695652173913
0.407536231884058
0.406763285024155
0.34766396888136
Gen 125
0.408695652173913
0.396856013551666
0.408695652173913
0.408541062801932
0.406763285024155
0.363424054206663
Gen 126
0.408695652173913
0.381724323985194
0.408695652173913
0.408695652173913
0.407149758454106
0.302356233138842
Gen 127
0.408695652173913
0.393446891272979
0.408695652173913
0.408695652173913
0.407845410628019
0.348550850116067
Gen 128
0.408695652173913
0.395941401593576
0.408695652173913
0.408695652173913
0.408541062801932
0.357833239224544
Gen 129
0.408695652173913
0.389107472237908
0.408695652173913
0.408695652173913
0.408695652173913
0.330342932429889
Gen 130
0.408695652173913
0.403998117824205
0.408695652173913
0.408695652173913
0.408695652173913
0.38990551477508
Gen 131
0.408695652173913
0.392256728778468
0.408695652173913
0.408695652173913
0.408695652173913
0.342939958592132
Gen 132
0.408695652173913
0.392696656001004
0.408695652173913
0.408695652173913
0.408695652173913
0.344699667482276
Gen 133
0.408695652173913
0.395696718740197
0.408695652173913
0.408695652173913
0.408695652173913
0.356699918439049
Gen 134
0.408695652173913
0.399091034569296
0.408695652173913
0.408695652173913
0.408695652173913
0.370277181755443
Gen 135
0.408695652173913
0.398573185268838
0.408695652173913
0.408695652173913
0.408695652173913
0.368205784553611
Gen 136
0.408695652173913
0.401739757826715
0.408695652173913
0.408695652173913
0.408695652173913
0.380872074785118
Gen 137
0.408695652173913
0.406931677018634
0.408695652173913
0.408695652173913
0.408695652173913
0.401639751552795
Gen 138
0.408695652173913
0.392481084133258
0.408695652173913
0.408695652173913
0.408695652173913
0.343837380011293
Gen 139
0.408695652173913
0.392432273040969
0.408695652173913
0.408695652173913
0.408695652173913
0.343642135642136
Gen 140
0.408695652173913
0.397334588117197
0.408695652173913
0.408695652173913
0.408695652173913
0.363251395947048
Gen 141
0.408695652173913
0.394364765669114
0.408695652173913
0.408695652173913
0.408695652173913
0.351372106154715
Gen 142
0.408695652173913
0.402363887320409
0.408695652173913
0.408695652173913
0.408695652173913
0.383368592759897
Gen 143
0.408695652173913
0.395585042976348
0.408695652173913
0.408695652173913
0.408695652173913
0.35625321538365
Gen 144
0.408695652173913
0.402183574879227
0.408695652173913
0.408695652173913
0.408695652173913
0.382647342995169
Gen 145
0.408695652173913
0.386524625133321
0.408695652173913
0.408695652173913
0.408695652173913
0.320011544011544
Gen 146
0.408695652173913
0.38820616098877
0.408695652173913
0.408695652173913
0.408695652173913
0.32673768743334
Gen 147
0.408695652173913
0.393322416713721
0.408695652173913
0.408695652173913
0.408695652173913
0.347202710333145
Gen 148
0.408695652173913
0.397859966120836
0.408695652173913
0.408695652173913
0.408695652173913
0.365352907961604
Gen 149
0.408695652173913
0.39890432273041
0.408695652173913
0.408695652173913
0.408695652173913
0.3695303343999
Gen 150
0.408695652173913
0.394683355292051
0.408695652173913
0.408695652173913
0.408695652173913
0.352646464646465
Gen 151
0.408695652173913
0.399350774829036
0.408695652173913
0.408695652173913
0.408695652173913
0.371316142794404
Gen 152
0.408695652173913
0.398925654056089
0.408695652173913
0.408695652173913
0.408695652173913
0.369615659702616
Gen 153
0.408695652173913
0.391849425936383
0.408695652173913
0.408695652173913
0.408695652173913
0.341310747223791
Gen 154
0.408695652173913
0.394941464332769
0.408695652173913
0.408695652173913
0.408695652173913
0.353678900809336
Gen 155
0.408695652173913
0.389217265825962
0.408695652173913
0.408695652173913
0.408695652173913
0.330782106782107
Gen 156
0.408695652173913
0.392545705502228
0.408695652173913
0.408695652173913
0.408695652173913
0.34409586548717
Gen 157
0.408695652173913
0.397227053140097
0.408695652173913
0.408695652173913
0.408695652173913
0.362821256038647
Gen 158
0.408695652173913
0.400521739130435
0.408695652173913
0.408695652173913
0.408695652173913
0.376
Gen 159
0.408695652173913
0.40155781416651
0.408695652173913
0.408695652173913
0.408695652173913
0.3801443001443
Gen 160
0.408695652173913
0.397347261434218
0.408695652173913
0.408695652173913
0.408695652173913
0.363302089215133
Gen 161
0.408695652173913
0.397182257356171
0.408695652173913
0.408695652173913
0.408695652173913
0.362642072902942
Gen 162
0.408695652173913
0.401546646590125
0.408695652173913
0.408695652173913
0.408695652173913
0.38009962983876
Gen 163
0.408695652173913
0.388402660141791
0.408695652173913
0.408695652173913
0.408695652173913
0.327523684045423
Gen 164
0.414492753623188
0.395648911474999
0.409082125603865
0.408695652173913
0.408695652173913
0.356122215948303
Gen 165
0.414492753623188
0.400493506493507
0.409468599033816
0.408695652173913
0.408695652173913
0.375114122592383
Gen 166
0.414492753623188
0.406264884873581
0.41024154589372
0.408695652173913
0.408695652173913
0.397426689252776
Gen 167
0.414492753623188
0.404237656063743
0.411091787439614
0.408695652173913
0.408695652173913
0.388467532467532
Gen 168
0.414492753623188
0.394282702804442
0.412869565217391
0.408695652173913
0.408695652173913
0.34686994165255
Gen 169
0.414492753623188
0.394034506556246
0.414183574879227
0.410550724637681
0.408695652173913
0.342708074534161
Gen 170
0.414492753623188
0.401922579835623
0.414492753623188
0.413565217391304
0.410859903381643
0.368772444946358
Gen 171
0.414492753623188
0.394104648974214
0.414492753623188
0.414492753623188
0.413101449275362
0.334331639375118
Gen 172
0.414492753623188
0.403318024970199
0.414492753623188
0.414492753623188
0.414338164251208
0.369948428383211
Gen 173
0.414492753623188
0.396303532216576
0.414492753623188
0.414492753623188
0.414492753623188
0.341735867996738
Gen 174
0.414492753623188
0.39769834995922
0.414492753623188
0.414492753623188
0.414492753623188
0.347315138967313
Gen 175
0.414492753623188
0.399497208105904
0.414492753623188
0.414492753623188
0.414492753623188
0.35451057155405
Gen 176
0.414492753623188
0.393637241985068
0.414492753623188
0.414492753623188
0.414492753623188
0.331070707070707
Gen 177
0.414492753623188
0.406307422046553
0.414492753623188
0.414492753623188
0.414492753623188
0.381751427316645
Gen 178
0.414492753623188
0.384655624568668
0.414492753623188
0.414492753623188
0.414492753623188
0.295144237405107
Gen 179
0.418357487922705
0.399050379572119
0.414647342995169
0.414492753623188
0.414492753623188
0.352568668046929
Gen 180
0.423188405797101
0.390595896856766
0.415149758454106
0.414492753623188
0.414492753623188
0.318248321726583
Gen 181
0.423188405797101
0.396688499905891
0.415613526570048
0.414492753623188
0.414492753623188
0.34215496580714
Gen 182
0.434782608695652
0.411375995984692
0.41727536231884
0.414492753623188
0.414492753623188
0.399243114373549
Gen 183
0.434782608695652
0.403671372106155
0.418666666666667
0.414492753623188
0.414492753623188
0.367033314511575
Gen 184
0.434782608695652
0.396469163686555
0.421256038647343
0.415265700483092
0.414492753623188
0.334862161992597
Gen 185
0.434782608695652
0.402843591191417
0.424811594202899
0.418473429951691
0.414801932367149
0.35328740824393
Gen 186
0.434782608695652
0.397610138653617
0.426009661835749
0.422106280193237
0.417584541062802
0.32474007152268
Gen 187
0.46280193236715
0.394453855323421
0.430338164251208
0.423188405797102
0.421217391304348
0.303071459941025
Gen 188
0.46280193236715
0.397744776962168
0.435246376811594
0.423497584541063
0.422570048309179
0.309665098186837
Gen 189
0.46280193236715
0.4085064307673
0.438144927536232
0.430531400966184
0.423342995169082
0.342006399397704
Gen 190
0.46280193236715
0.40584365393061
0.442628019323672
0.434280193236715
0.424
0.322466403162055
Gen 191
0.46280193236715
0.420000125478386
0.45263768115942
0.434782608695652
0.430028985507247
0.362551226551227
Gen 192
0.46280193236715
0.421018508061986
0.46280193236715
0.442473429951691
0.431884057971015
0.34691461195809
Gen 193
0.469565217391304
0.431429700734048
0.463072463768116
0.46280193236715
0.439188405797102
0.360656001003827
Gen 194
0.469565217391304
0.437577514273166
0.463072463768116
0.46280193236715
0.45151690821256
0.37291875274484
Gen 195
0.469565217391304
0.435933496455235
0.463072463768116
0.46280193236715
0.45607729468599
0.361782294999686
Gen 196
0.480519480519481
0.431352280569671
0.463781165694209
0.46280193236715
0.46280193236715
0.336024091850179
Gen 197
0.480519480519481
0.434327749545141
0.463781165694209
0.46280193236715
0.46280193236715
0.347925967752055
Gen 198
0.480519480519481
0.44121902252337
0.464322228496141
0.46280193236715
0.46280193236715
0.37494999686304
Gen 199
0.480519480519481
0.438989898989899
0.464322228496141
0.46280193236715
0.46280193236715
0.366033502729155
Gen 200
0.480519480519481
0.442756634669678
0.466989397076353
0.46280193236715
0.46280193236715
0.37843327686806
Gen 201
0.480519480519481
0.452235271974402
0.468573938139155
0.46280193236715
0.46280193236715
0.414763285024155
Gen 202
0.480519480519481
0.438680092854006
0.474410690758517
0.463884057971014
0.46280193236715
0.353623690319342
Gen 203
0.480519480519481
0.458876215571868
0.478379823075475
0.468753623188406
0.46280193236715
0.42556948365644
Gen 204
0.480519480519481
0.450789384528515
0.480519480519481
0.473328063241107
0.463072463768116
0.386237530585357
Gen 205
0.480519480519481
0.459431959345003
0.480519480519481
0.480106907585169
0.466280193236715
0.410821256038647
Gen 206
0.480519480519481
0.459042223477006
0.480519480519481
0.480519480519481
0.470223226049313
0.40490670681975
Gen 207
0.480519480519481
0.446628897672376
0.480519480519481
0.480519480519481
0.473973022146935
0.351503607503608
Gen 208
0.480519480519481
0.438885500972457
0.480519480519481
0.480519480519481
0.473989083380388
0.320513959470481
Gen 209
0.480519480519481
0.451411757324801
0.480519480519481
0.480519480519481
0.479182382834557
0.365425685425686
Gen 210
0.480519480519481
0.447355543007717
0.480519480519481
0.480519480519481
0.480519480519481
0.347863730472426
Gen 211
0.480519480519481
0.467399460442939
0.480519480519481
0.480519480519481
0.480519480519481
0.428039400213313
Gen 212
0.480519480519481
0.441672877846791
0.480519480519481
0.480519480519481
0.480519480519481
0.325133069828722
Gen 213
0.480519480519481
0.467257544387979
0.480519480519481
0.480519480519481
0.480519480519481
0.427471735993475
Gen 214
0.480519480519481
0.458768429637995
0.480519480519481
0.480519480519481
0.480519480519481
0.393515276993538
Gen 215
0.480519480519481
0.445389296693645
0.480519480519481
0.480519480519481
0.480519480519481
0.339998745216136
Gen 216
0.480519480519481
0.440111801242236
0.480519480519481
0.480519480519481
0.480519480519481
0.318888763410502
Gen 217
0.480519480519481
0.462573185268838
0.480519480519481
0.480519480519481
0.480519480519481
0.408734299516908
Gen 218
0.480519480519481
0.457980048936571
0.480519480519481
0.480519480519481
0.480519480519481
0.390361754187841
Gen 219
0.480519480519481
0.447662588619111
0.480519480519481
0.480519480519481
0.480519480519481
0.349091912918
Gen 220
0.480519480519481
0.459358805445762
0.480519480519481
0.480519480519481
0.480519480519481
0.395876780224606
Gen 221
0.480519480519481
0.46703281259803
0.480519480519481
0.480519480519481
0.480519480519481
0.426572808833678
Gen 222
0.480519480519481
0.451393061045235
0.480519480519481
0.480519480519481
0.480519480519481
0.364013802622498
Gen 223
0.480519480519481
0.446707572620616
0.480519480519481
0.480519480519481
0.480519480519481
0.345271848924023
Gen 224
0.480519480519481
0.453392684610076
0.480519480519481
0.480519480519481
0.480519480519481
0.372012296881862
Gen 225
0.480519480519481
0.466116694899304
0.480519480519481
0.480519480519481
0.480519480519481
0.422908338038773
Gen 226
0.480519480519481
0.474458623502102
0.480519480519481
0.480519480519481
0.480519480519481
0.456276052449966
Gen 227
0.480519480519481
0.464846728151076
0.480519480519481
0.480519480519481
0.480519480519481
0.417828471045862
Gen 228
0.480519480519481
0.463951439864484
0.480519480519481
0.480519480519481
0.480519480519481
0.414247317899492
Gen 229
0.480519480519481
0.450749607880043
0.480519480519481
0.480519480519481
0.480519480519481
0.361439989961729
Gen 230
0.480519480519481
0.461697597088902
0.480519480519481
0.480519480519481
0.480519480519481
0.405231946797164
Gen 231
0.480519480519481
0.471222535918189
0.480519480519481
0.480519480519481
0.480519480519481
0.443331702114311
Gen 232
0.480519480519481
0.468377438986135
0.480519480519481
0.480519480519481
0.480519480519481
0.431951314386097
Gen 233
0.480519480519481
0.462861283643893
0.480519480519481
0.480519480519481
0.480519480519481
0.409886693017128
Gen 234
0.480519480519481
0.466796285839765
0.480519480519481
0.480519480519481
0.480519480519481
0.425626701800615
Gen 235
0.480519480519481
0.449350398393877
0.480519480519481
0.480519480519481
0.480519480519481
0.355843152017065
Gen 236
0.480519480519481
0.452145931363323
0.480519480519481
0.480519480519481
0.480519480519481
0.367025283894849
Gen 237
0.480519480519481
0.451679151766109
0.480519480519481
0.480519480519481
0.480519480519481
0.365158165505992
Gen 238
0.489177489177489
0.459661710270406
0.480865800865801
0.480519480519481
0.480519480519481
0.396742079176862
Gen 239
0.489177489177489
0.460909090909091
0.481212121212121
0.480519480519481
0.480519480519481
0.401385281385281
Gen 240
0.489177489177489
0.458283706631533
0.481904761904762
0.480519480519481
0.480519480519481
0.390191103582408
Gen 241
0.489177489177489
0.44991065938892
0.482597402597403
0.480519480519481
0.480519480519481
0.356006273919317
Gen 242
0.489177489177489
0.442722379070205
0.485367965367966
0.480519480519481
0.480519480519481
0.324482589873894
Gen 243
0.489177489177489
0.465359683794467
0.489177489177489
0.481212121212121
0.480519480519481
0.410529644268775
Gen 244
0.489177489177489
0.470382834556748
0.489177489177489
0.487792207792208
0.480519480519481
0.424042160737813
Gen 245
0.489177489177489
0.467614153961981
0.489177489177489
0.489177489177489
0.483982683982684
0.408118953510258
Gen 246
0.489177489177489
0.456609574000879
0.489177489177489
0.489177489177489
0.486753246753247
0.361330070895288
Gen 247
0.489177489177489
0.466081184515967
0.489177489177489
0.489177489177489
0.489177489177489
0.396792270531401
Gen 248
0.489177489177489
0.464473304473304
0.489177489177489
0.489177489177489
0.489177489177489
0.39036075036075
Gen 249
0.489177489177489
0.454262375305853
0.489177489177489
0.489177489177489
0.489177489177489
0.349517033690947
Gen 250
0.489177489177489
0.466704310182571
0.489177489177489
0.489177489177489
0.489177489177489
0.399284773197817
Gen 251
0.489177489177489
0.465956960913482
0.489177489177489
0.489177489177489
0.489177489177489
0.396295376121463
Gen 252
0.489177489177489
0.457929104711713
0.489177489177489
0.489177489177489
0.489177489177489
0.364183951314386
Gen 253
0.489177489177489
0.452488989271598
0.489177489177489
0.489177489177489
0.489177489177489
0.342423489553924
Gen 254
0.489177489177489
0.449098186837317
0.489177489177489
0.489177489177489
0.489177489177489
0.328860279816802
Gen 255
0.489177489177489
0.463720559633603
0.489177489177489
0.489177489177489
0.489177489177489
0.387349771001945
Gen 256
0.489177489177489
0.454432523997741
0.489177489177489
0.489177489177489
0.489177489177489
0.350197628458498
Gen 257
0.489177489177489
0.466222096743835
0.489177489177489
0.489177489177489
0.489177489177489
0.397355919442876
Gen 258
0.489177489177489
0.487496329757199
0.489177489177489
0.489177489177489
0.489177489177489
0.48245285149633
Gen 259
0.489177489177489
0.469536859275989
0.489177489177489
0.489177489177489
0.489177489177489
0.410614969571492
Gen 260
0.489177489177489
0.454629023150762
0.489177489177489
0.489177489177489
0.489177489177489
0.350983625070582
Gen 261
0.489177489177489
0.454174916870569
0.489177489177489
0.489177489177489
0.489177489177489
0.349167199949809
Gen 262
0.489177489177489
0.463287910157475
0.489177489177489
0.489177489177489
0.489177489177489
0.385619173097434
Gen 263
0.489177489177489
0.467984064244933
0.489177489177489
0.489177489177489
0.489177489177489
0.404403789447268
Gen 264
0.489177489177489
0.474886881234707
0.489177489177489
0.489177489177489
0.489177489177489
0.432015057406362
Gen 265
0.489177489177489
0.466247317899491
0.489177489177489
0.489177489177489
0.489177489177489
0.3974568040655
Gen 266
0.489177489177489
0.467942656377438
0.489177489177489
0.489177489177489
0.489177489177489
0.404238157977289
Gen 267
0.489177489177489
0.45569144864797
0.489177489177489
0.489177489177489
0.489177489177489
0.355233327059414
Gen 268
0.489177489177489
0.451560574691009
0.489177489177489
0.489177489177489
0.489177489177489
0.33870983123157
Gen 269
0.489177489177489
0.46160863291298
0.489177489177489
0.489177489177489
0.489177489177489
0.378902064119456
Gen 270
0.489177489177489
0.443954953259301
0.489177489177489
0.489177489177489
0.489177489177489
0.308287345504737
Gen 271
0.489177489177489
0.462197001066566
0.489177489177489
0.489177489177489
0.489177489177489
0.381255536733798
Gen 272
0.489177489177489
0.45086718112805
0.489177489177489
0.489177489177489
0.489177489177489
0.335936256979735
Gen 273
0.489177489177489
0.48116883116883
0.489177489177489
0.489177489177489
0.489177489177489
0.457142857142857
Gen 274
0.489177489177489
0.454099127925214
0.489177489177489
0.489177489177489
0.489177489177489
0.348864044168392
Gen 275
0.489177489177489
0.460855009724574
0.489177489177489
0.489177489177489
0.489177489177489
0.375887571365832
Gen 276
0.489177489177489
0.459439613526569
0.489177489177489
0.489177489177489
0.489177489177489
0.370225986573813
Gen 277
0.489177489177489
0.443490683229813
0.489177489177489
0.489177489177489
0.489177489177489
0.306430265386787
Gen 278
0.489177489177489
0.448880356358617
0.489177489177489
0.489177489177489
0.489177489177489
0.327988957902001
Gen 279
0.489177489177489
0.455960223351527
0.489177489177489
0.489177489177489
0.489177489177489
0.356308425873643
Gen 280
0.489177489177489
0.441876403789447
0.489177489177489
0.489177489177489
0.489177489177489
0.299973147625322
Gen 281
0.489177489177489
0.441981805633979
0.489177489177489
0.489177489177489
0.489177489177489
0.300394755003451
Gen 282
0.489177489177489
0.426902566033
0.489177489177489
0.489177489177489
0.489177489177489
0.240077796599536
Gen 283
0.502164502164502
0.458152079804253
0.48969696969697
0.489177489177489
0.489177489177489
0.364556371165067
Gen 284
0.502164502164502
0.460196373674634
0.49021645021645
0.489177489177489
0.489177489177489
0.37221406612711
Gen 285
0.502164502164502
0.439211619298575
0.491255411255411
0.489177489177489
0.489177489177489
0.287236087583914
Gen 286
0.502164502164502
0.466908965430704
0.492813852813853
0.489177489177489
0.489177489177489
0.396467030553987
Gen 287
0.502164502164502
0.466621745404353
0.494891774891775
0.489177489177489
0.489177489177489
0.393240228370663
Gen 288
0.502164502164502
0.457177238220716
0.50008658008658
0.489177489177489
0.489177489177489
0.350267394441308
Gen 289
0.502164502164502
0.483322918627266
0.502164502164502
0.496450216450217
0.489177489177489
0.445499466716858
Gen 290
0.502164502164502
0.472554614467657
0.502164502164502
0.502164502164502
0.48969696969697
0.396192483844658
Gen 291
0.502164502164502
0.482960662525879
0.502164502164502
0.502164502164502
0.498528138528139
0.428985507246377
Gen 292
0.502164502164502
0.445521425434468
0.502164502164502
0.502164502164502
0.495411255411256
0.282345441997616
Gen 293
0.502164502164502
0.475367714411192
0.502164502164502
0.502164502164502
0.50008658008658
0.397055273229186
Gen 294
0.506493506493506
0.485432586736934
0.502463642637556
0.502164502164502
0.502164502164502
0.434937699981178
Gen 295
0.515151515151515
0.4875275738754
0.503156283330197
0.502164502164502
0.502164502164502
0.442625007842399
Gen 296
0.515151515151515
0.478051446138403
0.50345542380325
0.502164502164502
0.502164502164502
0.404421356421357
Gen 297
0.515151515151515
0.478519982433026
0.503880544576197
0.502164502164502
0.502164502164502
0.405870380826903
Gen 298
0.515151515151515
0.48237518037518
0.50612610577828
0.502164502164502
0.502164502164502
0.419045611393438
Gen 299
0.515151515151515
0.489195934500282
0.507642888512454
0.503444381705251
0.502164502164502
0.443531965618922
Gen 300
0.515151515151515
0.480663906142167
0.508571428571428
0.505238722630027
0.502164502164502
0.406680971202711
Gen 301
0.515151515151515
0.481806135893092
0.510995670995671
0.506493506493506
0.503670242800678
0.406065123282515
Gen 302
0.515151515151515
0.475791078486731
0.515151515151515
0.507532467532467
0.50519154275676
0.37528878850618
Gen 303
0.515151515151515
0.477007967877533
0.515151515151515
0.513766233766234
0.505726582596148
0.373387539996236
Gen 304
0.515151515151515
0.475468724512203
0.515151515151515
0.515151515151515
0.50905376748855
0.362518100257231
Gen 305
0.515151515151515
0.491532467532468
0.515151515151515
0.515151515151515
0.512034632034632
0.423792207792208
Gen 306
0.515151515151515
0.468143045360437
0.515151515151515
0.515151515151515
0.513766233766234
0.328502917372483
Gen 307
0.515151515151515
0.499356044921262
0.515151515151515
0.515151515151515
0.515151515151515
0.451969634230504
Gen 308
0.515151515151515
0.478800426626514
0.515151515151515
0.515151515151515
0.515151515151515
0.369747161051509
Gen 309
0.515151515151515
0.49305376748855
0.515151515151515
0.515151515151515
0.515151515151515
0.426760524499655
Gen 310
0.515151515151515
0.493403350272916
0.515151515151515
0.515151515151515
0.515151515151515
0.428158855637117
Gen 311
0.515151515151515
0.482173411129933
0.515151515151515
0.515151515151515
0.515151515151515
0.383239099065186
Gen 312
0.515151515151515
0.483538615973399
0.515151515151515
0.515151515151515
0.515151515151515
0.388699918439049
Gen 313
0.515151515151515
0.478441307484786
0.515151515151515
0.515151515151515
0.515151515151515
0.368310684484598
Gen 314
0.515151515151515
0.486555492816363
0.515151515151515
0.515151515151515
0.515151515151515
0.400767425810904
Gen 315
0.515151515151515
0.50079264696656
0.515151515151515
0.515151515151515
0.515151515151515
0.457716042411695
Gen 316
0.515151515151515
0.472574565531087
0.515151515151515
0.515151515151515
0.515151515151515
0.344843716669804
Gen 317
0.515151515151515
0.493608632912981
0.515151515151515
0.515151515151515
0.515151515151515
0.428979986197378
Gen 318
0.515151515151515
0.478914486479704
0.515151515151515
0.515151515151515
0.515151515151515
0.37020340046427
Gen 319
0.515151515151515
0.502773448773449
0.515151515151515
0.515151515151515
0.515151515151515
0.46563924963925
Gen 320
0.515151515151515
0.474167388167388
0.515151515151515
0.515151515151515
0.515151515151515
0.351215007215007
Gen 321
0.515151515151515
0.48941075349771
0.515151515151515
0.515151515151515
0.515151515151515
0.412188468536295
Gen 322
0.515151515151515
0.484388982997679
0.515151515151515
0.515151515151515
0.515151515151515
0.392101386536169
Gen 323
0.515151515151515
0.480994165255035
0.515151515151515
0.515151515151515
0.515151515151515
0.378522115565594
Gen 324
0.515151515151515
0.488647217516783
0.515151515151515
0.515151515151515
0.515151515151515
0.409134324612586
Gen 325
0.515151515151515
0.475695840391493
0.515151515151515
0.515151515151515
0.515151515151515
0.357328816111425
Gen 326
0.515151515151515
0.493945291423553
0.515151515151515
0.515151515151515
0.515151515151515
0.430326620239664
Gen 327
0.515151515151515
0.493073342116821
0.515151515151515
0.515151515151515
0.515151515151515
0.426838823012736
Gen 328
0.515151515151515
0.485093042223477
0.515151515151515
0.515151515151515
0.515151515151515
0.394917623439363
Gen 329
0.515151515151515
0.475312754877973
0.515151515151515
0.515151515151515
0.515151515151515
0.355796474057344
Gen 330
0.515151515151515
0.485172846477195
0.515151515151515
0.515151515151515
0.515151515151515
0.395236840454232
Gen 331
0.515151515151515
0.475047117134074
0.515151515151515
0.515151515151515
0.515151515151515
0.354733923081749
Gen 332
0.515151515151515
0.505324926281448
0.515151515151515
0.515151515151515
0.515151515151515
0.475845159671247
Gen 333
0.515151515151515
0.478946734424996
0.515151515151515
0.515151515151515
0.515151515151515
0.370332392245436
Gen 334
0.515151515151515
0.491119141727838
0.515151515151515
0.515151515151515
0.515151515151515
0.419022021456804
Gen 335
0.515151515151515
0.458029487420792
0.515151515151515
0.515151515151515
0.515151515151515
0.286663404228622
Gen 336
0.515151515151515
0.473771503858461
0.515151515151515
0.515151515151515
0.515151515151515
0.349631469979296
Gen 337
0.515151515151515
0.477504987765857
0.515151515151515
0.515151515151515
0.515151515151515
0.364565405608884
Gen 338
0.515151515151515
0.483029801116758
0.515151515151515
0.515151515151515
0.515151515151515
0.386664659012485
Gen 339
0.515151515151515
0.495450404667796
0.515151515151515
0.515151515151515
0.515151515151515
0.436347073216639
Gen 340
0.515151515151515
0.490790011920447
0.515151515151515
0.515151515151515
0.515151515151515
0.417705502227241
Gen 341
0.515151515151515
0.495339356295878
0.515151515151515
0.515151515151515
0.515151515151515
0.435902879728967
Gen 342
0.515151515151515
0.48996975970889
0.515151515151515
0.515151515151515
0.515151515151515
0.414424493381015
Gen 343
0.515151515151515
0.502231507622812
0.515151515151515
0.515151515151515
0.515151515151515
0.463471485036703
Gen 344
0.515151515151515
0.506972332015811
0.515151515151515
0.515151515151515
0.515151515151515
0.482434782608696
Gen 345
0.515151515151515
0.490595394943221
0.515151515151515
0.515151515151515
0.515151515151515
0.416927034318339
Gen 346
0.515151515151515
0.472261747913922
0.515151515151515
0.515151515151515
0.515151515151515
0.343592446201142
Gen 347
0.515151515151515
0.489912290607943
0.515151515151515
0.515151515151515
0.515151515151515
0.414194616977226
Gen 348
0.515151515151515
0.482770939205722
0.515151515151515
0.515151515151515
0.515151515151515
0.385629211368342
Gen 349
0.515151515151515
0.489714536671059
0.515151515151515
0.515151515151515
0.515151515151515
0.413403601229688
Gen 350
0.515151515151515
0.483583788192484
0.515151515151515
0.515151515151515
0.515151515151515
0.38888060731539
Gen 351
0.515151515151515
0.492013677144112
0.515151515151515
0.515151515151515
0.515151515151515
0.422600163121902
Gen 352
0.515151515151515
0.495259175607002
0.515151515151515
0.515151515151515
0.515151515151515
0.435582156973461
Gen 353
0.515151515151515
0.489929983060418
0.515151515151515
0.515151515151515
0.515151515151515
0.414265386787126
Gen 354
0.515151515151515
0.483678524374177
0.515151515151515
0.515151515151515
0.515151515151515
0.389259552042161
Gen 355
0.515151515151515
0.48475211744777
0.515151515151515
0.515151515151515
0.515151515151515
0.393553924336533
Gen 356
0.515151515151515
0.483756446452099
0.515151515151515
0.515151515151515
0.515151515151515
0.389571240353849
Gen 357
0.515151515151515
0.48474797666102
0.515151515151515
0.515151515151515
0.515151515151515
0.393537361189535
Gen 358
0.515151515151515
0.490584227366836
0.515151515151515
0.515151515151515
0.515151515151515
0.416882364012799
Gen 359
0.515151515151515
0.488968818620993
0.515151515151515
0.515151515151515
0.515151515151515
0.410420729029425
Gen 360
0.515151515151515
0.479767237593325
0.515151515151515
0.515151515151515
0.515151515151515
0.373614404918753
Gen 361
0.515151515151515
0.477153146370538
0.515151515151515
0.515151515151515
0.515151515151515
0.363158040027605
Gen 362
0.515151515151515
0.501838258359998
0.515151515151515
0.515151515151515
0.515151515151515
0.461898487985445
Gen 363
0.515151515151515
0.493523558567037
0.515151515151515
0.515151515151515
0.515151515151515
0.428639688813602
Gen 364
0.515151515151515
0.499045611393438
0.515151515151515
0.515151515151515
0.515151515151515
0.450727900119205
Gen 365
0.515151515151515
0.501729343120648
0.515151515151515
0.515151515151515
0.515151515151515
0.461462827028045
Gen 366
0.515151515151515
0.50524825898739
0.515151515151515
0.515151515151515
0.515151515151515
0.475538490495012
Gen 367
0.515151515151515
0.494757889453542
0.515151515151515
0.515151515151515
0.515151515151515
0.433577012359621
Gen 368
0.515151515151515
0.494850868937826
0.515151515151515
0.515151515151515
0.515151515151515
0.433948930296756
Gen 369
0.515151515151515
0.486449212623126
0.515151515151515
0.515151515151515
0.515151515151515
0.400342305037957
Gen 370
0.515151515151515
0.464006775832863
0.515151515151515
0.515151515151515
0.515151515151515
0.310572557876906
Gen 371
0.515151515151515
0.472325867369346
0.515151515151515
0.515151515151515
0.515151515151515
0.343848924022837
Gen 372
0.515151515151515
0.473889328063241
0.515151515151515
0.515151515151515
0.515151515151515
0.350102766798419
Gen 373
0.515151515151515
0.477583662714098
0.515151515151515
0.515151515151515
0.515151515151515
0.364880105401845
Gen 374
0.515151515151515
0.492852751113621
0.515151515151515
0.515151515151515
0.515151515151515
0.425956458999937
Gen 375
0.515151515151515
0.470497145366711
0.515151515151515
0.515151515151515
0.515151515151515
0.336534036012297
Gen 376
0.515151515151515
0.493246000376435
0.515151515151515
0.515151515151515
0.515151515151515
0.427529456051195
Gen 377
0.515151515151515
0.483064558629776
0.515151515151515
0.515151515151515
0.515151515151515
0.386803689064559
Gen 378
0.515151515151515
0.494444569922831
0.515151515151515
0.515151515151515
0.515151515151515
0.432323734236778
Gen 379
0.515151515151515
0.492381328816112
0.515151515151515
0.515151515151515
0.515151515151515
0.4240707698099
Gen 380
0.515151515151515
0.501499592195244
0.515151515151515
0.515151515151515
0.515151515151515
0.460543823326432
Gen 381
0.515151515151515
0.487719806763285
0.515151515151515
0.515151515151515
0.515151515151515
0.405424681598595
Gen 382
0.515151515151515
0.480905953949432
0.515151515151515
0.515151515151515
0.515151515151515
0.378169270343183
Gen 383
0.515151515151515
0.507649162431771
0.515151515151515
0.515151515151515
0.515151515151515
0.485142104272539
Gen 384
0.515151515151515
0.494513457556936
0.515151515151515
0.515151515151515
0.515151515151515
0.432599284773198
Gen 385
0.515151515151515
0.500648597779033
0.515151515151515
0.515151515151515
0.515151515151515
0.457139845661585
Gen 386
0.515151515151515
0.490745090658134
0.515151515151515
0.515151515151515
0.515151515151515
0.417525817177991
Gen 387
0.515151515151515
0.494508814856641
0.515151515151515
0.515151515151515
0.515151515151515
0.432580713972018
Gen 388
0.515151515151515
0.500772821381517
0.515151515151515
0.515151515151515
0.515151515151515
0.457636740071523
Gen 389
0.515151515151515
0.498052951879039
0.515151515151515
0.515151515151515
0.515151515151515
0.44675726206161
Gen 390
0.515151515151515
0.491789698224481
0.515151515151515
0.515151515151515
0.515151515151515
0.421704247443378
Gen 391
0.515151515151515
0.477668862538428
0.515151515151515
0.515151515151515
0.515151515151515
0.365220904699166
Gen 392
0.515151515151515
0.481936256979736
0.515151515151515
0.515151515151515
0.515151515151515
0.382290482464396
Gen 393
0.515151515151515
0.497482778091474
0.515151515151515
0.515151515151515
0.515151515151515
0.44447656691135
Gen 394
0.515151515151515
0.493578016186712
0.515151515151515
0.515151515151515
0.515151515151515
0.428857519292302
Gen 395
0.515151515151515
0.480945856076291
0.515151515151515
0.515151515151515
0.515151515151515
0.378328878850618
Gen 396
0.515151515151515
0.48312077294686
0.515151515151515
0.515151515151515
0.515151515151515
0.387028546332894
Gen 397
0.515151515151515
0.492354852876592
0.515151515151515
0.515151515151515
0.515151515151515
0.423964866051823
Gen 398
0.515151515151515
0.491348014304536
0.515151515151515
0.515151515151515
0.515151515151515
0.419937511763599
Gen 399
0.515151515151515
0.493624317711275
0.515151515151515
0.515151515151515
0.515151515151515
0.429042725390552
Gen 400
0.515151515151515
0.497272852751114
0.515151515151515
0.515151515151515
0.515151515151515
0.443636865549909
Gen 401
0.515151515151515
0.492451220277307
0.515151515151515
0.515151515151515
0.515151515151515
0.424350335654684
Gen 402
0.515151515151515
0.484860907208733
0.515151515151515
0.515151515151515
0.515151515151515
0.393989083380388
Gen 403
0.515151515151515
0.46722316331012
0.515151515151515
0.515151515151515
0.515151515151515
0.323438107785934
Gen 404
0.515151515151515
0.490390739695088
0.515151515151515
0.515151515151515
0.515151515151515
0.416108413325805
Gen 405
0.515151515151515
0.498302779346258
0.515151515151515
0.515151515151515
0.515151515151515
0.447756571930485
Gen 406
0.515151515151515
0.499026036765167
0.515151515151515
0.515151515151515
0.515151515151515
0.450649601606123
Gen 407
0.515151515151515
0.501647531212749
0.515151515151515
0.515151515151515
0.515151515151515
0.461135579396449
Gen 408
0.515151515151515
0.504617855574378
0.515151515151515
0.515151515151515
0.515151515151515
0.473016876842964
Gen 409
0.515151515151515
0.49665487169835
0.515151515151515
0.515151515151515
0.515151515151515
0.441164941338855
Gen 410
0.515151515151515
0.481937637241985
0.515151515151515
0.515151515151515
0.515151515151515
0.382296003513395
Gen 411
0.515151515151515
0.485832109919067
0.515151515151515
0.515151515151515
0.515151515151515
0.39787389422172
Gen 412
0.515151515151515
0.489138716356108
0.515151515151515
0.515151515151515
0.515151515151515
0.411100319969885
Gen 413
0.515151515151515
0.47111562833302
0.515151515151515
0.515151515151515
0.515151515151515
0.339007967877533
Gen 414
0.515151515151515
0.489117761465588
0.515151515151515
0.515151515151515
0.515151515151515
0.411016500407805
Gen 415
0.515151515151515
0.493639500596023
0.515151515151515
0.515151515151515
0.515151515151515
0.429103456929544
Gen 416
0.515151515151515
0.494687370600414
0.515151515151515
0.515151515151515
0.515151515151515
0.433294936947111
Gen 417
0.515151515151515
0.492865549909028
0.515151515151515
0.515151515151515
0.515151515151515
0.426007654181567
Gen 418
0.515151515151515
0.477241985068072
0.515151515151515
0.515151515151515
0.515151515151515
0.363513394817743
Gen 419
0.515151515151515
0.486228370663154
0.515151515151515
0.515151515151515
0.515151515151515
0.399458937198068
Gen 420
0.515151515151515
0.483086140912228
0.515151515151515
0.515151515151515
0.515151515151515
0.386890018194366
Gen 421
0.515151515151515
0.492031118639814
0.515151515151515
0.515151515151515
0.515151515151515
0.422669929104712
Gen 422
0.515151515151515
0.492287220026351
0.515151515151515
0.515151515151515
0.515151515151515
0.423694334650856
Gen 423
0.515151515151515
0.476365518539432
0.515151515151515
0.515151515151515
0.515151515151515
0.360007528703181
Gen 424
0.515151515151515
0.500787000439175
0.515151515151515
0.515151515151515
0.515151515151515
0.457693456302152
Gen 425
0.515151515151515
0.496855009724575
0.515151515151515
0.515151515151515
0.515151515151515
0.441965493443754
Gen 426
0.515151515151515
0.488597904510948
0.515151515151515
0.515151515151515
0.515151515151515
0.408937072589247
Gen 427
0.515151515151515
0.49978354978355
0.515151515151515
0.515151515151515
0.515151515151515
0.453679653679654
Gen 428
0.515151515151515
0.500203274985884
0.515151515151515
0.515151515151515
0.515151515151515
0.455358554488989
Gen 429
0.515151515151515
0.497378380074033
0.515151515151515
0.515151515151515
0.515151515151515
0.444058974841584
Gen 430
0.515151515151515
0.472224229876404
0.515151515151515
0.515151515151515
0.515151515151515
0.34344237405107
Gen 431
0.515151515151515
0.482015433841521
0.515151515151515
0.515151515151515
0.515151515151515
0.382607189911538
Gen 432
0.515151515151515
0.478244055461447
0.515151515151515
0.515151515151515
0.515151515151515
0.367521676391242
Gen 433
0.515151515151515
0.488019825585043
0.515151515151515
0.515151515151515
0.515151515151515
0.406624756885627
Gen 434
0.515151515151515
0.500622749231445
0.515151515151515
0.515151515151515
0.515151515151515
0.457036451471234
Gen 435
0.545893719806763
0.468379070205157
0.516381203337725
0.515151515151515
0.515151515151515
0.326832047179873
Gen 436
0.545893719806763
0.482140033879164
0.517610891523935
0.515151515151515
0.515151515151515
0.380646213689692
Gen 437
0.545893719806763
0.464601794340925
0.518840579710145
0.515151515151515
0.515151515151515
0.309263567350524
Gen 438
0.545893719806763
0.484407428320472
0.521299956082565
0.515151515151515
0.515151515151515
0.386026726896292
Gen 439
0.545893719806763
0.482168517472865
0.527448397013615
0.515151515151515
0.515151515151515
0.370922642574817
Gen 440
0.545893719806763
0.504077922077922
0.539745278875714
0.515151515151515
0.515151515151515
0.446263379132945
Gen 441
0.545893719806763
0.499409498713847
0.545893719806763
0.526218708827405
0.515151515151515
0.410374051069703
Gen 442
0.545893719806763
0.508237154150198
0.545893719806763
0.544664031620553
0.515151515151515
0.427239350021959
Gen 443
0.558454106280193
0.516981993851559
0.5463961352657
0.545893719806763
0.532367149758454
0.443270970575319
Gen 444
0.558454106280193
0.511810904071774
0.547400966183575
0.545893719806763
0.536056214317084
0.417892715979673
Gen 445
0.558454106280193
0.517476002258611
0.549410628019324
0.545893719806763
0.541702239789196
0.432897421419161
Gen 446
0.558454106280193
0.514056465273857
0.552927536231884
0.545893719806763
0.544161616161616
0.413242988895163
Gen 447
0.558454106280193
0.510312064746847
0.558454106280193
0.545893719806763
0.545893719806763
0.39100671309367
Gen 448
0.558454106280193
0.53161277369973
0.558454106280193
0.554164251207729
0.545893719806763
0.467939017504235
Gen 449
0.558454106280193
0.522768555116382
0.558454106280193
0.558454106280193
0.547130434782608
0.42703557312253
Gen 450
0.558454106280193
0.542702428006776
0.558454106280193
0.558454106280193
0.554666666666666
0.49923483280005
Gen 451
0.558454106280193
0.53344789510007
0.558454106280193
0.558454106280193
0.558454106280193
0.458429261559696
Gen 452
0.558454106280193
0.524335278248322
0.558454106280193
0.558454106280193
0.558454106280193
0.421978794152707
Gen 453
0.558454106280193
0.531378254595646
0.558454106280193
0.558454106280193
0.558454106280193
0.450150699542004
Gen 454
0.558454106280193
0.538083819562081
0.558454106280193
0.558454106280193
0.558454106280193
0.476972959407742
Gen 455
0.558454106280193
0.515446138402661
0.558454106280193
0.558454106280193
0.558454106280193
0.386422234770061
Gen 456
0.558454106280193
0.523396198004894
0.558454106280193
0.558454106280193
0.558454106280193
0.418222473178995
Gen 457
0.558454106280193
0.522911098563273
0.558454106280193
0.558454106280193
0.558454106280193
0.41628207541251
Gen 458
0.558454106280193
0.532865047995484
0.558454106280193
0.558454106280193
0.558454106280193
0.456097873141351
Gen 459
0.558454106280193
0.536753999623566
0.558454106280193
0.558454106280193
0.558454106280193
0.47165367965368
Gen 460
0.558454106280193
0.533697471610516
0.558454106280193
0.558454106280193
0.558454106280193
0.459427567601481
Gen 461
0.558454106280193
0.526066754501538
0.558454106280193
0.558454106280193
0.558454106280193
0.428904699165569
Gen 462
0.565217391304348
0.521856578204405
0.558995169082125
0.558454106280193
0.558454106280193
0.411522931175105
Gen 463
0.575845410628019
0.528403914925655
0.559961352657005
0.558454106280193
0.558454106280193
0.436746094485225
Gen 464
0.575845410628019
0.52475763849677
0.56119806763285
0.558454106280193
0.558454106280193
0.420924273793839
Gen 465
0.575845410628019
0.543820440429137
0.563400966183575
0.558454106280193
0.558454106280193
0.494972582972583
Gen 466
0.575845410628019
0.549739381391556
0.56807729468599
0.558454106280193
0.558454106280193
0.513972018319844
Gen 467
0.575845410628019
0.540251584164628
0.572869565217391
0.562628019323671
0.558454106280193
0.467054645837254
Gen 468
0.575845410628019
0.54953171466215
0.57584541062802
0.568618357487923
0.56224154589372
0.491421544638936
Gen 469
0.575845410628019
0.561698851872766
0.57584541062802
0.57584541062802
0.566067632850241
0.529036953384779
Gen 470
0.575845410628019
0.549302465650293
0.57584541062802
0.57584541062802
0.571169082125604
0.474349959219524
Gen 471
0.575845410628019
0.540723382897297
0.57584541062802
0.57584541062802
0.572019323671498
0.439183386661648
Gen 472
0.575845410628019
0.551496831670745
0.57584541062802
0.57584541062802
0.57584541062802
0.478451094798921
Gen 473
0.575845410628019
0.537205972771191
0.57584541062802
0.57584541062802
0.575458937198068
0.421674132630654
Gen 474
0.575845410628019
0.546589999372609
0.57584541062802
0.57584541062802
0.57584541062802
0.458823765606374
Gen 475
0.575845410628019
0.559443126921388
0.57584541062802
0.57584541062802
0.57584541062802
0.510236275801493
Gen 476
0.575845410628019
0.570291737248259
0.57584541062802
0.57584541062802
0.57584541062802
0.553630717108978
Gen 477
0.575845410628019
0.55613263065437
0.57584541062802
0.57584541062802
0.57584541062802
0.496994290733421
Gen 478
0.575845410628019
0.556105025409374
0.57584541062802
0.57584541062802
0.57584541062802
0.496883869753435
Gen 479
0.575845410628019
0.550012673317022
0.57584541062802
0.57584541062802
0.57584541062802
0.472514461384027
Gen 480
0.575845410628019
0.554253968253969
0.57584541062802
0.57584541062802
0.57584541062802
0.489479641131815
Gen 481
0.575845410628019
0.535794591881549
0.57584541062802
0.57584541062802
0.57584541062802
0.415642135642136
Gen 482
0.575845410628019
0.53088989271598
0.57584541062802
0.57584541062802
0.57584541062802
0.396023338979861
Gen 483
0.575845410628019
0.539742392872828
0.57584541062802
0.57584541062802
0.57584541062802
0.431433339607253
Gen 484
0.575845410628019
0.557936131501349
0.57584541062802
0.57584541062802
0.57584541062802
0.504208294121338
Gen 485
0.575845410628019
0.541310370788632
0.57584541062802
0.57584541062802
0.57584541062802
0.437705251270469
Gen 486
0.575845410628019
0.565777777777778
0.57584541062802
0.57584541062802
0.57584541062802
0.535574879227053
Gen 487
0.575845410628019
0.565151640629902
0.57584541062802
0.57584541062802
0.57584541062802
0.533070330635548
Gen 488
0.575845410628019
0.554616098876969
0.57584541062802
0.57584541062802
0.57584541062802
0.490928163623816
Gen 489
0.575845410628019
0.552264132003263
0.57584541062802
0.57584541062802
0.57584541062802
0.481520296128992
Gen 490
0.575845410628019
0.562272162619989
0.57584541062802
0.57584541062802
0.57584541062802
0.521552418595897
Gen 491
0.575845410628019
0.546467030553987
0.57584541062802
0.57584541062802
0.57584541062802
0.45833189033189
Gen 492
0.575845410628019
0.569182006399398
0.57584541062802
0.57584541062802
0.57584541062802
0.549191793713533
Gen 493
0.575845410628019
0.557974527887572
0.57584541062802
0.57584541062802
0.57584541062802
0.504361879666228
Gen 494
0.575845410628019
0.542483342744213
0.57584541062802
0.57584541062802
0.57584541062802
0.442397139092791
Gen 495
0.575845410628019
0.54473630717109
0.57584541062802
0.57584541062802
0.57584541062802
0.451408996800301
Gen 496
0.575845410628019
0.566896794027229
0.57584541062802
0.57584541062802
0.57584541062802
0.540050944224857
Gen 497
0.575845410628019
0.544851496329758
0.57584541062802
0.57584541062802
0.57584541062802
0.451869753434971
Gen 498
0.575845410628019
0.542501788067006
0.57584541062802
0.57584541062802
0.57584541062802
0.442470920383964
Gen 499
0.575845410628019
0.558367400715227
0.57584541062802
0.57584541062802
0.57584541062802
0.505933370976849
Gen 500
0.575845410628019
0.557662212183952
0.57584541062802
0.57584541062802
0.57584541062802
0.503112616851747
