Gen 1
1E-10
9.99999999999998E-11
1E-10
1E-10
1E-10
1E-10
Gen 2
1E-10
9.99999999999998E-11
1E-10
1E-10
1E-10
1E-10
Gen 3
0.0952380952380952
0.00203463212963204
0.00813852821852814
1E-10
1E-10
1E-10
Gen 4
0.0952380952380952
0.00203463212963204
0.00813852821852814
1E-10
1E-10
1E-10
Gen 5
0.0952380952380952
0.00307359316559308
0.0122943723623723
1E-10
1E-10
1E-10
Gen 6
0.0952380952380952
0.00370863927690006
0.0148345568076002
1E-10
1E-10
1E-10
Gen 7
0.0952380952380952
0.00599849434536383
0.0239939770814553
1E-10
1E-10
1E-10
Gen 8
0.0952380952380952
0.00595520430307379
0.0238208169122951
1E-10
1E-10
1E-10
Gen 9
0.0952380952380952
0.00592621879682741
0.0237048748873096
1E-10
1E-10
1E-10
Gen 10
0.0952380952380952
0.00595520430307379
0.0238208169122951
1E-10
1E-10
1E-10
Gen 11
0.0952380952380952
0.00591191426078374
0.0236476567431349
1E-10
1E-10
1E-10
Gen 12
0.0952380952380952
0.0059698852752765
0.023879540801106
1E-10
1E-10
1E-10
Gen 13
0.0952380952380952
0.00592659523298645
0.0237063806319458
1E-10
1E-10
1E-10
Gen 14
0.0952380952380952
0.00601317531756654
0.0240527009702661
1E-10
1E-10
1E-10
Gen 15
0.0952380952380952
0.00659288546049408
0.0263715415419763
1E-10
1E-10
1E-10
Gen 16
0.0952380952380952
0.00654959541820403
0.0261983813728161
1E-10
1E-10
1E-10
Gen 17
0.0952380952380952
0.00650630537591399
0.0260252212036559
1E-10
1E-10
1E-10
Gen 18
0.0952380952380952
0.00702804450534877
0.0281121777213951
1E-10
1E-10
1E-10
Gen 19
0.0952380952380952
0.00702804450534877
0.0281121777213951
1E-10
1E-10
1E-10
Gen 20
0.0952380952380952
0.00881410385162552
0.035256415106502
1E-10
1E-10
1E-10
Gen 21
0.0952380952380952
0.00881410385162552
0.035256415106502
1E-10
1E-10
1E-10
Gen 22
0.0952380952380952
0.00976648480200647
0.0390659389080259
1E-10
1E-10
1E-10
Gen 23
0.0952380952380952
0.00979547030825285
0.0391818809330114
1E-10
1E-10
1E-10
Gen 24
0.0952380952380952
0.00970851378751372
0.0388340548500548
1E-10
1E-10
1E-10
Gen 25
0.0952380952380952
0.00967952828126734
0.0387181128250693
1E-10
1E-10
1E-10
Gen 26
0.0952380952380952
0.0102855888853279
0.0411423552413118
1E-10
1E-10
1E-10
Gen 27
0.112554112554113
0.0125366711344102
0.0501466842376408
1E-10
1E-10
1E-10
Gen 28
0.112554112554113
0.0145179748518444
0.0566821005081875
0.00138979869918991
1E-10
1E-10
Gen 29
0.112554112554113
0.015167325499195
0.0575433841520798
0.00312591764470016
1E-10
1E-10
Gen 30
0.112554112554113
0.0168989272287967
0.0622668925277621
0.00532881618742481
1E-10
1E-10
Gen 31
0.112554112554113
0.00878336165597027
0.0351334463238811
1E-10
1E-10
1E-10
Gen 32
0.112554112554113
0.00878336165597027
0.0351334463238811
1E-10
1E-10
1E-10
Gen 33
0.112554112554113
0.00960587247348109
0.0384234895939243
1E-10
1E-10
1E-10
Gen 34
0.112554112554113
0.0104283832939919
0.0417135328759676
1E-10
1E-10
1E-10
Gen 35
0.112554112554113
0.0108631658996876
0.0434526632987502
1E-10
1E-10
1E-10
Gen 36
0.112554112554113
0.0118738943007203
0.0474955769028812
1E-10
1E-10
1E-10
Gen 37
0.112554112554113
0.0117873142151402
0.0471492565605609
1E-10
1E-10
1E-10
Gen 38
0.112554112554113
0.0126098250296511
0.0499198193111237
0.000519480607480519
1E-10
1E-10
Gen 39
0.180676328502415
0.0175263191655365
0.0699321161929858
0.000173160269160173
1E-10
1E-10
Gen 40
0.180676328502415
0.017453667183841
0.0698146684353641
1E-10
1E-10
1E-10
Gen 41
0.180676328502415
0.0193584290846029
0.0768540058974842
0.000579710240927536
1E-10
1E-10
Gen 42
0.180676328502415
0.0193900496409626
0.0775601982638504
1E-10
1E-10
1E-10
Gen 43
0.180676328502415
0.0193900496409626
0.0775601982638504
1E-10
1E-10
1E-10
Gen 44
0.180676328502415
0.0179309869665086
0.0717239475660345
1E-10
1E-10
1E-10
Gen 45
0.180676328502415
0.0179386411450759
0.0717545642803034
1E-10
1E-10
1E-10
Gen 46
0.180676328502415
0.0178760274332882
0.0715041094331529
1E-10
1E-10
1E-10
Gen 47
0.180676328502415
0.0178760274332882
0.0715041094331529
1E-10
1E-10
1E-10
Gen 48
0.180676328502415
0.0180885878177617
0.0723543509710466
1E-10
1E-10
1E-10
Gen 49
0.180676328502415
0.0187011732989124
0.0748046928956494
1E-10
1E-10
1E-10
Gen 50
0.180676328502415
0.0179572119502554
0.0718288475010214
1E-10
1E-10
1E-10
Gen 51
0.180676328502415
0.0179572119502554
0.0718288475010214
1E-10
1E-10
1E-10
Gen 52
0.180676328502415
0.0179572119502554
0.0718288475010214
1E-10
1E-10
1E-10
Gen 53
0.180676328502415
0.0179572119502554
0.0718288475010214
1E-10
1E-10
1E-10
Gen 54
0.180676328502415
0.0189095929006363
0.0756383713025452
1E-10
1E-10
1E-10
Gen 55
0.180676328502415
0.0189095929006363
0.0756383713025452
1E-10
1E-10
1E-10
Gen 56
0.180676328502415
0.0182169522099956
0.0728678085399824
1E-10
1E-10
1E-10
Gen 57
0.180676328502415
0.0182169522099956
0.0728678085399824
1E-10
1E-10
1E-10
Gen 58
0.180676328502415
0.0182169522099956
0.0728678085399824
1E-10
1E-10
1E-10
Gen 59
0.180676328502415
0.0182169522099956
0.0728678085399824
1E-10
1E-10
1E-10
Gen 60
0.180676328502415
0.0196041157660722
0.0784164627642889
1E-10
1E-10
1E-10
Gen 61
0.180676328502415
0.0172645712596147
0.0690582847384586
1E-10
1E-10
1E-10
Gen 62
0.180676328502415
0.0172645712596147
0.0690582847384586
1E-10
1E-10
1E-10
Gen 63
0.180676328502415
0.0192680846474324
0.0770723382897296
1E-10
1E-10
1E-10
Gen 64
0.180676328502415
0.0191815045618523
0.0767260179474092
1E-10
1E-10
1E-10
Gen 65
0.180676328502415
0.0222118075871554
0.0832263002697785
0.00562092987884285
1E-10
1E-10
Gen 66
0.180676328502415
0.0194028484373701
0.0776113934494804
1E-10
1E-10
1E-10
Gen 67
0.180676328502415
0.0184071774426991
0.0736287094707964
1E-10
1E-10
1E-10
Gen 68
0.180676328502415
0.0180608570973788
0.072243428089515
1E-10
1E-10
1E-10
Gen 69
0.180676328502415
0.0180608570973788
0.072243428089515
1E-10
1E-10
1E-10
Gen 70
0.180676328502415
0.0180608570973788
0.072243428089515
1E-10
1E-10
1E-10
Gen 71
0.180676328502415
0.0180608570973788
0.072243428089515
1E-10
1E-10
1E-10
Gen 72
0.180676328502415
0.0180608570973788
0.072243428089515
1E-10
1E-10
1E-10
Gen 73
0.180676328502415
0.0198790389135606
0.0795161553542423
1E-10
1E-10
1E-10
Gen 74
0.180676328502415
0.0198790389135606
0.0795161553542423
1E-10
1E-10
1E-10
Gen 75
0.180676328502415
0.0223538491225012
0.0885295187903883
0.000885877499616539
1E-10
1E-10
Gen 76
0.180676328502415
0.0223055399447573
0.0885295187903883
0.000692640788640694
1E-10
1E-10
Gen 77
0.180676328502415
0.0231280507672681
0.0906074408683104
0.00190476200076191
1E-10
1E-10
Gen 78
0.180676328502415
0.017436351168525
0.0697454043741
1E-10
1E-10
1E-10
Gen 79
0.180676328502415
0.0179991217312956
0.0719964866251823
1E-10
1E-10
1E-10
Gen 80
0.180676328502415
0.0179558316890055
0.0718233264560221
1E-10
1E-10
1E-10
Gen 81
0.180676328502415
0.018351966953706
0.073407867514824
1E-10
1E-10
1E-10
Gen 82
0.180676328502415
0.0183906142947012
0.0735624568788047
1E-10
1E-10
1E-10
Gen 83
0.180676328502415
0.018351966953706
0.073407867514824
1E-10
1E-10
1E-10
Gen 84
0.180676328502415
0.018351966953706
0.073407867514824
1E-10
1E-10
1E-10
Gen 85
0.180676328502415
0.0187543761387239
0.0750175042548955
1E-10
1E-10
1E-10
Gen 86
0.180676328502415
0.0187543761387239
0.0750175042548955
1E-10
1E-10
1E-10
Gen 87
0.180676328502415
0.0194903068726546
0.0779612271906185
1E-10
1E-10
1E-10
Gen 88
0.180676328502415
0.016929669448452
0.0677186774938079
1E-10
1E-10
1E-10
Gen 89
0.180676328502415
0.016929669448452
0.0677186774938079
1E-10
1E-10
1E-10
Gen 90
0.180676328502415
0.0225573750631576
0.0865931363322667
0.00363636372036363
1E-10
1E-10
Gen 91
0.180676328502415
0.0223409248477074
0.0865931363322667
0.00277056285856277
1E-10
1E-10
Gen 92
0.180676328502415
0.0229832487094226
0.0898550724637681
0.00207792217392208
1E-10
1E-10
Gen 93
0.180676328502415
0.0249749671329236
0.0933182759269716
0.00658159240472276
1E-10
1E-10
Gen 94
0.180676328502415
0.0190075915243741
0.0760303657974962
1E-10
1E-10
1E-10
Gen 95
0.180676328502415
0.0190075915243741
0.0760303657974962
1E-10
1E-10
1E-10
Gen 96
0.180676328502415
0.0190075915243741
0.0760303657974962
1E-10
1E-10
1E-10
Gen 97
0.180676328502415
0.0196136521284347
0.0784546082137386
1E-10
1E-10
1E-10
Gen 98
0.180676328502415
0.0163444382525251
0.0653777527101005
1E-10
1E-10
1E-10
Gen 99
0.180676328502415
0.0167626577142229
0.0670506305568914
1E-10
1E-10
1E-10
Gen 100
0.180676328502415
0.0166370538504886
0.0665482151019542
1E-10
1E-10
1E-10
Gen 101
0.180676328502415
0.0168627894675285
0.0674511575701141
1E-10
1E-10
1E-10
Gen 102
0.180676328502415
0.0167758329457894
0.0671033314831576
1E-10
1E-10
1E-10
Gen 103
0.180676328502415
0.0177088902256728
0.070835560602691
1E-10
1E-10
1E-10
Gen 104
0.180676328502415
0.015977288498071
0.0639091536922841
1E-10
1E-10
1E-10
Gen 105
0.180676328502415
0.0171894097081922
0.068757638532769
1E-10
1E-10
1E-10
Gen 106
0.180676328502415
0.0226006651084476
0.0897100194491499
0.000692640784640694
1E-10
1E-10
Gen 107
0.180676328502415
0.0148585232043927
0.0594340925175708
1E-10
1E-10
1E-10
Gen 108
0.180676328502415
0.015204843548713
0.0608193738948521
1E-10
1E-10
1E-10
Gen 109
0.180676328502415
0.0177589560998256
0.0710358240993024
1E-10
1E-10
1E-10
Gen 110
0.180676328502415
0.0215684799063494
0.0862739193253976
1E-10
1E-10
1E-10
Gen 111
0.180676328502415
0.0224207291024247
0.0880055210489993
0.00167739516069942
1E-10
1E-10
Gen 112
0.180676328502415
0.0206593890002585
0.082637555701034
1E-10
1E-10
1E-10
Gen 113
0.180676328502415
0.0211549031449466
0.0846196122797862
1E-10
1E-10
1E-10
Gen 114
0.180676328502415
0.021135579475449
0.0845423176017959
1E-10
1E-10
1E-10
Gen 115
0.180676328502415
0.021135579475449
0.0845423176017959
1E-10
1E-10
1E-10
Gen 116
0.180676328502415
0.0216550599949295
0.0866202396797179
1E-10
1E-10
1E-10
Gen 117
0.180676328502415
0.0216550599949295
0.0866202396797179
1E-10
1E-10
1E-10
Gen 118
0.180676328502415
0.0216550599949295
0.0866202396797179
1E-10
1E-10
1E-10
Gen 119
0.180676328502415
0.0216550599949295
0.0866202396797179
1E-10
1E-10
1E-10
Gen 120
0.180676328502415
0.0245122028480723
0.0980488110922893
1E-10
1E-10
1E-10
Gen 121
0.180676328502415
0.0165468348937044
0.0661873392748175
1E-10
1E-10
1E-10
Gen 122
0.180676328502415
0.0167014242646851
0.0668056967587402
1E-10
1E-10
1E-10
Gen 123
0.180676328502415
0.0178736433469476
0.0714945730877905
1E-10
1E-10
1E-10
Gen 124
0.180676328502415
0.0178736433469476
0.0714945730877905
1E-10
1E-10
1E-10
Gen 125
0.180676328502415
0.0200102893046805
0.0800411569187222
1E-10
1E-10
1E-10
Gen 126
0.180676328502415
0.0165468348937044
0.0661873392748175
1E-10
1E-10
1E-10
Gen 127
0.180676328502415
0.0167400716076802
0.0669602861307209
1E-10
1E-10
1E-10
Gen 128
0.180676328502415
0.0167400716076802
0.0669602861307209
1E-10
1E-10
1E-10
Gen 129
0.180676328502415
0.0181686430332517
0.0726745718330066
1E-10
1E-10
1E-10
Gen 130
0.180676328502415
0.0181686430332517
0.0726745718330066
1E-10
1E-10
1E-10
Gen 131
0.180676328502415
0.0181686430332517
0.0726745718330066
1E-10
1E-10
1E-10
Gen 132
0.180676328502415
0.0181686430332517
0.0726745718330066
1E-10
1E-10
1E-10
Gen 133
0.180676328502415
0.0189802372351502
0.0759209486406008
1E-10
1E-10
1E-10
Gen 134
0.180676328502415
0.0203715415809763
0.0814861660239052
1E-10
1E-10
1E-10
Gen 135
0.180676328502415
0.0235549282356238
0.0902370286718113
0.00398268407068398
1E-10
1E-10
Gen 136
0.180676328502415
0.0235116381933338
0.0902370286718113
0.0038095239015238
1E-10
1E-10
Gen 137
0.192270531400966
0.0243667733962951
0.096023088023088
0.00144400536209223
1E-10
1E-10
Gen 138
0.192270531400966
0.0225772006552006
0.0903088023208023
1E-10
1E-10
1E-10
Gen 139
0.192270531400966
0.0206724387544387
0.0826897547177547
1E-10
1E-10
1E-10
Gen 140
0.192270531400966
0.0217314763312154
0.0869259050248616
1E-10
1E-10
1E-10
Gen 141
0.192270531400966
0.0232557877655703
0.0930231507622812
1E-10
1E-10
1E-10
Gen 142
0.192270531400966
0.0226396888916019
0.0905587552664074
1E-10
1E-10
1E-10
Gen 143
0.192270531400966
0.022726268976182
0.0909050756047278
1E-10
1E-10
1E-10
Gen 144
0.192270531400966
0.0192811344086126
0.0771245373344503
1E-10
1E-10
1E-10
Gen 145
0.192270531400966
0.0193244244509026
0.0772976975036105
1E-10
1E-10
1E-10
Gen 146
0.192270531400966
0.0192811344086126
0.0771245373344503
1E-10
1E-10
1E-10
Gen 147
0.192270531400966
0.0192811344086126
0.0771245373344503
1E-10
1E-10
1E-10
Gen 148
0.192270531400966
0.0192811344086126
0.0771245373344503
1E-10
1E-10
1E-10
Gen 149
0.192270531400966
0.0200170651405433
0.0800682602621733
1E-10
1E-10
1E-10
Gen 150
0.192270531400966
0.0199304850549632
0.0797219399198529
1E-10
1E-10
1E-10
Gen 151
0.192270531400966
0.0215039840157666
0.0860159357630662
1E-10
1E-10
1E-10
Gen 152
0.192270531400966
0.0202335153589935
0.0809340611359742
1E-10
1E-10
1E-10
Gen 153
0.192270531400966
0.0202914863714863
0.0811659451859452
1E-10
1E-10
1E-10
Gen 154
0.192270531400966
0.0216871824618346
0.0867487295473382
1E-10
1E-10
1E-10
Gen 155
0.192270531400966
0.0222410440561744
0.0889641759246977
1E-10
1E-10
1E-10
Gen 156
0.192270531400966
0.0226468411536237
0.0895438860656252
0.00104347834886957
1E-10
1E-10
Gen 157
0.192270531400966
0.0214456365691148
0.085782545976459
1E-10
1E-10
1E-10
Gen 158
0.192270531400966
0.0222681473876256
0.0890725892505023
1E-10
1E-10
1E-10
Gen 159
0.192270531400966
0.0222681473876256
0.0890725892505023
1E-10
1E-10
1E-10
Gen 160
0.192270531400966
0.0217919569144351
0.0871678273577404
1E-10
1E-10
1E-10
Gen 161
0.192270531400966
0.0229525065087673
0.0918100257350692
1E-10
1E-10
1E-10
Gen 162
0.192270531400966
0.0239481775004383
0.0951000690131125
0.000692640788640694
1E-10
1E-10
Gen 163
0.192270531400966
0.0237750173282781
0.0951000690131125
1E-10
1E-10
1E-10
Gen 164
0.192270531400966
0.023645147198408
0.094580588493632
1E-10
1E-10
1E-10
Gen 165
0.192270531400966
0.023601857156118
0.0944074283244718
1E-10
1E-10
1E-10
Gen 166
0.192270531400966
0.0239110358980793
0.0950257858083945
0.000618357583922705
1E-10
1E-10
Gen 167
0.192270531400966
0.0245542381064989
0.0975243114373549
0.000692640788640694
1E-10
1E-10
Gen 168
0.192270531400966
0.0173439990811729
0.0693759960246916
1E-10
1E-10
1E-10
Gen 169
0.192270531400966
0.0173439990811729
0.0693759960246916
1E-10
1E-10
1E-10
Gen 170
0.192270531400966
0.0174406174376608
0.0697624694506433
1E-10
1E-10
1E-10
Gen 171
0.192270531400966
0.0174406174376608
0.0697624694506433
1E-10
1E-10
1E-10
Gen 172
0.192270531400966
0.0173439990811729
0.0693759960246916
1E-10
1E-10
1E-10
Gen 173
0.192270531400966
0.0192653241269328
0.077061296207731
1E-10
1E-10
1E-10
Gen 174
0.192270531400966
0.0215220529004007
0.0857790325616413
0.000309178839961352
1E-10
1E-10
Gen 175
0.192270531400966
0.0223971391637913
0.0873731099818056
0.00221544647335943
1E-10
1E-10
Gen 176
0.192270531400966
0.0221030178281917
0.0873731099818056
0.00103896113096104
1E-10
1E-10
Gen 177
0.192270531400966
0.0220890897263071
0.0873731099818056
0.00098324872342255
1E-10
1E-10
Gen 178
0.192270531400966
0.0201952444491574
0.0807809774966297
1E-10
1E-10
1E-10
Gen 179
0.192270531400966
0.0214460130012738
0.0857840517050952
1E-10
1E-10
1E-10
Gen 180
0.192270531400966
0.0214073656592786
0.0856294623371145
1E-10
1E-10
1E-10
Gen 181
0.192270531400966
0.0214073656592786
0.0856294623371145
1E-10
1E-10
1E-10
Gen 182
0.192270531400966
0.0224463266962397
0.0897853064849586
1E-10
1E-10
1E-10
Gen 183
0.192270531400966
0.0226194868683998
0.0904779471735993
1E-10
1E-10
1E-10
Gen 184
0.192270531400966
0.0242241044700174
0.0921427944036639
0.00475362327640579
1E-10
1E-10
Gen 185
0.192270531400966
0.022083317723535
0.0883332705941402
1E-10
1E-10
1E-10
Gen 186
0.192270531400966
0.0219534475946649
0.0878137900786596
1E-10
1E-10
1E-10
Gen 187
0.192270531400966
0.0196590753062926
0.0786363009251704
1E-10
1E-10
1E-10
Gen 188
0.192270531400966
0.0203732982723852
0.0809521299956083
0.000541062893932367
1E-10
1E-10
Gen 189
0.192270531400966
0.0200351340261774
0.0801405358047097
1E-10
1E-10
1E-10
Gen 190
0.192270531400966
0.0198998683276943
0.0795994730107773
1E-10
1E-10
1E-10
Gen 191
0.192270531400966
0.0198998683276943
0.0795994730107773
1E-10
1E-10
1E-10
Gen 192
0.270531400966184
0.0251373361728578
0.100549344391431
1E-10
1E-10
1E-10
Gen 193
0.270531400966184
0.0265659075984293
0.106263630093717
1E-10
1E-10
1E-10
Gen 194
0.270531400966184
0.0264982747491877
0.105993098696751
1E-10
1E-10
1E-10
Gen 195
0.270531400966184
0.0264982747491877
0.105993098696751
1E-10
1E-10
1E-10
Gen 196
0.270531400966184
0.0357190539639669
0.134284961415396
0.00859125424047155
1E-10
1E-10
Gen 197
0.270531400966184
0.0357190539639669
0.134284961415396
0.00859125424047155
1E-10
1E-10
Gen 198
0.270531400966184
0.0371476253895384
0.134284961415396
0.0143055399427573
1E-10
1E-10
Gen 199
0.270531400966184
0.0305448272325228
0.122179308630091
1E-10
1E-10
1E-10
Gen 200
0.270531400966184
0.0264465776590124
0.105786310336049
1E-10
1E-10
1E-10
Gen 201
0.270531400966184
0.0264465776590124
0.105786310336049
1E-10
1E-10
1E-10
Gen 202
0.270531400966184
0.0269324299689516
0.107729719575807
1E-10
1E-10
1E-10
Gen 203
0.270531400966184
0.0292894159721115
0.117041721563461
0.000115942124985507
1E-10
1E-10
Gen 204
0.270531400966184
0.026944475895041
0.107777903280164
1E-10
1E-10
1E-10
Gen 205
0.270531400966184
0.0268671812100507
0.107468724540203
1E-10
1E-10
1E-10
Gen 206
0.270531400966184
0.0268671812100507
0.107468724540203
1E-10
1E-10
1E-10
Gen 207
0.270531400966184
0.0268671812100507
0.107468724540203
1E-10
1E-10
1E-10
Gen 208
0.270531400966184
0.027504862367471
0.110019449169884
1E-10
1E-10
1E-10
Gen 209
0.270531400966184
0.027504862367471
0.110019449169884
1E-10
1E-10
1E-10
Gen 210
0.270531400966184
0.0279493068109154
0.111797226943662
1E-10
1E-10
1E-10
Gen 211
0.270531400966184
0.0276304662322053
0.110521864628821
1E-10
1E-10
1E-10
Gen 212
0.270531400966184
0.0311087270977705
0.124434908091082
1E-10
1E-10
1E-10
Gen 213
0.270531400966184
0.0330797415875241
0.129265825961478
0.00305314018861835
1E-10
1E-10
Gen 214
0.270531400966184
0.0330797415875241
0.129265825961478
0.00305314018861835
1E-10
1E-10
Gen 215
0.270531400966184
0.032760901008814
0.129265825961478
0.00177777787377778
1E-10
1E-10
Gen 216
0.270531400966184
0.0318402660901791
0.127361064060716
1E-10
1E-10
1E-10
Gen 217
0.270531400966184
0.0258282201730897
0.103312880392359
1E-10
1E-10
1E-10
Gen 218
0.270531400966184
0.0218455361934057
0.0873821444736227
1E-10
1E-10
1E-10
Gen 219
0.270531400966184
0.0226378067228066
0.0905512265912265
1E-10
1E-10
1E-10
Gen 220
0.270531400966184
0.0211544012404012
0.0846176046616046
1E-10
1E-10
1E-10
Gen 221
0.270531400966184
0.0212800051051355
0.0851200201205418
1E-10
1E-10
1E-10
Gen 222
0.270531400966184
0.0212800051051355
0.0851200201205418
1E-10
1E-10
1E-10
Gen 223
0.270531400966184
0.0212800051051355
0.0851200201205418
1E-10
1E-10
1E-10
Gen 224
0.270531400966184
0.0212800051051355
0.0851200201205418
1E-10
1E-10
1E-10
Gen 225
0.270531400966184
0.0212800051051355
0.0851200201205418
1E-10
1E-10
1E-10
Gen 226
0.270531400966184
0.0212800051051355
0.0851200201205418
1E-10
1E-10
1E-10
Gen 227
0.270531400966184
0.0217129055370359
0.0868516218481436
1E-10
1E-10
1E-10
Gen 228
0.270531400966184
0.022360248530205
0.0894409938208199
1E-10
1E-10
1E-10
Gen 229
0.270531400966184
0.0222926156799634
0.0891704624198537
1E-10
1E-10
1E-10
Gen 230
0.270531400966184
0.0221863354877267
0.0887453416509068
1E-10
1E-10
1E-10
Gen 231
0.270531400966184
0.0221863354877267
0.0887453416509068
1E-10
1E-10
1E-10
Gen 232
0.270531400966184
0.0221863354877267
0.0887453416509068
1E-10
1E-10
1E-10
Gen 233
0.270531400966184
0.0223162056165968
0.0892648221663874
1E-10
1E-10
1E-10
Gen 234
0.270531400966184
0.0221863354877267
0.0887453416509068
1E-10
1E-10
1E-10
Gen 235
0.270531400966184
0.0269318025760199
0.10772721000408
1E-10
1E-10
1E-10
Gen 236
0.270531400966184
0.0260158103586799
0.104063241134719
1E-10
1E-10
1E-10
Gen 237
0.270531400966184
0.0267404480368393
0.106961791847357
1E-10
1E-10
1E-10
Gen 238
0.270531400966184
0.026566534994361
0.106266139677444
1E-10
1E-10
1E-10
Gen 239
0.270531400966184
0.026566534994361
0.106266139677444
1E-10
1E-10
1E-10
Gen 240
0.270531400966184
0.026566534994361
0.106266139677444
1E-10
1E-10
1E-10
Gen 241
0.270531400966184
0.02633465093739
0.10533860344956
1E-10
1E-10
1E-10
Gen 242
0.270531400966184
0.0268108414125805
0.107243365350322
1E-10
1E-10
1E-10
Gen 243
0.270531400966184
0.0272870318877709
0.109148127251084
1E-10
1E-10
1E-10
Gen 244
0.270531400966184
0.0272870318877709
0.109148127251084
1E-10
1E-10
1E-10
Gen 245
0.270531400966184
0.0272870318877709
0.109148127251084
1E-10
1E-10
1E-10
Gen 246
0.270531400966184
0.0269681913090608
0.107872764936243
1E-10
1E-10
1E-10
Gen 247
0.270531400966184
0.0269681913090608
0.107872764936243
1E-10
1E-10
1E-10
Gen 248
0.270531400966184
0.0273578016966712
0.109431206486685
1E-10
1E-10
1E-10
Gen 249
0.270531400966184
0.0284113182274486
0.113645272609794
1E-10
1E-10
1E-10
Gen 250
0.270531400966184
0.0284113182274486
0.113645272609794
1E-10
1E-10
1E-10
Gen 251
0.270531400966184
0.0285659075974293
0.114263630089717
1E-10
1E-10
1E-10
Gen 252
0.270531400966184
0.0284113182274486
0.113645272609794
1E-10
1E-10
1E-10
Gen 253
0.270531400966184
0.0262306293541075
0.10492251711643
1E-10
1E-10
1E-10
Gen 254
0.270531400966184
0.0211797478764434
0.0847189912057738
1E-10
1E-10
1E-10
Gen 255
0.270531400966184
0.0216918251691294
0.0867673003765177
1E-10
1E-10
1E-10
Gen 256
0.270531400966184
0.0234972081879038
0.093988832451615
1E-10
1E-10
1E-10
Gen 257
0.270531400966184
0.0249285401389748
0.0997141602558993
1E-10
1E-10
1E-10
Gen 258
0.270531400966184
0.0249285401389748
0.0997141602558993
1E-10
1E-10
1E-10
Gen 259
0.270531400966184
0.0256211808296155
0.102484723018462
1E-10
1E-10
1E-10
Gen 260
0.270531400966184
0.0125965243416982
0.0503860970667927
1E-10
1E-10
1E-10
Gen 261
0.270531400966184
0.0135916934208238
0.0543667733832951
1E-10
1E-10
1E-10
Gen 262
0.270531400966184
0.0166795910264605
0.066718363805842
1E-10
1E-10
1E-10
Gen 263
0.270531400966184
0.0172566661222747
0.0690266641890989
1E-10
1E-10
1E-10
Gen 264
0.270531400966184
0.0171700860376947
0.0686803438507786
1E-10
1E-10
1E-10
Gen 265
0.270531400966184
0.0171267959954046
0.0685071836816184
1E-10
1E-10
1E-10
Gen 266
0.270531400966184
0.0171267959954046
0.0685071836816184
1E-10
1E-10
1E-10
Gen 267
0.270531400966184
0.0171267959954046
0.0685071836816184
1E-10
1E-10
1E-10
Gen 268
0.270531400966184
0.0171267959954046
0.0685071836816184
1E-10
1E-10
1E-10
Gen 269
0.270531400966184
0.0171267959954046
0.0685071836816184
1E-10
1E-10
1E-10
Gen 270
0.270531400966184
0.0176871824678346
0.0707487295713382
1E-10
1E-10
1E-10
Gen 271
0.270531400966184
0.0176871824678346
0.0707487295713382
1E-10
1E-10
1E-10
Gen 272
0.270531400966184
0.0176871824678346
0.0707487295713382
1E-10
1E-10
1E-10
Gen 273
0.270531400966184
0.0178224481673177
0.0712897923692706
1E-10
1E-10
1E-10
Gen 274
0.270531400966184
0.0177354916445785
0.0709419662783141
1E-10
1E-10
1E-10
Gen 275
0.270531400966184
0.0177161679740809
0.0708646715963237
1E-10
1E-10
1E-10
Gen 276
0.270531400966184
0.0177161679740809
0.0708646715963237
1E-10
1E-10
1E-10
Gen 277
0.270531400966184
0.0215657193818498
0.086262877227399
1E-10
1E-10
1E-10
Gen 278
0.270531400966184
0.0215367338756034
0.0861469352024135
1E-10
1E-10
1E-10
Gen 279
0.270531400966184
0.0186975344337083
0.0747901374348331
1E-10
1E-10
1E-10
Gen 280
0.270531400966184
0.0186975344337083
0.0747901374348331
1E-10
1E-10
1E-10
Gen 281
0.270531400966184
0.0194511576191141
0.0778046301764563
1E-10
1E-10
1E-10
Gen 282
0.270531400966184
0.0193738629341237
0.0774954514364949
1E-10
1E-10
1E-10
Gen 283
0.270531400966184
0.0217002322080147
0.0858733923081749
0.000927536323884059
1E-10
1E-10
Gen 284
0.270531400966184
0.0215456428370341
0.0858733923081749
0.000309178839961352
1E-10
1E-10
Gen 285
0.270531400966184
0.0183027794292576
0.0732111174170304
1E-10
1E-10
1E-10
Gen 286
0.270531400966184
0.018692389817868
0.074769558971472
1E-10
1E-10
1E-10
Gen 287
0.270531400966184
0.0201059038380777
0.0804236150523107
1E-10
1E-10
1E-10
Gen 288
0.270531400966184
0.0212747350039088
0.0850989397156354
1E-10
1E-10
1E-10
Gen 289
0.270531400966184
0.018950247903813
0.0758009913152522
1E-10
1E-10
1E-10
Gen 290
0.270531400966184
0.018950247903813
0.0758009913152522
1E-10
1E-10
1E-10
Gen 291
0.270531400966184
0.018950247903813
0.0758009913152522
1E-10
1E-10
1E-10
