Gen 1
0.012987012987013
0.000129870228870129
0.000519480615480519
1E-10
1E-10
1E-10
Gen 2
0.012987012987013
0.000129870228870129
0.000519480615480519
1E-10
1E-10
1E-10
Gen 3
0.0251207729468599
0.000883493414275922
0.0035339733571037
1E-10
1E-10
1E-10
Gen 4
0.0735930735930736
0.00244193496771749
0.00976773957086995
1E-10
1E-10
1E-10
Gen 5
0.0735930735930736
0.00244193496771749
0.00976773957086995
1E-10
1E-10
1E-10
Gen 6
0.0735930735930736
0.00244193496771749
0.00976773957086995
1E-10
1E-10
1E-10
Gen 7
0.206763285024155
0.00450956781695904
0.0180382709678361
1E-10
1E-10
1E-10
Gen 8
0.206763285024155
0.00450956781695904
0.0180382709678361
1E-10
1E-10
1E-10
Gen 9
0.206763285024155
0.004466277774669
0.017865110798676
1E-10
1E-10
1E-10
Gen 10
0.206763285024155
0.00477545651463035
0.0191018257585214
1E-10
1E-10
1E-10
Gen 11
0.206763285024155
0.00584955149976881
0.0233982056990752
1E-10
1E-10
1E-10
Gen 12
0.206763285024155
0.00805734370556102
0.0322293745222441
1E-10
1E-10
1E-10
Gen 13
0.206763285024155
0.00805734370556102
0.0322293745222441
1E-10
1E-10
1E-10
Gen 14
0.206763285024155
0.00809599104655619
0.0323839638862247
1E-10
1E-10
1E-10
Gen 15
0.206763285024155
0.00805734370556102
0.0322293745222441
1E-10
1E-10
1E-10
Gen 16
0.206763285024155
0.00900972465594197
0.0360388983237679
1E-10
1E-10
1E-10
Gen 17
0.206763285024155
0.0091395947848121
0.0365583788392484
1E-10
1E-10
1E-10
Gen 18
0.206763285024155
0.0107199950548646
0.0426867432084823
0.000193236810975845
1E-10
1E-10
Gen 19
0.206763285024155
0.0117535605222126
0.046202647593952
0.000811594294898552
1E-10
1E-10
Gen 20
0.206763285024155
0.0152054709246448
0.0561500721500722
0.00467181134850693
1E-10
1E-10
Gen 21
0.206763285024155
0.012829788648919
0.051319154295676
1E-10
1E-10
1E-10
Gen 22
0.206763285024155
0.0123273731919818
0.0493094924679272
1E-10
1E-10
1E-10
Gen 23
0.206763285024155
0.0128035636671723
0.0512142543686891
1E-10
1E-10
1E-10
Gen 24
0.206763285024155
0.0133253027966071
0.0533012108864283
1E-10
1E-10
1E-10
Gen 25
0.206763285024155
0.0133253027966071
0.0533012108864283
1E-10
1E-10
1E-10
Gen 26
0.206763285024155
0.0137117762255588
0.054847104602235
1E-10
1E-10
1E-10
Gen 27
0.206763285024155
0.0137117762255588
0.054847104602235
1E-10
1E-10
1E-10
Gen 28
0.206763285024155
0.0137117762255588
0.054847104602235
1E-10
1E-10
1E-10
Gen 29
0.212121212121212
0.0187863731162426
0.0693925591316896
0.00575293313328089
1E-10
1E-10
Gen 30
0.229951690821256
0.0251678274117404
0.0946107033063554
0.00606060614060607
1E-10
1E-10
Gen 31
0.229951690821256
0.0263656440868179
0.0980739067695589
0.00738866937771279
1E-10
1E-10
Gen 32
0.229951690821256
0.0230899053418183
0.0923596210672732
1E-10
1E-10
1E-10
Gen 33
0.229951690821256
0.0237160424866946
0.0948641696467784
1E-10
1E-10
1E-10
Gen 34
0.229951690821256
0.0176098877828442
0.0704395508313769
1E-10
1E-10
1E-10
Gen 35
0.229951690821256
0.0175036075906075
0.07001443006243
1E-10
1E-10
1E-10
Gen 36
0.229951690821256
0.0186291487121486
0.0745165945485945
1E-10
1E-10
1E-10
Gen 37
0.229951690821256
0.0184559885409885
0.0738239538639538
1E-10
1E-10
1E-10
Gen 38
0.229951690821256
0.0205566222038395
0.082226488515358
1E-10
1E-10
1E-10
Gen 39
0.229951690821256
0.0221411632646415
0.0885646527585658
1E-10
1E-10
1E-10
Gen 40
0.229951690821256
0.0229861347183086
0.0919445385732342
1E-10
1E-10
1E-10
Gen 41
0.229951690821256
0.0278442813935422
0.105624192232888
0.00575293314128089
1E-10
1E-10
Gen 42
0.229951690821256
0.0281376498608237
0.105624192232888
0.00692640701040693
1E-10
1E-10
Gen 43
0.229951690821256
0.026449338173512
0.104238910847606
0.00155844164644156
1E-10
1E-10
Gen 44
0.229951690821256
0.0262089215852693
0.104238910847606
0.000596775293470857
1E-10
1E-10
Gen 45
0.229951690821256
0.0270986888248627
0.10787527448397
0.000519480615480519
1E-10
1E-10
Gen 46
0.229951690821256
0.0269688186959925
0.10787527448397
1E-10
1E-10
1E-10
Gen 47
0.229951690821256
0.0269688186959925
0.10787527448397
1E-10
1E-10
1E-10
Gen 48
0.229951690821256
0.0266208671316497
0.106483468226599
1E-10
1E-10
1E-10
Gen 49
0.229951690821256
0.0197599599329164
0.0790398394316655
1E-10
1E-10
1E-10
Gen 50
0.229951690821256
0.0200594768381289
0.0802379070525157
1E-10
1E-10
1E-10
Gen 51
0.229951690821256
0.0200015058256362
0.0800060230025447
1E-10
1E-10
1E-10
Gen 52
0.229951690821256
0.0203203464043463
0.0812813853173853
1E-10
1E-10
1E-10
Gen 53
0.229951690821256
0.0197599599329164
0.0790398394316655
1E-10
1E-10
1E-10
Gen 54
0.229951690821256
0.0245839764910634
0.0983359056642535
1E-10
1E-10
1E-10
Gen 55
0.229951690821256
0.0245839764910634
0.0983359056642535
1E-10
1E-10
1E-10
Gen 56
0.229951690821256
0.0206507309946005
0.0826029236784019
1E-10
1E-10
1E-10
Gen 57
0.229951690821256
0.0205927599811077
0.0823710396244309
1E-10
1E-10
1E-10
Gen 58
0.229951690821256
0.0205927599811077
0.0823710396244309
1E-10
1E-10
1E-10
Gen 59
0.229951690821256
0.0205927599811077
0.0823710396244309
1E-10
1E-10
1E-10
Gen 60
0.229951690821256
0.0208092101965579
0.0832368404862318
1E-10
1E-10
1E-10
Gen 61
0.229951690821256
0.0208092101965579
0.0832368404862318
1E-10
1E-10
1E-10
Gen 62
0.229951690821256
0.0223108100419839
0.0892432398679355
1E-10
1E-10
1E-10
Gen 63
0.229951690821256
0.0216402535483404
0.0865610138933617
1E-10
1E-10
1E-10
Gen 64
0.229951690821256
0.0225926344987214
0.0903705376948855
1E-10
1E-10
1E-10
Gen 65
0.229951690821256
0.0226795910194605
0.090718363777842
1E-10
1E-10
1E-10
Gen 66
0.229951690821256
0.024077545716763
0.0961942405420666
0.000115942124985507
1E-10
1E-10
Gen 67
0.229951690821256
0.0236522994674298
0.0946091975697193
1E-10
1E-10
1E-10
Gen 68
0.229951690821256
0.0246182320865364
0.0984729280461454
1E-10
1E-10
1E-10
Gen 69
0.229951690821256
0.0216235649249561
0.0864942593998246
1E-10
1E-10
1E-10
Gen 70
0.229951690821256
0.0237447770411683
0.094979107864673
1E-10
1E-10
1E-10
Gen 71
0.229951690821256
0.023528326825718
0.0941133070028722
1E-10
1E-10
1E-10
Gen 72
0.229951690821256
0.0237880670824583
0.0951522680298332
1E-10
1E-10
1E-10
Gen 73
0.229951690821256
0.0251994479721001
0.1007977915884
1E-10
1E-10
1E-10
Gen 74
0.229951690821256
0.026981241055241
0.107578643578644
0.000346320442320346
1E-10
1E-10
Gen 75
0.229951690821256
0.0267662965784269
0.106137649789824
0.000927536323884059
1E-10
1E-10
Gen 76
0.229951690821256
0.0269100948091817
0.106712842712843
0.000927536323884059
1E-10
1E-10
Gen 77
0.229951690821256
0.0241778029524551
0.0967112115098202
1E-10
1E-10
1E-10
Gen 78
0.229951690821256
0.0237121526617178
0.0948486103468712
1E-10
1E-10
1E-10
Gen 79
0.229951690821256
0.0241450530936182
0.0965802120744729
1E-10
1E-10
1E-10
Gen 80
0.229951690821256
0.0239155531269878
0.0956622122079513
1E-10
1E-10
1E-10
Gen 81
0.229951690821256
0.0243917436021783
0.0975669741087132
1E-10
1E-10
1E-10
Gen 82
0.229951690821256
0.0282995169842126
0.11319806763685
1E-10
1E-10
1E-10
Gen 83
0.229951690821256
0.0319791706538662
0.116752619361315
0.01116406305415
1E-10
1E-10
Gen 84
0.229951690821256
0.0228056968027402
0.0912227869109608
1E-10
1E-10
1E-10
Gen 85
0.229951690821256
0.0228056968027402
0.0912227869109608
1E-10
1E-10
1E-10
Gen 86
0.229951690821256
0.0229506243379721
0.0918024970518883
1E-10
1E-10
1E-10
Gen 87
0.229951690821256
0.0229506243379721
0.0918024970518883
1E-10
1E-10
1E-10
Gen 88
0.229951690821256
0.0228056968027402
0.0912227869109608
1E-10
1E-10
1E-10
Gen 89
0.229951690821256
0.0230221470181904
0.0920885877727617
1E-10
1E-10
1E-10
Gen 90
0.229951690821256
0.0231087271027705
0.092434908111082
1E-10
1E-10
1E-10
Gen 91
0.229951690821256
0.0236011042887999
0.0944044168551994
1E-10
1E-10
1E-10
Gen 92
0.229951690821256
0.0233409875959006
0.0933639500836022
1E-10
1E-10
1E-10
Gen 93
0.229951690821256
0.0248619111118241
0.0994476441472963
1E-10
1E-10
1E-10
Gen 94
0.229951690821256
0.0247073217408434
0.0988292866633736
1E-10
1E-10
1E-10
Gen 95
0.229951690821256
0.0264574942736246
0.105829976794499
1E-10
1E-10
1E-10
Gen 96
0.229951690821256
0.0258610955063128
0.103444381725251
1E-10
1E-10
1E-10
Gen 97
0.229951690821256
0.0268176172434433
0.107270468673773
1E-10
1E-10
1E-10
Gen 98
0.229951690821256
0.0247104587055021
0.0988418345220084
1E-10
1E-10
1E-10
Gen 99
0.229951690821256
0.0247104587055021
0.0988418345220084
1E-10
1E-10
1E-10
Gen 100
0.229951690821256
0.0247104587055021
0.0988418345220084
1E-10
1E-10
1E-10
Gen 101
0.229951690821256
0.0278750236041975
0.11150009411679
1E-10
1E-10
1E-10
Gen 102
0.229951690821256
0.0262177050803137
0.104870820021255
1E-10
1E-10
1E-10
Gen 103
0.229951690821256
0.0280361378522682
0.112144551109073
1E-10
1E-10
1E-10
Gen 104
0.229951690821256
0.0282197127304953
0.112878850621981
1E-10
1E-10
1E-10
Gen 105
0.229951690821256
0.0282197127304953
0.112878850621981
1E-10
1E-10
1E-10
Gen 106
0.229951690821256
0.0315633352865091
0.11918639814292
0.00706694280311664
1E-10
1E-10
Gen 107
0.229951690821256
0.0323425560597299
0.11918639814292
0.0101838258959998
1E-10
1E-10
Gen 108
0.229951690821256
0.025647656768135
0.10259062677254
1E-10
1E-10
1E-10
Gen 109
0.229951690821256
0.0262618734683082
0.105047493573233
1E-10
1E-10
1E-10
Gen 110
0.229951690821256
0.026223226126313
0.104892904205252
1E-10
1E-10
1E-10
Gen 111
0.229951690821256
0.0261845787843178
0.104738314837271
1E-10
1E-10
1E-10
Gen 112
0.229951690821256
0.0247104587055021
0.0988418345220084
1E-10
1E-10
1E-10
Gen 113
0.229951690821256
0.0247104587055021
0.0988418345220084
1E-10
1E-10
1E-10
Gen 114
0.229951690821256
0.0207277747268181
0.0829110986072725
1E-10
1E-10
1E-10
Gen 115
0.229951690821256
0.0207277747268181
0.0829110986072725
1E-10
1E-10
1E-10
Gen 116
0.229951690821256
0.0207277747268181
0.0829110986072725
1E-10
1E-10
1E-10
Gen 117
0.229951690821256
0.0207277747268181
0.0829110986072725
1E-10
1E-10
1E-10
Gen 118
0.229951690821256
0.0207277747268181
0.0829110986072725
1E-10
1E-10
1E-10
Gen 119
0.229951690821256
0.0211722191702626
0.0846888763810503
1E-10
1E-10
1E-10
Gen 120
0.229951690821256
0.0222111802052236
0.0888447205208944
1E-10
1E-10
1E-10
Gen 121
0.229951690821256
0.023639751631795
0.0945590062271801
1E-10
1E-10
1E-10
Gen 122
0.229951690821256
0.025631093621137
0.102524374184548
1E-10
1E-10
1E-10
Gen 123
0.229951690821256
0.0262804442694877
0.105121776777951
1E-10
1E-10
1E-10
Gen 124
0.229951690821256
0.0262804442694877
0.105121776777951
1E-10
1E-10
1E-10
Gen 125
0.229951690821256
0.0211915428407602
0.0847661710630406
1E-10
1E-10
1E-10
Gen 126
0.229951690821256
0.021336470375992
0.0853458812039681
1E-10
1E-10
1E-10
Gen 127
0.229951690821256
0.0216541816482251
0.0866167262929002
1E-10
1E-10
1E-10
Gen 128
0.229951690821256
0.0216395006770223
0.0865580024080893
1E-10
1E-10
1E-10
Gen 129
0.229951690821256
0.0214945731417905
0.0859782922671618
1E-10
1E-10
1E-10
Gen 130
0.229951690821256
0.0214512830995004
0.0858051320980016
1E-10
1E-10
1E-10
Gen 131
0.253140096618358
0.0266672941365984
0.106669176246394
1E-10
1E-10
1E-10
Gen 132
0.253140096618358
0.0266672941365984
0.106669176246394
1E-10
1E-10
1E-10
Gen 133
0.253140096618358
0.0267252651500912
0.106901060300365
1E-10
1E-10
1E-10
Gen 134
0.253140096618358
0.0266672941365984
0.106669176246394
1E-10
1E-10
1E-10
Gen 135
0.253140096618358
0.0266672941365984
0.106669176246394
1E-10
1E-10
1E-10
Gen 136
0.253140096618358
0.0301737876370919
0.117801116757639
0.00289403359072915
1E-10
1E-10
Gen 137
0.253140096618358
0.0293477634167634
0.116463517159169
0.000927536307884059
1E-10
1E-10
Gen 138
0.253140096618358
0.0292024594493724
0.116463517159169
0.000346320438320346
1E-10
1E-10
Gen 139
0.253140096618358
0.0301593576256619
0.120637430202648
1E-10
1E-10
1E-10
Gen 140
0.253140096618358
0.0245152143383447
0.0980608570533788
1E-10
1E-10
1E-10
Gen 141
0.253140096618358
0.0173569233599668
0.069427693139867
1E-10
1E-10
1E-10
Gen 142
0.253140096618358
0.0174052325377107
0.0696209298508428
1E-10
1E-10
1E-10
Gen 143
0.253140096618358
0.0175300835301269
0.0701203338205077
1E-10
1E-10
1E-10
Gen 144
0.253140096618358
0.0181709016492059
0.0726836062968236
1E-10
1E-10
1E-10
Gen 145
0.253140096618358
0.0180843215636258
0.0723372859545033
1E-10
1E-10
1E-10
Gen 146
0.253140096618358
0.0192724763999546
0.0770899052998183
1E-10
1E-10
1E-10
Gen 147
0.253140096618358
0.020077545724763
0.0803101825990521
1E-10
1E-10
1E-10
Gen 148
0.253140096618358
0.020077545724763
0.0803101825990521
1E-10
1E-10
1E-10
Gen 149
0.253140096618358
0.020077545724763
0.0803101825990521
1E-10
1E-10
1E-10
Gen 150
0.253140096618358
0.020077545724763
0.0803101825990521
1E-10
1E-10
1E-10
Gen 151
0.253140096618358
0.020077545724763
0.0803101825990521
1E-10
1E-10
1E-10
Gen 152
0.253140096618358
0.020077545724763
0.0803101825990521
1E-10
1E-10
1E-10
Gen 153
0.253140096618358
0.0196427631180674
0.0785710521722695
1E-10
1E-10
1E-10
Gen 154
0.253140096618358
0.0196427631180674
0.0785710521722695
1E-10
1E-10
1E-10
Gen 155
0.253140096618358
0.0196427631180674
0.0785710521722695
1E-10
1E-10
1E-10
Gen 156
0.253140096618358
0.0211408495706756
0.0845633979827023
1E-10
1E-10
1E-10
Gen 157
0.253140096618358
0.0229379510179509
0.0917518037718038
1E-10
1E-10
1E-10
Gen 158
0.253140096618358
0.0229379510179509
0.0917518037718038
1E-10
1E-10
1E-10
Gen 159
0.253140096618358
0.0229379510179509
0.0917518037718038
1E-10
1E-10
1E-10
Gen 160
0.253140096618358
0.0250345693724389
0.100138277189755
1E-10
1E-10
1E-10
Gen 161
0.253140096618358
0.0250345693724389
0.100138277189755
1E-10
1E-10
1E-10
Gen 162
0.253140096618358
0.0250345693724389
0.100138277189755
1E-10
1E-10
1E-10
Gen 163
0.253140096618358
0.025207729544599
0.100830917878396
1E-10
1E-10
1E-10
Gen 164
0.253140096618358
0.025207729544599
0.100830917878396
1E-10
1E-10
1E-10
Gen 165
0.253140096618358
0.025207729544599
0.100830917878396
1E-10
1E-10
1E-10
Gen 166
0.253140096618358
0.0265948931026756
0.104682100508187
0.00169747170251509
1E-10
1E-10
Gen 167
0.253140096618358
0.0260707698839003
0.103896605809649
0.00038647352595169
1E-10
1E-10
Gen 168
0.253140096618358
0.0257809148134365
0.103123658953746
1E-10
1E-10
1E-10
Gen 169
0.253140096618358
0.0257809148134365
0.103123658953746
1E-10
1E-10
1E-10
Gen 170
0.253140096618358
0.0266034256329473
0.104682100508187
0.00173160182360173
1E-10
1E-10
Gen 171
0.253140096618358
0.0233077358245184
0.0932309429980734
1E-10
1E-10
1E-10
Gen 172
0.253140096618358
0.0274635799743625
0.10985431959745
1E-10
1E-10
1E-10
Gen 173
0.253140096618358
0.026987389499172
0.107949557696688
1E-10
1E-10
1E-10
Gen 174
0.253140096618358
0.0274635799743625
0.10985431959745
1E-10
1E-10
1E-10
Gen 175
0.253140096618358
0.0274635799743625
0.10985431959745
1E-10
1E-10
1E-10
Gen 176
0.253140096618358
0.0290080934269194
0.111759081498212
0.00427329200946583
1E-10
1E-10
Gen 177
0.253140096618358
0.0259654935227543
0.103861973791017
1E-10
1E-10
1E-10
Gen 178
0.253140096618358
0.0322425497928106
0.123429073342117
0.00554112562912555
1E-10
1E-10
Gen 179
0.253140096618358
0.0289957965520573
0.115983185908229
1E-10
1E-10
1E-10
Gen 180
0.253140096618358
0.0300501914275392
0.119563837129055
0.000636928381102203
1E-10
1E-10
Gen 181
0.253140096618358
0.0298183073715682
0.119273229186273
1E-10
1E-10
1E-10
Gen 182
0.253140096618358
0.0262252337854946
0.104900934841978
1E-10
1E-10
1E-10
Gen 183
0.253140096618358
0.0265633980357023
0.106253591842809
1E-10
1E-10
1E-10
Gen 184
0.253140096618358
0.0265633980357023
0.106253591842809
1E-10
1E-10
1E-10
Gen 185
0.253140096618358
0.0210296757243713
0.0841187025974852
1E-10
1E-10
1E-10
Gen 186
0.253140096618358
0.0230210177137133
0.0920840705548531
1E-10
1E-10
1E-10
Gen 187
0.253140096618358
0.0230210177137133
0.0920840705548531
1E-10
1E-10
1E-10
Gen 188
0.253140096618358
0.0233240480157436
0.0932961917629744
1E-10
1E-10
1E-10
Gen 189
0.253140096618358
0.0227242613310004
0.0908970450240015
1E-10
1E-10
1E-10
Gen 190
0.253140096618358
0.0227242613310004
0.0908970450240015
1E-10
1E-10
1E-10
Gen 191
0.253140096618358
0.0227242613310004
0.0908970450240015
1E-10
1E-10
1E-10
Gen 192
0.253140096618358
0.0227242613310004
0.0908970450240015
1E-10
1E-10
1E-10
Gen 193
0.253140096618358
0.0236766422813813
0.0947065688255253
1E-10
1E-10
1E-10
Gen 194
0.253140096618358
0.0241528327565718
0.0966113307262872
1E-10
1E-10
1E-10
Gen 195
0.253140096618358
0.0245424431431822
0.0981697722727288
1E-10
1E-10
1E-10
Gen 196
0.253140096618358
0.0247156033203424
0.0988624129813695
1E-10
1E-10
1E-10
Gen 197
0.253140096618358
0.0247156033203424
0.0988624129813695
1E-10
1E-10
1E-10
Gen 198
0.253140096618358
0.0257066316127185
0.102826526150874
1E-10
1E-10
1E-10
Gen 199
0.253140096618358
0.0256679842707233
0.102671936782893
1E-10
1E-10
1E-10
Gen 200
0.253140096618358
0.0205164691232082
0.0820658761928327
1E-10
1E-10
1E-10
Gen 201
0.253140096618358
0.0216420102487493
0.0865680406949972
1E-10
1E-10
1E-10
Gen 202
0.253140096618358
0.0242735429622385
0.0970941715489542
1E-10
1E-10
1E-10
Gen 203
0.253140096618358
0.0254423741300697
0.101769496220279
1E-10
1E-10
1E-10
Gen 204
0.253140096618358
0.0268276555133511
0.107310621753404
1E-10
1E-10
1E-10
Gen 205
0.253140096618358
0.0266247569636265
0.106499027554506
1E-10
1E-10
1E-10
Gen 206
0.253140096618358
0.0266247569636265
0.106499027554506
1E-10
1E-10
1E-10
Gen 207
0.253140096618358
0.024904071855637
0.099616287122548
1E-10
1E-10
1E-10
Gen 208
0.253140096618358
0.024904071855637
0.099616287122548
1E-10
1E-10
1E-10
Gen 209
0.253140096618358
0.0278477947953599
0.11139117888144
1E-10
1E-10
1E-10
Gen 210
0.253140096618358
0.0305729343880648
0.122291737252259
1E-10
1E-10
1E-10
Gen 211
0.253140096618358
0.0304329005069004
0.12134512830165
0.00038647352595169
1E-10
1E-10
Gen 212
0.253140096618358
0.031785055599186
0.127140222096744
1E-10
1E-10
1E-10
Gen 213
0.253140096618358
0.0267827342540385
0.107130936716154
1E-10
1E-10
1E-10
Gen 214
0.253140096618358
0.0289279127440431
0.115711650676172
1E-10
1E-10
1E-10
Gen 215
0.264734299516908
0.0344243679756288
0.135962858397641
0.00173461330487408
1E-10
1E-10
Gen 216
0.264734299516908
0.0349074597630684
0.136859275989711
0.00277056286256277
1E-10
1E-10
Gen 217
0.264734299516908
0.0349074597630684
0.136859275989711
0.00277056286256277
1E-10
1E-10
Gen 218
0.264734299516908
0.0368122216648303
0.140668799799235
0.00658008666008659
1E-10
1E-10
Gen 219
0.264734299516908
0.0340353849789501
0.13562205910032
0.000519480615480519
1E-10
1E-10
Gen 220
0.264734299516908
0.0337323546779198
0.134929418411679
1E-10
1E-10
1E-10
Gen 221
0.264734299516908
0.0308738315635271
0.123495325954109
1E-10
1E-10
1E-10
Gen 222
0.264734299516908
0.0308738315635271
0.123495325954109
1E-10
1E-10
1E-10
Gen 223
0.264734299516908
0.0309607880842663
0.123843152037065
1E-10
1E-10
1E-10
Gen 224
0.264734299516908
0.0335294561281952
0.134117824212781
1E-10
1E-10
1E-10
Gen 225
0.264734299516908
0.0359100320689885
0.13948428383211
0.00415584424384415
1E-10
1E-10
Gen 226
0.264734299516908
0.0325621432478388
0.130248572691355
1E-10
1E-10
1E-10
Gen 227
0.264734299516908
0.0331682038538994
0.132672815115598
1E-10
1E-10
1E-10
Gen 228
0.264734299516908
0.0332114938951895
0.132845975280758
1E-10
1E-10
1E-10
Gen 229
0.264734299516908
0.0355491562328518
0.142196624631407
1E-10
1E-10
1E-10
Gen 230
0.264734299516908
0.03567977923304
0.14271911663216
1E-10
1E-10
1E-10
Gen 231
0.264734299516908
0.0353334588877197
0.141333835250879
1E-10
1E-10
1E-10
Gen 232
0.264734299516908
0.0358529394062002
0.143411757324801
1E-10
1E-10
1E-10
Gen 233
0.264734299516908
0.0357176737047171
0.142793399836878
7.72947819903382E-05
1E-10
1E-10
Gen 234
0.264734299516908
0.0356790263637219
0.142716105154888
1E-10
1E-10
1E-10
Gen 235
0.264734299516908
0.0378046302224562
0.144184704184704
0.00703381650512078
1E-10
1E-10
Gen 236
0.264734299516908
0.0374374804650021
0.144184704184704
0.00556521747530435
1E-10
1E-10
Gen 237
0.264734299516908
0.0314366021272977
0.125746408209191
1E-10
1E-10
1E-10
Gen 238
0.264734299516908
0.0314366021272977
0.125746408209191
1E-10
1E-10
1E-10
Gen 239
0.264734299516908
0.0333350901077422
0.133340360130969
1E-10
1E-10
1E-10
Gen 240
0.264734299516908
0.0333350901077422
0.133340360130969
1E-10
1E-10
1E-10
Gen 241
0.264734299516908
0.0357593325279846
0.140959407742016
0.00207792216992208
1E-10
1E-10
Gen 242
0.264734299516908
0.0357593325279846
0.140959407742016
0.00207792216992208
1E-10
1E-10
Gen 243
0.264734299516908
0.0385007843049147
0.142023464458247
0.0119796725614116
1E-10
1E-10
Gen 244
0.264734299516908
0.0368339294226685
0.139599222034005
0.00773649545666931
1E-10
1E-10
Gen 245
0.264734299516908
0.0338608445475401
0.135443377890161
1E-10
1E-10
1E-10
Gen 246
0.264734299516908
0.0338608445475401
0.135443377890161
1E-10
1E-10
1E-10
Gen 247
0.264734299516908
0.0268059477595129
0.107223790738052
1E-10
1E-10
1E-10
Gen 248
0.264734299516908
0.0275885564541651
0.11035422551666
1E-10
1E-10
1E-10
Gen 249
0.264734299516908
0.0281080369676456
0.112432147570582
1E-10
1E-10
1E-10
Gen 250
0.264734299516908
0.0277617166253252
0.111046866201301
1E-10
1E-10
1E-10
Gen 251
0.264734299516908
0.0276751365397452
0.110700545858981
1E-10
1E-10
1E-10
Gen 252
0.264734299516908
0.0281080369696456
0.112432147578582
1E-10
1E-10
1E-10
Gen 253
0.264734299516908
0.0277617166263253
0.111046866205301
1E-10
1E-10
1E-10
Gen 254
0.264734299516908
0.0289370726672465
0.115748290368986
1E-10
1E-10
1E-10
Gen 255
0.264734299516908
0.029247757152844
0.116991028311376
1E-10
1E-10
1E-10
Gen 256
0.264734299516908
0.029247757152844
0.116991028311376
1E-10
1E-10
1E-10
Gen 257
0.264734299516908
0.029247757152844
0.116991028311376
1E-10
1E-10
1E-10
Gen 258
0.264734299516908
0.0290745969806839
0.116298387622735
1E-10
1E-10
1E-10
Gen 259
0.264734299516908
0.0297509254810993
0.119003701624397
1E-10
1E-10
1E-10
Gen 260
0.264734299516908
0.0297509254810993
0.119003701624397
1E-10
1E-10
1E-10
Gen 261
0.264734299516908
0.0327002949502079
0.130801179500832
1E-10
1E-10
1E-10
Gen 262
0.264734299516908
0.0327002949502079
0.130801179500832
1E-10
1E-10
1E-10
Gen 263
0.264734299516908
0.0299061422500117
0.119624568700047
1E-10
1E-10
1E-10
Gen 264
0.264734299516908
0.0302957526376221
0.121183010250489
1E-10
1E-10
1E-10
Gen 265
0.264734299516908
0.030165882508752
0.120663529735008
1E-10
1E-10
1E-10
Gen 266
0.264734299516908
0.030165882508752
0.120663529735008
1E-10
1E-10
1E-10
Gen 267
0.264734299516908
0.030165882508752
0.120663529735008
1E-10
1E-10
1E-10
Gen 268
0.264734299516908
0.0309451032839728
0.123780412835891
1E-10
1E-10
1E-10
Gen 269
0.264734299516908
0.0352992032832467
0.137633226676705
0.00356358625628182
1E-10
1E-10
Gen 270
0.264734299516908
0.0346680470029165
0.137633226676705
0.00103896113496104
1E-10
1E-10
Gen 271
0.264734299516908
0.0380348830594048
0.13924687872514
0.0128926533124793
1E-10
1E-10
Gen 272
0.264734299516908
0.0342489491945144
0.136995796478057
1E-10
1E-10
1E-10
Gen 273
0.264734299516908
0.0342489491945144
0.136995796478057
1E-10
1E-10
1E-10
Gen 274
0.264734299516908
0.0343359057152535
0.137343622561014
1E-10
1E-10
1E-10
Gen 275
0.264734299516908
0.0319506870731653
0.127802747992661
1E-10
1E-10
1E-10
Gen 276
0.264734299516908
0.0322537173771956
0.129014869208782
1E-10
1E-10
1E-10
Gen 277
0.264734299516908
0.0328164879389661
0.131265951455865
1E-10
1E-10
1E-10
Gen 278
0.264734299516908
0.0263507121758425
0.10540284840337
1E-10
1E-10
1E-10
Gen 279
0.264734299516908
0.0263507121758425
0.10540284840337
1E-10
1E-10
1E-10
Gen 280
0.264734299516908
0.0273610641377162
0.109444256250865
1E-10
1E-10
1E-10
Gen 281
0.264734299516908
0.0277553172276215
0.111021268610486
1E-10
1E-10
1E-10
Gen 282
0.264734299516908
0.0286883745075049
0.114753497730019
1E-10
1E-10
1E-10
Gen 283
0.264734299516908
0.0286883745075049
0.114753497730019
1E-10
1E-10
1E-10
Gen 284
0.264734299516908
0.0309220152588848
0.123688060735539
1E-10
1E-10
1E-10
Gen 285
0.264734299516908
0.0314322103767755
0.125728841207102
1E-10
1E-10
1E-10
Gen 286
0.264734299516908
0.0337358680677376
0.128952631909154
0.00599084016179661
1E-10
1E-10
Gen 287
0.264734299516908
0.029857205676336
0.119428822405344
1E-10
1E-10
1E-10
Gen 288
0.264734299516908
0.029857205676336
0.119428822405344
1E-10
1E-10
1E-10
Gen 289
0.264734299516908
0.0300303658454962
0.120121463081985
1E-10
1E-10
1E-10
Gen 290
0.264734299516908
0.0300303658474962
0.120121463089985
1E-10
1E-10
1E-10
Gen 291
0.264734299516908
0.0299870758052062
0.119948302920825
1E-10
1E-10
1E-10
Gen 292
0.264734299516908
0.0303333961515265
0.121333584306106
1E-10
1E-10
1E-10
Gen 293
0.264734299516908
0.0303333961515265
0.121333584306106
1E-10
1E-10
1E-10
Gen 294
0.264734299516908
0.0303333961515265
0.121333584306106
1E-10
1E-10
1E-10
Gen 295
0.264734299516908
0.029690946810425
0.1187637869417
1E-10
1E-10
1E-10
Gen 296
0.264734299516908
0.0294010917409612
0.117604366663845
1E-10
1E-10
1E-10
Gen 297
0.264734299516908
0.0301702742452742
0.120681096681097
1E-10
1E-10
1E-10
Gen 298
0.264734299516908
0.0319350022668718
0.125968253968254
0.00177175489923308
1E-10
1E-10
Gen 299
0.264734299516908
0.0302080432435649
0.12083217267426
1E-10
1E-10
1E-10
Gen 300
0.264734299516908
0.0302533409410365
0.121013363464146
1E-10
1E-10
1E-10
Gen 301
0.264734299516908
0.0310333145885754
0.124133258054302
1E-10
1E-10
1E-10
Gen 302
0.264734299516908
0.0276061234292538
0.110424493417015
1E-10
1E-10
1E-10
Gen 303
0.264734299516908
0.0276254470997514
0.110501788099005
1E-10
1E-10
1E-10
Gen 304
0.264734299516908
0.0276061234292538
0.110424493417015
1E-10
1E-10
1E-10
Gen 305
0.264734299516908
0.0296840455011759
0.118736181704703
1E-10
1E-10
1E-10
Gen 306
0.264734299516908
0.0289541377287898
0.115816550615159
1E-10
1E-10
1E-10
Gen 307
0.264734299516908
0.0289541377287898
0.115816550615159
1E-10
1E-10
1E-10
Gen 308
0.264734299516908
0.0289541377287898
0.115816550615159
1E-10
1E-10
1E-10
Gen 309
0.264734299516908
0.0334130121826643
0.132439927222536
0.00121212130812121
1E-10
1E-10
Gen 310
0.264734299516908
0.0334130121826643
0.132439927222536
0.00121212130812121
1E-10
1E-10
Gen 311
0.264734299516908
0.033109981880634
0.132439927222536
1E-10
1E-10
1E-10
Gen 312
0.264734299516908
0.0342788130464652
0.133998368780977
0.00311688320488311
1E-10
1E-10
Gen 313
0.264734299516908
0.0366142167721732
0.139679528201267
0.00677733868742557
1E-10
1E-10
Gen 314
0.264734299516908
0.0304632662833966
0.121853064833587
1E-10
1E-10
1E-10
Gen 315
0.289855072463768
0.036260367730672
0.145041470622688
1E-10
1E-10
1E-10
Gen 316
0.289855072463768
0.036260367730672
0.145041470622688
1E-10
1E-10
1E-10
Gen 317
0.289855072463768
0.0364342807731503
0.145737122792601
1E-10
1E-10
1E-10
Gen 318
0.289855072463768
0.0375590690273733
0.150236275809493
1E-10
1E-10
1E-10
Gen 319
0.289855072463768
0.0375590690273733
0.150236275809493
1E-10
1E-10
1E-10
Gen 320
0.289855072463768
0.0382864672300324
0.152643453165192
0.000502415554937198
1E-10
1E-10
Gen 321
0.289855072463768
0.0379444131508479
0.151777652303391
1E-10
1E-10
1E-10
Gen 322
0.289855072463768
0.0350049564772607
0.140019825609043
1E-10
1E-10
1E-10
Gen 323
0.289855072463768
0.037321663918403
0.149286655373612
1E-10
1E-10
1E-10
Gen 324
0.289855072463768
0.0377472866048952
0.150989146119581
1E-10
1E-10
1E-10
Gen 325
0.289855072463768
0.0385114499717543
0.150928916494134
0.00311688319288311
1E-10
1E-10
Gen 326
0.289855072463768
0.0321478136231179
0.128591254192472
1E-10
1E-10
1E-10
Gen 327
0.289855072463768
0.0321478136231179
0.128591254192472
1E-10
1E-10
1E-10
Gen 328
0.289855072463768
0.0328837443570486
0.131534977128194
1E-10
1E-10
1E-10
Gen 329
0.289855072463768
0.0326240040983084
0.130496016093233
1E-10
1E-10
1E-10
Gen 330
0.289855072463768
0.0367798482481525
0.14711939269261
1E-10
1E-10
1E-10
Gen 331
0.289855072463768
0.0365201079914123
0.146080431665649
1E-10
1E-10
1E-10
Gen 332
0.289855072463768
0.0366167263479002
0.146466905091601
1E-10
1E-10
1E-10
Gen 333
0.289855072463768
0.0364335279058322
0.145734111323329
1E-10
1E-10
1E-10
Gen 334
0.289855072463768
0.0369530084243127
0.147812033397251
1E-10
1E-10
1E-10
Gen 335
0.289855072463768
0.0369530084243127
0.147812033397251
1E-10
1E-10
1E-10
Gen 336
0.289855072463768
0.0369530084243127
0.147812033397251
1E-10
1E-10
1E-10
Gen 337
0.289855072463768
0.0392040906703949
0.15681636238158
1E-10
1E-10
1E-10
Gen 338
0.289855072463768
0.0389010603683646
0.155604241173459
1E-10
1E-10
1E-10
Gen 339
0.289855072463768
0.0359573374306417
0.143829349422567
1E-10
1E-10
1E-10
Gen 340
0.289855072463768
0.0359573374306417
0.143829349422567
1E-10
1E-10
1E-10
Gen 341
0.289855072463768
0.0363036577759621
0.145214630803848
1E-10
1E-10
1E-10
Gen 342
0.289855072463768
0.0363036577759621
0.145214630803848
1E-10
1E-10
1E-10
Gen 343
0.289855072463768
0.0383815798488841
0.153526319095536
1E-10
1E-10
1E-10
Gen 344
0.289855072463768
0.0377322292015335
0.150928916506134
1E-10
1E-10
1E-10
Gen 345
0.289855072463768
0.0377322292015335
0.150928916506134
1E-10
1E-10
1E-10
Gen 346
0.289855072463768
0.0382474434548782
0.152989773519513
1E-10
1E-10
1E-10
Gen 347
0.289855072463768
0.0381218395911439
0.152487358064575
1E-10
1E-10
1E-10
Gen 348
0.289855072463768
0.0381218395911439
0.152487358064575
1E-10
1E-10
1E-10
Gen 349
0.289855072463768
0.0381218395911439
0.152487358064575
1E-10
1E-10
1E-10
Gen 350
0.289855072463768
0.0383827091543613
0.153530836317445
1E-10
1E-10
1E-10
Gen 351
0.289855072463768
0.0385980300673343
0.154392119969337
1E-10
1E-10
1E-10
Gen 352
0.289855072463768
0.0385980300673343
0.154392119969337
1E-10
1E-10
1E-10
Gen 353
0.289855072463768
0.0408691888552323
0.160799046364264
0.00267770885666528
1E-10
1E-10
Gen 354
0.289855072463768
0.0406759521412564
0.160799046364264
0.00190476200076191
1E-10
1E-10
Gen 355
0.289855072463768
0.0417635987911205
0.160799046364264
0.00625534860021809
1E-10
1E-10
Gen 356
0.289855072463768
0.0359573374306417
0.143829349422567
1E-10
1E-10
1E-10
Gen 357
0.289855072463768
0.0359573374306417
0.143829349422567
1E-10
1E-10
1E-10
Gen 358
0.289855072463768
0.035622435612479
0.142489742149916
1E-10
1E-10
1E-10
Gen 359
0.289855072463768
0.0355064935864935
0.142025974045974
1E-10
1E-10
1E-10
Gen 360
0.289855072463768
0.0355064935864935
0.142025974045974
1E-10
1E-10
1E-10
Gen 361
0.289855072463768
0.0355064935864935
0.142025974045974
1E-10
1E-10
1E-10
Gen 362
0.289855072463768
0.0322648849555805
0.129059539522322
1E-10
1E-10
1E-10
Gen 363
0.289855072463768
0.0325679152576108
0.130271660730443
1E-10
1E-10
1E-10
Gen 364
0.289855072463768
0.0339531966378922
0.135812786251569
1E-10
1E-10
1E-10
Gen 365
0.423188405797101
0.038626764615808
0.154507058163232
1E-10
1E-10
1E-10
Gen 366
0.423188405797101
0.0391983186656229
0.156793274362492
1E-10
1E-10
1E-10
Gen 367
0.423188405797101
0.0393722317071012
0.157141100445448
0.000347826182956521
1E-10
1E-10
Gen 368
0.423188405797101
0.0386970325141629
0.154788129756651
1E-10
1E-10
1E-10
Gen 369
0.423188405797101
0.0436888136608571
0.160414078674948
0.0143411757684801
1E-10
1E-10
Gen 370
0.423188405797101
0.0404065500457674
0.160414078674948
0.00121212130812121
1E-10
1E-10
Gen 371
0.423188405797101
0.0376580714772018
0.150632285608807
1E-10
1E-10
1E-10
Gen 372
0.423188405797101
0.0404357865097864
0.1605064307673
0.00123671507184541
1E-10
1E-10
Gen 373
0.423188405797101
0.0403198444798009
0.1605064307673
0.000772946951903383
1E-10
1E-10
Gen 374
0.423188405797101
0.0409575256402212
0.163443628834933
0.00038647352595169
1E-10
1E-10
Gen 375
0.423188405797101
0.0329405860700643
0.131762343980257
1E-10
1E-10
1E-10
Gen 376
0.423188405797101
0.0334167765452547
0.133667105881019
1E-10
1E-10
1E-10
Gen 377
0.423188405797101
0.0334167765452547
0.133667105881019
1E-10
1E-10
1E-10
Gen 378
0.423188405797101
0.0334167765452547
0.133667105881019
1E-10
1E-10
1E-10
Gen 379
0.423188405797101
0.0334167765452547
0.133667105881019
1E-10
1E-10
1E-10
Gen 380
0.423188405797101
0.0337630968875751
0.1350523872503
1E-10
1E-10
1E-10
Gen 381
0.423188405797101
0.0351916683161465
0.140766672964586
1E-10
1E-10
1E-10
Gen 382
0.423188405797101
0.0351050882305664
0.140420352622266
1E-10
1E-10
1E-10
Gen 383
0.423188405797101
0.0356245687480469
0.142498274692188
1E-10
1E-10
1E-10
Gen 384
0.423188405797101
0.0356245687480469
0.142498274692188
1E-10
1E-10
1E-10
Gen 385
0.423188405797101
0.0357544388769171
0.143017755207668
1E-10
1E-10
1E-10
Gen 386
0.423188405797101
0.0336486605992257
0.134594642096903
1E-10
1E-10
1E-10
Gen 387
0.423188405797101
0.0334747475587475
0.13389898993499
1E-10
1E-10
1E-10
Gen 388
0.423188405797101
0.0349752180996963
0.139900872098785
1E-10
1E-10
1E-10
Gen 389
0.423188405797101
0.0349752180996963
0.139900872098785
1E-10
1E-10
1E-10
Gen 390
0.423188405797101
0.0345677897792245
0.138271158816898
1E-10
1E-10
1E-10
Gen 391
0.423188405797101
0.0348507435404391
0.139402973861756
1E-10
1E-10
1E-10
Gen 392
0.423188405797101
0.0349272853551114
0.139709141120445
1E-10
1E-10
1E-10
Gen 393
0.423188405797101
0.034715477840956
0.138861911063824
1E-10
1E-10
1E-10
Gen 394
0.423188405797101
0.034672187793666
0.138688750874664
1E-10
1E-10
1E-10
Gen 395
0.423188405797101
0.0346551227361227
0.138620490644491
1E-10
1E-10
1E-10
Gen 396
0.423188405797101
0.034873078692209
0.139492314468836
1E-10
1E-10
1E-10
Gen 397
0.423188405797101
0.0346991656497308
0.138796662298923
1E-10
1E-10
1E-10
Gen 398
0.423188405797101
0.0345252526072525
0.13810101012901
1E-10
1E-10
1E-10
Gen 399
0.423188405797101
0.036949495027495
0.14779797980998
1E-10
1E-10
1E-10
Gen 400
0.423188405797101
0.0418150449365231
0.167260179446093
1E-10
1E-10
1E-10
Gen 401
0.423188405797101
0.0329405860700643
0.131762343980257
1E-10
1E-10
1E-10
Gen 402
0.423188405797101
0.033321663927403
0.133286655409612
1E-10
1E-10
1E-10
Gen 403
0.423188405797101
0.0369580275597666
0.147832109939066
1E-10
1E-10
1E-10
Gen 404
0.423188405797101
0.0366982873010264
0.146793148904105
1E-10
1E-10
1E-10
Gen 405
0.423188405797101
0.034824016645147
0.139296066280588
1E-10
1E-10
1E-10
Gen 406
0.423188405797101
0.034824016645147
0.139296066280588
1E-10
1E-10
1E-10
Gen 407
0.423188405797101
0.034824016645147
0.139296066280588
1E-10
1E-10
1E-10
Gen 408
0.423188405797101
0.0344557375822158
0.137822950028863
1E-10
1E-10
1E-10
Gen 409
0.423188405797101
0.0344557375822158
0.137822950028863
1E-10
1E-10
1E-10
Gen 410
0.423188405797101
0.0344557375822158
0.137822950028863
1E-10
1E-10
1E-10
Gen 411
0.423188405797101
0.0344653994169646
0.137861597367858
1E-10
1E-10
1E-10
Gen 412
0.423188405797101
0.0319016250291032
0.127606499816413
1E-10
1E-10
1E-10
Gen 413
0.423188405797101
0.0342825774070556
0.137130309328222
1E-10
1E-10
1E-10
Gen 414
0.423188405797101
0.0341959973214755
0.136783988985902
1E-10
1E-10
1E-10
Gen 415
0.423188405797101
0.035648033206294
0.142592132525176
1E-10
1E-10
1E-10
Gen 416
0.423188405797101
0.0346956522559131
0.138782608723652
1E-10
1E-10
1E-10
Gen 417
0.423188405797101
0.0351718427311035
0.140687370624414
1E-10
1E-10
1E-10
Gen 418
0.423188405797101
0.0378991154553763
0.151596461521505
1E-10
1E-10
1E-10
Gen 419
0.423188405797101
0.029650542782021
0.118602170828084
1E-10
1E-10
1E-10
Gen 420
0.423188405797101
0.0298237029541811
0.119294811516725
1E-10
1E-10
1E-10
Gen 421
0.423188405797101
0.0299968631253413
0.119987452201365
1E-10
1E-10
1E-10
Gen 422
0.423188405797101
0.0300401531686314
0.120160612374525
1E-10
1E-10
1E-10
Gen 423
0.423188405797101
0.0314354728238206
0.125741890995282
1E-10
1E-10
1E-10
Gen 424
0.423188405797101
0.0316287095377964
0.126514837851186
1E-10
1E-10
1E-10
Gen 425
0.423188405797101
0.0334167765432547
0.133667105873019
1E-10
1E-10
1E-10
Gen 426
0.423188405797101
0.0334167765432547
0.133667105873019
1E-10
1E-10
1E-10
Gen 427
0.423188405797101
0.0334747475567475
0.13389898992699
1E-10
1E-10
1E-10
Gen 428
0.423188405797101
0.0361198319329623
0.144306167262689
0.000173160269160173
1E-10
1E-10
Gen 429
0.423188405797101
0.039336093926833
0.151709392057218
0.00563498345011381
1E-10
1E-10
Gen 430
0.423188405797101
0.0400521990797207
0.154530648095865
0.00567814802301751
1E-10
1E-10
Gen 431
0.423188405797101
0.0393862852843722
0.154105527322919
0.00343961361457004
1E-10
1E-10
Gen 432
0.423188405797101
0.0386068135513787
0.154427253905515
1E-10
1E-10
1E-10
Gen 433
0.423188405797101
0.0367020516506168
0.146808206302467
1E-10
1E-10
1E-10
Gen 434
0.423188405797101
0.0367020516506168
0.146808206302467
1E-10
1E-10
1E-10
Gen 435
0.423188405797101
0.0375829099187794
0.150331639375118
1E-10
1E-10
1E-10
Gen 436
0.423188405797101
0.0375396198764894
0.150158479205957
1E-10
1E-10
1E-10
Gen 437
0.423188405797101
0.0425894975300627
0.164124223602484
0.00623376631776624
1E-10
1E-10
Gen 438
0.423188405797101
0.0425894975300627
0.164124223602484
0.00623376631776624
1E-10
1E-10
Gen 439
0.423188405797101
0.0415072464508116
0.164124223602484
0.00190476200076191
1E-10
1E-10
Gen 440
0.423188405797101
0.0421347638589377
0.16366948993036
0.0048695653053913
1E-10
1E-10
Gen 441
0.423188405797101
0.0417289667584884
0.16366948993036
0.0032463769035942
1E-10
1E-10
Gen 442
0.423188405797101
0.0426813477088694
0.163951063429324
0.00677432720615322
1E-10
1E-10
Gen 443
0.423188405797101
0.0484769434145086
0.175033314511575
0.0188744589464589
1E-10
1E-10
Gen 444
0.423188405797101
0.0509266579461796
0.175033314511575
0.0286733170731431
1E-10
1E-10
Gen 445
0.423188405797101
0.0492468787921396
0.175033314511575
0.021954200456983
1E-10
1E-10
Gen 446
0.423188405797101
0.0428059477515129
0.171223790706052
1E-10
1E-10
1E-10
Gen 447
0.423188405797101
0.0428059477515129
0.171223790706052
1E-10
1E-10
1E-10
Gen 448
0.423188405797101
0.0403780664570664
0.161512265528266
1E-10
1E-10
1E-10
Gen 449
0.423188405797101
0.0392572935112065
0.157029173744826
1E-10
1E-10
1E-10
Gen 450
0.423188405797101
0.0396341051044094
0.158536420117638
1E-10
1E-10
1E-10
Gen 451
0.423188405797101
0.0389679403482881
0.155871761093152
1E-10
1E-10
1E-10
Gen 452
0.423188405797101
0.0389679403482881
0.155871761093152
1E-10
1E-10
1E-10
Gen 453
0.423188405797101
0.038600790590834
0.154403162063336
1E-10
1E-10
1E-10
Gen 454
0.423188405797101
0.0396003514154818
0.158401405361927
1E-10
1E-10
1E-10
Gen 455
0.423188405797101
0.0388660519005736
0.155464207302294
1E-10
1E-10
1E-10
Gen 456
0.423188405797101
0.0388660519005736
0.155464207302294
1E-10
1E-10
1E-10
Gen 457
0.423188405797101
0.0388660519005736
0.155464207302294
1E-10
1E-10
1E-10
Gen 458
0.423188405797101
0.0394832800790191
0.157586799673756
0.000346320442320346
1E-10
1E-10
Gen 459
0.423188405797101
0.0396997302974694
0.158798920889877
1E-10
1E-10
1E-10
Gen 460
0.423188405797101
0.0260163122802252
0.104065248820901
1E-10
1E-10
1E-10
Gen 461
0.423188405797101
0.0265670369149064
0.106268147359626
1E-10
1E-10
1E-10
Gen 462
0.423188405797101
0.0283748040240213
0.113499215796085
1E-10
1E-10
1E-10
Gen 463
0.423188405797101
0.0281912291457943
0.112764916283177
1E-10
1E-10
1E-10
Gen 464
0.423188405797101
0.0310483720009371
0.124193487703749
1E-10
1E-10
1E-10
Gen 465
0.423188405797101
0.0309513772072902
0.123805508529161
1E-10
1E-10
1E-10
Gen 466
0.423188405797101
0.0308647971227101
0.12345918819084
1E-10
1E-10
1E-10
Gen 467
0.423188405797101
0.0308647971227101
0.12345918819084
1E-10
1E-10
1E-10
Gen 468
0.423188405797101
0.0347913922586965
0.139165568734786
1E-10
1E-10
1E-10
Gen 469
0.423188405797101
0.0355768869602347
0.142307547540939
1E-10
1E-10
1E-10
Gen 470
0.423188405797101
0.0367024280817758
0.146809712027103
1E-10
1E-10
1E-10
Gen 471
0.423188405797101
0.0366309054015575
0.14652362130623
1E-10
1E-10
1E-10
Gen 472
0.423188405797101
0.0364144551861073
0.145657820444429
1E-10
1E-10
1E-10
Gen 473
0.423188405797101
0.0354903068736546
0.141961227194618
1E-10
1E-10
1E-10
Gen 474
0.423188405797101
0.0362695276518754
0.145078110307502
1E-10
1E-10
1E-10
Gen 475
0.423188405797101
0.0362791894866242
0.145116757646497
1E-10
1E-10
1E-10
Gen 476
0.423188405797101
0.0353171467014944
0.141268586505978
1E-10
1E-10
1E-10
Gen 477
0.423188405797101
0.0343214757078235
0.137285902531294
1E-10
1E-10
1E-10
Gen 478
0.423188405797101
0.035836627217975
0.1433465085719
1E-10
1E-10
1E-10
Gen 479
0.423188405797101
0.0345812159675637
0.138324863570255
1E-10
1E-10
1E-10
Gen 480
0.423188405797101
0.0346778343240516
0.138711336996207
1E-10
1E-10
1E-10
Gen 481
0.423188405797101
0.036932931875497
0.147385406863668
0.000346320438320346
1E-10
1E-10
Gen 482
0.423188405797101
0.036518225813617
0.146072902954468
1E-10
1E-10
1E-10
Gen 483
0.423188405797101
0.0368227618552835
0.147291047121134
1E-10
1E-10
1E-10
Gen 484
0.423188405797101
0.0366473430731691
0.146589371992676
1E-10
1E-10
1E-10
Gen 485
0.423188405797101
0.0371950562255779
0.14839375117636
0.00038647352595169
1E-10
1E-10
Gen 486
0.423188405797101
0.0379642387358908
0.151856954643563
1E-10
1E-10
1E-10
Gen 487
0.423188405797101
0.0377760211573689
0.151104084329476
1E-10
1E-10
1E-10
Gen 488
0.423188405797101
0.0383031558574166
0.153212623129667
1E-10
1E-10
1E-10
Gen 489
0.423188405797101
0.033923207311555
0.13569282894622
1E-10
1E-10
1E-10
Gen 490
0.423188405797101
0.034875588261936
0.139502352747744
1E-10
1E-10
1E-10
Gen 491
0.423188405797101
0.0351171341546558
0.140468536318623
1E-10
1E-10
1E-10
Gen 492
0.423188405797101
0.034875588261936
0.139502352747744
1E-10
1E-10
1E-10
Gen 493
0.423188405797101
0.0352651986505464
0.141060794302186
1E-10
1E-10
1E-10
Gen 494
0.423188405797101
0.0380588494411972
0.152235397464789
1E-10
1E-10
1E-10
Gen 495
0.423188405797101
0.038532279391888
0.154129117267552
1E-10
1E-10
1E-10
Gen 496
0.423188405797101
0.0371930485773963
0.148772194009585
1E-10
1E-10
1E-10
Gen 497
0.423188405797101
0.0371930485773963
0.148772194009585
1E-10
1E-10
1E-10
Gen 498
0.423188405797101
0.0372800050981355
0.149120020092542
1E-10
1E-10
1E-10
Gen 499
0.423188405797101
0.0371930485773963
0.148772194009585
1E-10
1E-10
1E-10
Gen 500
0.423188405797101
0.0390094736941693
0.156037894476677
1E-10
1E-10
1E-10
Gen 501
0.423188405797101
0.0260163122802252
0.104065248820901
1E-10
1E-10
1E-10
Gen 502
0.423188405797101
0.0280076542635672
0.112030616754269
1E-10
1E-10
1E-10
Gen 503
0.423188405797101
0.028743584992498
0.114974339669992
1E-10
1E-10
1E-10
Gen 504
0.423188405797101
0.0280942343501473
0.112376937100589
1E-10
1E-10
1E-10
Gen 505
0.423188405797101
0.0278344940924071
0.111337976069628
1E-10
1E-10
1E-10
Gen 506
0.423188405797101
0.0278344940924071
0.111337976069628
1E-10
1E-10
1E-10
Gen 507
0.423188405797101
0.0278344940924071
0.111337976069628
1E-10
1E-10
1E-10
Gen 508
0.423188405797101
0.0281301211686428
0.112520484374571
1E-10
1E-10
1E-10
Gen 509
0.423188405797101
0.0283705377558855
0.113482150723542
1E-10
1E-10
1E-10
Gen 510
0.423188405797101
0.0280141791416573
0.112056716266629
1E-10
1E-10
1E-10
Gen 511
0.423188405797101
0.0284037895302677
0.113615157821071
1E-10
1E-10
1E-10
Gen 512
0.423188405797101
0.0299496832460745
0.119798732684298
1E-10
1E-10
1E-10
Gen 513
0.423188405797101
0.0301131815844859
0.120452726037943
1E-10
1E-10
1E-10
Gen 514
0.423188405797101
0.0317486668691451
0.12699466717658
1E-10
1E-10
1E-10
Gen 515
0.423188405797101
0.0317486668691451
0.12699466717658
1E-10
1E-10
1E-10
Gen 516
0.423188405797101
0.0314588117976813
0.125835246890725
1E-10
1E-10
1E-10
Gen 517
0.423188405797101
0.0313923082519169
0.125569232707667
1E-10
1E-10
1E-10
Gen 518
0.423188405797101
0.0383784428862254
0.1517821695213
0.00173160182360173
1E-10
1E-10
Gen 519
0.423188405797101
0.0339009976371715
0.135603990248686
1E-10
1E-10
1E-10
Gen 520
0.423188405797101
0.0340942343511473
0.136376937104589
1E-10
1E-10
1E-10
Gen 521
0.423188405797101
0.0344563649721475
0.13782545958859
1E-10
1E-10
1E-10
Gen 522
0.423188405797101
0.0344563649691475
0.13782545957659
1E-10
1E-10
1E-10
Gen 523
0.423188405797101
0.0346241295746947
0.138496517998779
1E-10
1E-10
1E-10
Gen 524
0.423188405797101
0.0350326872006436
0.140130748502575
1E-10
1E-10
1E-10
Gen 525
0.423188405797101
0.0350326872006436
0.140130748502575
1E-10
1E-10
1E-10
Gen 526
0.423188405797101
0.0341522053656401
0.13660882116256
1E-10
1E-10
1E-10
Gen 527
0.423188405797101
0.0346283958408305
0.138513583063322
1E-10
1E-10
1E-10
Gen 528
0.423188405797101
0.0339009976371715
0.135603990248686
1E-10
1E-10
1E-10
Gen 529
0.423188405797101
0.0364420604381038
0.145768241452415
1E-10
1E-10
1E-10
Gen 530
0.423188405797101
0.0369182509132943
0.147673003353177
1E-10
1E-10
1E-10
Gen 531
0.423188405797101
0.0369182509132943
0.147673003353177
1E-10
1E-10
1E-10
Gen 532
0.423188405797101
0.0369182509132943
0.147673003353177
1E-10
1E-10
1E-10
Gen 533
0.423188405797101
0.0357380012123055
0.142952004549222
1E-10
1E-10
1E-10
Gen 534
0.423188405797101
0.0357380012123055
0.142952004549222
1E-10
1E-10
1E-10
Gen 535
0.423188405797101
0.0357380012123055
0.142952004549222
1E-10
1E-10
1E-10
Gen 536
0.423188405797101
0.0357380012123055
0.142952004549222
1E-10
1E-10
1E-10
Gen 537
0.423188405797101
0.0376410064126585
0.150564025350634
1E-10
1E-10
1E-10
Gen 538
0.423188405797101
0.0399918439758874
0.155175105088149
0.00479227061540096
1E-10
1E-10
Gen 539
0.423188405797101
0.0397019889044236
0.155175105088149
0.00363285032954589
1E-10
1E-10
Gen 540
0.423188405797101
0.0391222787614961
0.155175105088149
0.00131400975783575
1E-10
1E-10
Gen 541
0.423188405797101
0.0401612397984571
0.156458498023715
0.00418646097011305
1E-10
1E-10
Gen 542
0.423188405797101
0.0420296129681781
0.160441182006399
0.00767726966631307
1E-10
1E-10
Gen 543
0.423188405797101
0.0415770124286211
0.160441182006399
0.00586686750808483
1E-10
1E-10
Gen 544
0.423188405797101
0.0397206851879895
0.158882740451958
1E-10
1E-10
1E-10
Gen 545
0.423188405797101
0.0432774955224085
0.167915176610829
0.0051948052788052
1E-10
1E-10
Gen 546
0.423188405797101
0.042758015004928
0.168261496957149
0.00277056286256277
1E-10
1E-10
Gen 547
0.423188405797101
0.0410308050188484
0.164123219775394
1E-10
1E-10
1E-10
Gen 548
0.423188405797101
0.0407409499473847
0.162963799489539
1E-10
1E-10
1E-10
Gen 549
0.423188405797101
0.0370407178093699
0.147470230252839
0.000692640784640694
1E-10
1E-10
Gen 550
0.423188405797101
0.0362182069948591
0.144872827679436
1E-10
1E-10
1E-10
Gen 551
0.423188405797101
0.0364346572123093
0.145738628549237
1E-10
1E-10
1E-10
Gen 552
0.423188405797101
0.0366511074277595
0.146604429411038
1E-10
1E-10
1E-10
Gen 553
0.423188405797101
0.0366511074277595
0.146604429411038
1E-10
1E-10
1E-10
Gen 554
0.423188405797101
0.0366511074277595
0.146604429411038
1E-10
1E-10
1E-10
Gen 555
0.423188405797101
0.0358479202777463
0.143391680810985
1E-10
1E-10
1E-10
Gen 556
0.423188405797101
0.0358285966082487
0.143314386132995
1E-10
1E-10
1E-10
Gen 557
0.423188405797101
0.0358285966082487
0.143314386132995
1E-10
1E-10
1E-10
Gen 558
0.423188405797101
0.0366943974690496
0.146777589576198
1E-10
1E-10
1E-10
Gen 559
0.423188405797101
0.0365645273411794
0.146258109064718
1E-10
1E-10
1E-10
Gen 560
0.423188405797101
0.0363913671690193
0.145565468376077
1E-10
1E-10
1E-10
Gen 561
0.423188405797101
0.0362182069968591
0.144872827687436
1E-10
1E-10
1E-10
Gen 562
0.423188405797101
0.0362182069968591
0.144872827687436
1E-10
1E-10
1E-10
Gen 563
0.423188405797101
0.0362182069968591
0.144872827687436
1E-10
1E-10
1E-10
Gen 564
0.423188405797101
0.0382944978527586
0.153177991111035
1E-10
1E-10
1E-10
