Gen 1
0.0735930735930736
0.0476190476190476
0.038961038961039
0.038961038961039
0.0289855072463768
1E-10
1E-10
1E-10
1E-10
1E-10
1E-10
1E-10
1E-10
1E-10
1E-10
1E-10
1E-10
1E-10
1E-10
1E-10
1E-10
1E-10
1E-10
1E-10
1E-10
1E-10
1E-10
1E-10
1E-10
1E-10
1E-10
1E-10
1E-10
1E-10
1E-10
1E-10
1E-10
1E-10
1E-10
1E-10
1E-10
1E-10
1E-10
1E-10
1E-10
1E-10
1E-10
1E-10
1E-10
1E-10
Gen 2
0.0735930735930736
0.0476190476190476
0.0476190476190476
0.038961038961039
0.038961038961039
0.038961038961039
0.0318840579710145
0.0216450216450216
1E-10
1E-10
1E-10
1E-10
1E-10
1E-10
1E-10
1E-10
1E-10
1E-10
1E-10
1E-10
1E-10
1E-10
1E-10
1E-10
1E-10
1E-10
1E-10
1E-10
1E-10
1E-10
1E-10
1E-10
1E-10
1E-10
1E-10
1E-10
1E-10
1E-10
1E-10
1E-10
1E-10
1E-10
1E-10
1E-10
1E-10
1E-10
1E-10
1E-10
1E-10
1E-10
Gen 3
0.12987012987013
0.0995670995670996
0.0735930735930736
0.0735930735930736
0.0476190476190476
0.0476190476190476
0.0476190476190476
0.038961038961039
0.038961038961039
0.038961038961039
0.038961038961039
0.038961038961039
0.0318840579710145
0.025974025974026
0.0216450216450216
0.00772946859903382
1E-10
1E-10
1E-10
1E-10
1E-10
1E-10
1E-10
1E-10
1E-10
1E-10
1E-10
1E-10
1E-10
1E-10
1E-10
1E-10
1E-10
1E-10
1E-10
1E-10
1E-10
1E-10
1E-10
1E-10
1E-10
1E-10
1E-10
1E-10
1E-10
1E-10
1E-10
1E-10
1E-10
1E-10
Gen 4
0.12987012987013
0.0995670995670996
0.0995670995670996
0.0735930735930736
0.0735930735930736
0.0735930735930736
0.0608695652173913
0.0476190476190476
0.0476190476190476
0.0476190476190476
0.0476190476190476
0.0476190476190476
0.0476190476190476
0.0476190476190476
0.0476190476190476
0.0476190476190476
0.038961038961039
0.038961038961039
0.038961038961039
0.038961038961039
0.038961038961039
0.038961038961039
0.038961038961039
0.038961038961039
0.0318840579710145
0.025974025974026
0.025974025974026
0.0216450216450216
0.0216450216450216
1E-10
1E-10
1E-10
1E-10
1E-10
1E-10
1E-10
1E-10
1E-10
1E-10
1E-10
1E-10
1E-10
1E-10
1E-10
1E-10
1E-10
1E-10
1E-10
1E-10
1E-10
Gen 5
0.12987012987013
0.0995670995670996
0.0995670995670996
0.0995670995670996
0.0735930735930736
0.0735930735930736
0.0735930735930736
0.0735930735930736
0.0735930735930736
0.0735930735930736
0.0608695652173913
0.0608695652173913
0.0476190476190476
0.0476190476190476
0.0476190476190476
0.0476190476190476
0.0476190476190476
0.0476190476190476
0.0476190476190476
0.0476190476190476
0.0476190476190476
0.0476190476190476
0.0476190476190476
0.0476190476190476
0.0476190476190476
0.038961038961039
0.038961038961039
0.038961038961039
0.038961038961039
0.038961038961039
0.038961038961039
0.038961038961039
0.038961038961039
0.0216450216450216
1E-10
1E-10
1E-10
1E-10
1E-10
1E-10
1E-10
1E-10
1E-10
1E-10
1E-10
1E-10
1E-10
1E-10
1E-10
1E-10
Gen 6
0.12987012987013
0.12987012987013
0.0995670995670996
0.0995670995670996
0.0995670995670996
0.0995670995670996
0.0995670995670996
0.0735930735930736
0.0735930735930736
0.0735930735930736
0.0735930735930736
0.0735930735930736
0.0735930735930736
0.0735930735930736
0.0735930735930736
0.0735930735930736
0.0608695652173913
0.0608695652173913
0.0608695652173913
0.0476190476190476
0.0476190476190476
0.0476190476190476
0.0476190476190476
0.0476190476190476
0.0476190476190476
0.0476190476190476
0.0476190476190476
0.0476190476190476
0.0476190476190476
0.0476190476190476
0.0476190476190476
0.038961038961039
0.038961038961039
0.038961038961039
0.038961038961039
0.0216450216450216
1E-10
1E-10
1E-10
1E-10
1E-10
1E-10
1E-10
1E-10
1E-10
1E-10
1E-10
1E-10
1E-10
1E-10
Gen 7
0.12987012987013
0.12987012987013
0.12987012987013
0.12987012987013
0.0995670995670996
0.0995670995670996
0.0995670995670996
0.0995670995670996
0.0995670995670996
0.0735930735930736
0.0735930735930736
0.0735930735930736
0.0735930735930736
0.0735930735930736
0.0735930735930736
0.0735930735930736
0.0735930735930736
0.0735930735930736
0.0735930735930736
0.0735930735930736
0.063768115942029
0.0608695652173913
0.0608695652173913
0.0608695652173913
0.0608695652173913
0.0599033816425121
0.0476190476190476
0.0476190476190476
0.0476190476190476
0.0476190476190476
0.0476190476190476
0.0476190476190476
0.0476190476190476
0.0476190476190476
0.0432900432900433
0.038961038961039
0.038961038961039
0.038961038961039
1E-10
1E-10
1E-10
1E-10
1E-10
1E-10
1E-10
1E-10
1E-10
1E-10
1E-10
1E-10
Gen 8
0.12987012987013
0.12987012987013
0.12987012987013
0.12987012987013
0.12987012987013
0.12987012987013
0.12987012987013
0.0995670995670996
0.0995670995670996
0.0995670995670996
0.0995670995670996
0.0995670995670996
0.0995670995670996
0.0995670995670996
0.0735930735930736
0.0735930735930736
0.0735930735930736
0.0735930735930736
0.0735930735930736
0.0735930735930736
0.0735930735930736
0.0735930735930736
0.0735930735930736
0.0735930735930736
0.0735930735930736
0.063768115942029
0.0608695652173913
0.0608695652173913
0.0608695652173913
0.0476190476190476
0.0476190476190476
0.0476190476190476
0.0476190476190476
0.0476190476190476
0.0434782608695652
0.038961038961039
0.038961038961039
0.0216450216450216
0.0115942028985507
1E-10
1E-10
1E-10
1E-10
1E-10
1E-10
1E-10
1E-10
1E-10
1E-10
1E-10
Gen 9
0.12987012987013
0.12987012987013
0.12987012987013
0.12987012987013
0.12987012987013
0.12987012987013
0.12987012987013
0.12987012987013
0.12987012987013
0.12987012987013
0.12987012987013
0.108225108225108
0.0995670995670996
0.0995670995670996
0.0995670995670996
0.0995670995670996
0.0995670995670996
0.0735930735930736
0.0735930735930736
0.0735930735930736
0.0735930735930736
0.0735930735930736
0.0735930735930736
0.0735930735930736
0.063768115942029
0.0608695652173913
0.0608695652173913
0.0608695652173913
0.0476190476190476
0.0476190476190476
0.0476190476190476
0.0476190476190476
0.0476190476190476
0.038961038961039
0.038961038961039
0.0303030303030303
1E-10
1E-10
1E-10
1E-10
1E-10
1E-10
1E-10
1E-10
1E-10
1E-10
1E-10
1E-10
1E-10
1E-10
Gen 10
0.12987012987013
0.12987012987013
0.12987012987013
0.12987012987013
0.12987012987013
0.12987012987013
0.12987012987013
0.12987012987013
0.12987012987013
0.12987012987013
0.12987012987013
0.12987012987013
0.0995670995670996
0.0995670995670996
0.0952380952380952
0.0735930735930736
0.0735930735930736
0.0735930735930736
0.0735930735930736
0.063768115942029
0.0608695652173913
0.0608695652173913
0.0476190476190476
0.0476190476190476
0.0476190476190476
0.0346320346320346
0.0303030303030303
0.0216450216450216
0.0173913043478261
1E-10
1E-10
1E-10
1E-10
1E-10
1E-10
1E-10
1E-10
1E-10
1E-10
1E-10
1E-10
1E-10
1E-10
1E-10
1E-10
1E-10
1E-10
1E-10
1E-10
1E-10
Gen 11
0.12987012987013
0.12987012987013
0.12987012987013
0.12987012987013
0.12987012987013
0.12987012987013
0.12987012987013
0.12987012987013
0.12987012987013
0.12987012987013
0.12987012987013
0.12987012987013
0.12987012987013
0.12987012987013
0.12987012987013
0.12987012987013
0.12987012987013
0.0995670995670996
0.0995670995670996
0.0995670995670996
0.0952380952380952
0.0909090909090909
0.0792270531400966
0.0735930735930736
0.0735930735930736
0.0735930735930736
0.0735930735930736
0.0735930735930736
0.0735930735930736
0.063768115942029
0.0608695652173913
0.051948051948052
0.0476190476190476
0.0476190476190476
0.0476190476190476
0.0476190476190476
0.0432900432900433
0.0346320346320346
1E-10
1E-10
1E-10
1E-10
1E-10
1E-10
1E-10
1E-10
1E-10
1E-10
1E-10
1E-10
Gen 12
0.12987012987013
0.12987012987013
0.12987012987013
0.12987012987013
0.12987012987013
0.12987012987013
0.12987012987013
0.12987012987013
0.12987012987013
0.12987012987013
0.12987012987013
0.12987012987013
0.12987012987013
0.12987012987013
0.12987012987013
0.12987012987013
0.12987012987013
0.12987012987013
0.12987012987013
0.12987012987013
0.12987012987013
0.12987012987013
0.12987012987013
0.12987012987013
0.12987012987013
0.0995670995670996
0.0792270531400966
0.0735930735930736
0.0735930735930736
0.0735930735930736
0.0735930735930736
0.0476190476190476
0.0476190476190476
0.0476190476190476
0.0432900432900433
1E-10
1E-10
1E-10
1E-10
1E-10
1E-10
1E-10
1E-10
1E-10
1E-10
1E-10
1E-10
1E-10
1E-10
1E-10
Gen 13
0.12987012987013
0.12987012987013
0.12987012987013
0.12987012987013
0.12987012987013
0.12987012987013
0.12987012987013
0.12987012987013
0.12987012987013
0.12987012987013
0.12987012987013
0.12987012987013
0.12987012987013
0.12987012987013
0.12987012987013
0.12987012987013
0.12987012987013
0.12987012987013
0.12987012987013
0.12987012987013
0.12987012987013
0.12987012987013
0.12987012987013
0.12987012987013
0.12987012987013
0.12987012987013
0.12987012987013
0.12987012987013
0.0792270531400966
0.0735930735930736
0.0476190476190476
1E-10
1E-10
1E-10
1E-10
1E-10
1E-10
1E-10
1E-10
1E-10
1E-10
1E-10
1E-10
1E-10
1E-10
1E-10
1E-10
1E-10
1E-10
1E-10
Gen 14
0.12987012987013
0.12987012987013
0.12987012987013
0.12987012987013
0.12987012987013
0.12987012987013
0.12987012987013
0.12987012987013
0.12987012987013
0.12987012987013
0.12987012987013
0.12987012987013
0.12987012987013
0.12987012987013
0.12987012987013
0.12987012987013
0.12987012987013
0.12987012987013
0.12987012987013
0.12987012987013
0.12987012987013
0.12987012987013
0.12987012987013
0.12987012987013
0.12987012987013
0.12987012987013
0.12987012987013
0.12987012987013
0.0772946859903382
0.0606060606060606
0.051948051948052
0.0476190476190476
0.012987012987013
1E-10
1E-10
1E-10
1E-10
1E-10
1E-10
1E-10
1E-10
1E-10
1E-10
1E-10
1E-10
1E-10
1E-10
1E-10
1E-10
1E-10
Gen 15
0.12987012987013
0.12987012987013
0.12987012987013
0.12987012987013
0.12987012987013
0.12987012987013
0.12987012987013
0.12987012987013
0.12987012987013
0.12987012987013
0.12987012987013
0.12987012987013
0.12987012987013
0.12987012987013
0.12987012987013
0.12987012987013
0.12987012987013
0.12987012987013
0.12987012987013
0.12987012987013
0.12987012987013
0.12987012987013
0.12987012987013
0.12987012987013
0.12987012987013
0.12987012987013
0.12987012987013
0.0822510822510823
0.0772946859903382
0.0606060606060606
0.051948051948052
0.0476190476190476
0.0173913043478261
1E-10
1E-10
1E-10
1E-10
1E-10
1E-10
1E-10
1E-10
1E-10
1E-10
1E-10
1E-10
1E-10
1E-10
1E-10
1E-10
1E-10
Gen 16
0.12987012987013
0.12987012987013
0.12987012987013
0.12987012987013
0.12987012987013
0.12987012987013
0.12987012987013
0.12987012987013
0.12987012987013
0.12987012987013
0.12987012987013
0.12987012987013
0.12987012987013
0.12987012987013
0.12987012987013
0.12987012987013
0.12987012987013
0.12987012987013
0.12987012987013
0.12987012987013
0.12987012987013
0.12987012987013
0.12987012987013
0.12987012987013
0.12987012987013
0.0909090909090909
0.0822510822510823
0.0772946859903382
0.0562770562770563
0.0476190476190476
0.0476190476190476
1E-10
1E-10
1E-10
1E-10
1E-10
1E-10
1E-10
1E-10
1E-10
1E-10
1E-10
1E-10
1E-10
1E-10
1E-10
1E-10
1E-10
1E-10
1E-10
Gen 17
0.12987012987013
0.12987012987013
0.12987012987013
0.12987012987013
0.12987012987013
0.12987012987013
0.12987012987013
0.12987012987013
0.12987012987013
0.12987012987013
0.12987012987013
0.12987012987013
0.12987012987013
0.12987012987013
0.12987012987013
0.12987012987013
0.12987012987013
0.12987012987013
0.12987012987013
0.12987012987013
0.12987012987013
0.12987012987013
0.12987012987013
0.12987012987013
0.12987012987013
0.12987012987013
0.12987012987013
0.12987012987013
0.12987012987013
0.0909090909090909
0.0822510822510823
0.0562770562770563
0.0476190476190476
1E-10
1E-10
1E-10
1E-10
1E-10
1E-10
1E-10
1E-10
1E-10
1E-10
1E-10
1E-10
1E-10
1E-10
1E-10
1E-10
1E-10
Gen 18
0.12987012987013
0.12987012987013
0.12987012987013
0.12987012987013
0.12987012987013
0.12987012987013
0.12987012987013
0.12987012987013
0.12987012987013
0.12987012987013
0.12987012987013
0.12987012987013
0.12987012987013
0.12987012987013
0.12987012987013
0.12987012987013
0.12987012987013
0.12987012987013
0.12987012987013
0.12987012987013
0.12987012987013
0.12987012987013
0.12987012987013
0.12987012987013
0.12987012987013
0.12987012987013
0.12987012987013
0.12987012987013
0.12987012987013
0.12987012987013
0.12987012987013
0.125541125541126
0.121212121212121
0.0909090909090909
0.0822510822510823
0.0550724637681159
0.0476190476190476
0.0476190476190476
0.0476190476190476
0.00865800865800866
1E-10
1E-10
1E-10
1E-10
1E-10
1E-10
1E-10
1E-10
1E-10
1E-10
Gen 19
0.138528138528139
0.12987012987013
0.12987012987013
0.12987012987013
0.12987012987013
0.12987012987013
0.12987012987013
0.12987012987013
0.12987012987013
0.12987012987013
0.12987012987013
0.12987012987013
0.12987012987013
0.12987012987013
0.12987012987013
0.12987012987013
0.12987012987013
0.12987012987013
0.12987012987013
0.12987012987013
0.12987012987013
0.12987012987013
0.12987012987013
0.12987012987013
0.12987012987013
0.12987012987013
0.12987012987013
0.12987012987013
0.12987012987013
0.12987012987013
0.12987012987013
0.12987012987013
0.12987012987013
0.12987012987013
0.125541125541126
0.0952380952380952
0.0909090909090909
0.0822510822510823
0.0476190476190476
0.0476190476190476
0.0346320346320346
1E-10
1E-10
1E-10
1E-10
1E-10
1E-10
1E-10
1E-10
1E-10
Gen 20
0.138528138528139
0.138528138528139
0.12987012987013
0.12987012987013
0.12987012987013
0.12987012987013
0.12987012987013
0.12987012987013
0.12987012987013
0.12987012987013
0.12987012987013
0.12987012987013
0.12987012987013
0.12987012987013
0.12987012987013
0.12987012987013
0.12987012987013
0.12987012987013
0.12987012987013
0.12987012987013
0.12987012987013
0.12987012987013
0.12987012987013
0.12987012987013
0.12987012987013
0.12987012987013
0.12987012987013
0.12987012987013
0.12987012987013
0.12987012987013
0.12987012987013
0.12987012987013
0.12987012987013
0.12987012987013
0.121212121212121
0.0909090909090909
0.0822510822510823
0.0521739130434783
0.0476190476190476
0.0476190476190476
0.0476190476190476
0.0476190476190476
0.0476190476190476
0.0476190476190476
0.0338164251207729
1E-10
1E-10
1E-10
1E-10
1E-10
Gen 21
0.138528138528139
0.138528138528139
0.138528138528139
0.12987012987013
0.12987012987013
0.12987012987013
0.12987012987013
0.12987012987013
0.12987012987013
0.12987012987013
0.12987012987013
0.12987012987013
0.12987012987013
0.12987012987013
0.12987012987013
0.12987012987013
0.12987012987013
0.12987012987013
0.12987012987013
0.12987012987013
0.12987012987013
0.12987012987013
0.12987012987013
0.12987012987013
0.12987012987013
0.12987012987013
0.12987012987013
0.12987012987013
0.12987012987013
0.12987012987013
0.12987012987013
0.12987012987013
0.0909090909090909
0.0822510822510823
0.0476190476190476
0.0476190476190476
1E-10
1E-10
1E-10
1E-10
1E-10
1E-10
1E-10
1E-10
1E-10
1E-10
1E-10
1E-10
1E-10
1E-10
Gen 22
0.138528138528139
0.138528138528139
0.138528138528139
0.138528138528139
0.12987012987013
0.12987012987013
0.12987012987013
0.12987012987013
0.12987012987013
0.12987012987013
0.12987012987013
0.12987012987013
0.12987012987013
0.12987012987013
0.12987012987013
0.12987012987013
0.12987012987013
0.12987012987013
0.12987012987013
0.12987012987013
0.12987012987013
0.12987012987013
0.12987012987013
0.12987012987013
0.12987012987013
0.12987012987013
0.12987012987013
0.12987012987013
0.12987012987013
0.12987012987013
0.12987012987013
0.12987012987013
0.12987012987013
0.12987012987013
0.12987012987013
0.103896103896104
0.0909090909090909
0.0173160173160173
0.012987012987013
1E-10
1E-10
1E-10
1E-10
1E-10
1E-10
1E-10
1E-10
1E-10
1E-10
1E-10
Gen 23
0.138528138528139
0.138528138528139
0.138528138528139
0.138528138528139
0.138528138528139
0.138528138528139
0.138528138528139
0.138528138528139
0.12987012987013
0.12987012987013
0.12987012987013
0.12987012987013
0.12987012987013
0.12987012987013
0.12987012987013
0.12987012987013
0.12987012987013
0.12987012987013
0.12987012987013
0.12987012987013
0.12987012987013
0.12987012987013
0.12987012987013
0.12987012987013
0.12987012987013
0.12987012987013
0.12987012987013
0.12987012987013
0.12987012987013
0.12987012987013
0.12987012987013
0.12987012987013
0.12987012987013
0.12987012987013
0.12987012987013
0.12987012987013
0.12987012987013
0.12987012987013
0.103896103896104
0.0909090909090909
0.0909090909090909
0.0649350649350649
1E-10
1E-10
1E-10
1E-10
1E-10
1E-10
1E-10
1E-10
Gen 24
0.173160173160173
0.138528138528139
0.138528138528139
0.138528138528139
0.138528138528139
0.138528138528139
0.138528138528139
0.138528138528139
0.138528138528139
0.138528138528139
0.138528138528139
0.138528138528139
0.138528138528139
0.138528138528139
0.12987012987013
0.12987012987013
0.12987012987013
0.12987012987013
0.12987012987013
0.12987012987013
0.12987012987013
0.12987012987013
0.12987012987013
0.12987012987013
0.12987012987013
0.12987012987013
0.12987012987013
0.12987012987013
0.12987012987013
0.12987012987013
0.12987012987013
0.12987012987013
0.12987012987013
0.12987012987013
0.12987012987013
0.12987012987013
0.12987012987013
0.12987012987013
0.127536231884058
0.103896103896104
0.0909090909090909
0.0909090909090909
0.0303030303030303
0.0241545893719807
0.000966183574879227
1E-10
1E-10
1E-10
1E-10
1E-10
Gen 25
0.185507246376812
0.173160173160173
0.168831168831169
0.138528138528139
0.138528138528139
0.138528138528139
0.138528138528139
0.138528138528139
0.138528138528139
0.138528138528139
0.138528138528139
0.138528138528139
0.138528138528139
0.138528138528139
0.138528138528139
0.138528138528139
0.138528138528139
0.138528138528139
0.138528138528139
0.138528138528139
0.138528138528139
0.138528138528139
0.138528138528139
0.138528138528139
0.138528138528139
0.138528138528139
0.138528138528139
0.12987012987013
0.12987012987013
0.12987012987013
0.12987012987013
0.12987012987013
0.12987012987013
0.12987012987013
0.12987012987013
0.12987012987013
0.12987012987013
0.12987012987013
0.127536231884058
0.103896103896104
0.103896103896104
0.0909090909090909
0.0432900432900433
1E-10
1E-10
1E-10
1E-10
1E-10
1E-10
1E-10
Gen 26
0.185507246376812
0.185507246376812
0.173160173160173
0.173160173160173
0.168831168831169
0.168831168831169
0.138528138528139
0.138528138528139
0.138528138528139
0.138528138528139
0.138528138528139
0.138528138528139
0.138528138528139
0.138528138528139
0.138528138528139
0.138528138528139
0.138528138528139
0.138528138528139
0.138528138528139
0.138528138528139
0.138528138528139
0.138528138528139
0.138528138528139
0.138528138528139
0.138528138528139
0.138528138528139
0.138528138528139
0.138528138528139
0.138528138528139
0.138528138528139
0.138528138528139
0.138528138528139
0.138528138528139
0.138528138528139
0.138528138528139
0.12987012987013
0.12987012987013
0.12987012987013
0.12987012987013
0.12987012987013
0.0865800865800866
0.0822510822510823
1E-10
1E-10
1E-10
1E-10
1E-10
1E-10
1E-10
1E-10
Gen 27
0.185507246376812
0.185507246376812
0.185507246376812
0.173160173160173
0.173160173160173
0.173160173160173
0.173160173160173
0.168831168831169
0.168831168831169
0.168831168831169
0.138528138528139
0.138528138528139
0.138528138528139
0.138528138528139
0.138528138528139
0.138528138528139
0.138528138528139
0.138528138528139
0.138528138528139
0.138528138528139
0.138528138528139
0.138528138528139
0.138528138528139
0.138528138528139
0.138528138528139
0.138528138528139
0.138528138528139
0.138528138528139
0.138528138528139
0.138528138528139
0.138528138528139
0.138528138528139
0.138528138528139
0.138528138528139
0.138528138528139
0.138528138528139
0.138528138528139
0.138528138528139
0.138528138528139
0.138528138528139
0.12987012987013
0.12987012987013
0.12987012987013
0.0995670995670996
0.0649350649350649
0.0476190476190476
0.0476190476190476
1E-10
1E-10
1E-10
Gen 28
0.185507246376812
0.185507246376812
0.185507246376812
0.173160173160173
0.173160173160173
0.173160173160173
0.173160173160173
0.173160173160173
0.168831168831169
0.168831168831169
0.168831168831169
0.164502164502165
0.138528138528139
0.138528138528139
0.138528138528139
0.138528138528139
0.138528138528139
0.138528138528139
0.138528138528139
0.138528138528139
0.138528138528139
0.138528138528139
0.138528138528139
0.138528138528139
0.138528138528139
0.138528138528139
0.138528138528139
0.138528138528139
0.138528138528139
0.138528138528139
0.138528138528139
0.138528138528139
0.138528138528139
0.138528138528139
0.138528138528139
0.138528138528139
0.138528138528139
0.138528138528139
0.138528138528139
0.12987012987013
0.12987012987013
0.12987012987013
0.0995670995670996
0.0909090909090909
0.0909090909090909
0.0822510822510823
0.0476190476190476
0.0476190476190476
1E-10
1E-10
Gen 29
0.185507246376812
0.185507246376812
0.185507246376812
0.185507246376812
0.185507246376812
0.173160173160173
0.173160173160173
0.173160173160173
0.173160173160173
0.173160173160173
0.173160173160173
0.173160173160173
0.173160173160173
0.173160173160173
0.168831168831169
0.168831168831169
0.168831168831169
0.168831168831169
0.168831168831169
0.164502164502165
0.138528138528139
0.138528138528139
0.138528138528139
0.138528138528139
0.138528138528139
0.138528138528139
0.138528138528139
0.138528138528139
0.138528138528139
0.138528138528139
0.138528138528139
0.138528138528139
0.138528138528139
0.138528138528139
0.138528138528139
0.138528138528139
0.138528138528139
0.138528138528139
0.138528138528139
0.138528138528139
0.138528138528139
0.12987012987013
0.12987012987013
0.12987012987013
0.103896103896104
0.0909090909090909
0.0822510822510823
0.0735930735930736
1E-10
1E-10
Gen 30
0.185507246376812
0.185507246376812
0.185507246376812
0.185507246376812
0.185507246376812
0.185507246376812
0.185507246376812
0.185507246376812
0.185507246376812
0.173160173160173
0.173160173160173
0.173160173160173
0.173160173160173
0.173160173160173
0.173160173160173
0.173160173160173
0.168831168831169
0.168831168831169
0.168831168831169
0.168831168831169
0.164502164502165
0.139130434782609
0.138528138528139
0.138528138528139
0.138528138528139
0.138528138528139
0.138528138528139
0.138528138528139
0.138528138528139
0.138528138528139
0.138528138528139
0.138528138528139
0.138528138528139
0.138528138528139
0.12987012987013
0.12987012987013
0.127536231884058
0.121212121212121
0.103896103896104
0.0995670995670996
0.0909090909090909
0.0909090909090909
0.0599033816425121
0.0476190476190476
0.0260869565217391
1E-10
1E-10
1E-10
1E-10
1E-10
Gen 31
0.185507246376812
0.185507246376812
0.185507246376812
0.185507246376812
0.185507246376812
0.185507246376812
0.185507246376812
0.185507246376812
0.185507246376812
0.185507246376812
0.185507246376812
0.185507246376812
0.185507246376812
0.185507246376812
0.185507246376812
0.185507246376812
0.173160173160173
0.173160173160173
0.173160173160173
0.173160173160173
0.168831168831169
0.168831168831169
0.164502164502165
0.16017316017316
0.139130434782609
0.139130434782609
0.138528138528139
0.138528138528139
0.138528138528139
0.138528138528139
0.138528138528139
0.138528138528139
0.138528138528139
0.138528138528139
0.138528138528139
0.134299516908213
0.12987012987013
0.12987012987013
0.127536231884058
0.121212121212121
0.103896103896104
0.0909090909090909
0.0666666666666667
1E-10
1E-10
1E-10
1E-10
1E-10
1E-10
1E-10
Gen 32
0.185507246376812
0.185507246376812
0.185507246376812
0.185507246376812
0.185507246376812
0.185507246376812
0.185507246376812
0.185507246376812
0.185507246376812
0.185507246376812
0.185507246376812
0.185507246376812
0.185507246376812
0.185507246376812
0.185507246376812
0.185507246376812
0.185507246376812
0.185507246376812
0.185507246376812
0.185507246376812
0.173160173160173
0.173160173160173
0.173160173160173
0.168831168831169
0.16017316017316
0.139130434782609
0.138528138528139
0.138528138528139
0.138528138528139
0.138528138528139
0.134299516908213
0.12987012987013
0.12987012987013
0.127536231884058
0.127536231884058
0.0649350649350649
0.0476190476190476
0.0289855072463768
1E-10
1E-10
1E-10
1E-10
1E-10
1E-10
1E-10
1E-10
1E-10
1E-10
1E-10
1E-10
Gen 33
0.185507246376812
0.185507246376812
0.185507246376812
0.185507246376812
0.185507246376812
0.185507246376812
0.185507246376812
0.185507246376812
0.185507246376812
0.185507246376812
0.185507246376812
0.185507246376812
0.185507246376812
0.185507246376812
0.185507246376812
0.185507246376812
0.185507246376812
0.185507246376812
0.185507246376812
0.185507246376812
0.185507246376812
0.185507246376812
0.185507246376812
0.173160173160173
0.16017316017316
0.138528138528139
0.138528138528139
0.12987012987013
0.12987012987013
0.127536231884058
0.127536231884058
0.0779220779220779
0.0649350649350649
0.0476190476190476
0.0476190476190476
0.0432900432900433
1E-10
1E-10
1E-10
1E-10
1E-10
1E-10
1E-10
1E-10
1E-10
1E-10
1E-10
1E-10
1E-10
1E-10
Gen 34
0.185507246376812
0.185507246376812
0.185507246376812
0.185507246376812
0.185507246376812
0.185507246376812
0.185507246376812
0.185507246376812
0.185507246376812
0.185507246376812
0.185507246376812
0.185507246376812
0.185507246376812
0.185507246376812
0.185507246376812
0.185507246376812
0.185507246376812
0.185507246376812
0.185507246376812
0.185507246376812
0.185507246376812
0.185507246376812
0.185507246376812
0.185507246376812
0.185507246376812
0.185507246376812
0.184541062801932
0.181818181818182
0.138528138528139
0.138528138528139
0.12987012987013
0.12987012987013
0.0952380952380952
0.0822510822510823
0.0649350649350649
0.0649350649350649
0.0476190476190476
0.0476190476190476
0.0432900432900433
1E-10
1E-10
1E-10
1E-10
1E-10
1E-10
1E-10
1E-10
1E-10
1E-10
1E-10
Gen 35
0.190338164251208
0.185507246376812
0.185507246376812
0.185507246376812
0.185507246376812
0.185507246376812
0.185507246376812
0.185507246376812
0.185507246376812
0.185507246376812
0.185507246376812
0.185507246376812
0.185507246376812
0.185507246376812
0.185507246376812
0.185507246376812
0.185507246376812
0.185507246376812
0.185507246376812
0.185507246376812
0.185507246376812
0.185507246376812
0.185507246376812
0.185507246376812
0.185507246376812
0.185507246376812
0.185507246376812
0.185507246376812
0.185507246376812
0.185507246376812
0.138528138528139
0.138528138528139
0.12987012987013
0.0952380952380952
0.0909090909090909
0.0822510822510823
0.0649350649350649
0.0579710144927536
0.0476190476190476
0.0216450216450216
1E-10
1E-10
1E-10
1E-10
1E-10
1E-10
1E-10
1E-10
1E-10
1E-10
Gen 36
0.190338164251208
0.185507246376812
0.185507246376812
0.185507246376812
0.185507246376812
0.185507246376812
0.185507246376812
0.185507246376812
0.185507246376812
0.185507246376812
0.185507246376812
0.185507246376812
0.185507246376812
0.185507246376812
0.185507246376812
0.185507246376812
0.185507246376812
0.185507246376812
0.185507246376812
0.185507246376812
0.185507246376812
0.185507246376812
0.185507246376812
0.185507246376812
0.185507246376812
0.185507246376812
0.185507246376812
0.185507246376812
0.185507246376812
0.185507246376812
0.155844155844156
0.138528138528139
0.12987012987013
0.108225108225108
0.0952380952380952
0.0909090909090909
0.0579710144927536
1E-10
1E-10
1E-10
1E-10
1E-10
1E-10
1E-10
1E-10
1E-10
1E-10
1E-10
1E-10
1E-10
Gen 37
0.190338164251208
0.185507246376812
0.185507246376812
0.185507246376812
0.185507246376812
0.185507246376812
0.185507246376812
0.185507246376812
0.185507246376812
0.185507246376812
0.185507246376812
0.185507246376812
0.185507246376812
0.185507246376812
0.185507246376812
0.185507246376812
0.185507246376812
0.185507246376812
0.185507246376812
0.185507246376812
0.185507246376812
0.185507246376812
0.185507246376812
0.185507246376812
0.185507246376812
0.185507246376812
0.185507246376812
0.185507246376812
0.185507246376812
0.185507246376812
0.185507246376812
0.185507246376812
0.185507246376812
0.155844155844156
0.139130434782609
0.138528138528139
0.12987012987013
0.0952380952380952
1E-10
1E-10
1E-10
1E-10
1E-10
1E-10
1E-10
1E-10
1E-10
1E-10
1E-10
1E-10
Gen 38
0.190338164251208
0.190338164251208
0.185507246376812
0.185507246376812
0.185507246376812
0.185507246376812
0.185507246376812
0.185507246376812
0.185507246376812
0.185507246376812
0.185507246376812
0.185507246376812
0.185507246376812
0.185507246376812
0.185507246376812
0.185507246376812
0.185507246376812
0.185507246376812
0.185507246376812
0.185507246376812
0.185507246376812
0.185507246376812
0.185507246376812
0.185507246376812
0.185507246376812
0.185507246376812
0.185507246376812
0.185507246376812
0.185507246376812
0.185507246376812
0.185507246376812
0.185507246376812
0.185507246376812
0.185507246376812
0.155844155844156
0.139130434782609
0.139130434782609
0.138528138528139
0.12987012987013
0.0952380952380952
0.0649350649350649
0.0606060606060606
0.0303030303030303
1E-10
1E-10
1E-10
1E-10
1E-10
1E-10
1E-10
Gen 39
0.190338164251208
0.190338164251208
0.185507246376812
0.185507246376812
0.185507246376812
0.185507246376812
0.185507246376812
0.185507246376812
0.185507246376812
0.185507246376812
0.185507246376812
0.185507246376812
0.185507246376812
0.185507246376812
0.185507246376812
0.185507246376812
0.185507246376812
0.185507246376812
0.185507246376812
0.185507246376812
0.185507246376812
0.185507246376812
0.185507246376812
0.185507246376812
0.185507246376812
0.185507246376812
0.185507246376812
0.185507246376812
0.185507246376812
0.185507246376812
0.185507246376812
0.185507246376812
0.185507246376812
0.185507246376812
0.185507246376812
0.139130434782609
0.138164251207729
0.12987012987013
0.121212121212121
0.0952380952380952
0.0692640692640693
0.0649350649350649
0.0606060606060606
0.0476190476190476
1E-10
1E-10
1E-10
1E-10
1E-10
1E-10
Gen 40
0.190338164251208
0.190338164251208
0.190338164251208
0.190338164251208
0.185507246376812
0.185507246376812
0.185507246376812
0.185507246376812
0.185507246376812
0.185507246376812
0.185507246376812
0.185507246376812
0.185507246376812
0.185507246376812
0.185507246376812
0.185507246376812
0.185507246376812
0.185507246376812
0.185507246376812
0.185507246376812
0.185507246376812
0.185507246376812
0.185507246376812
0.185507246376812
0.185507246376812
0.185507246376812
0.185507246376812
0.185507246376812
0.185507246376812
0.185507246376812
0.185507246376812
0.185507246376812
0.185507246376812
0.185507246376812
0.185507246376812
0.185507246376812
0.139130434782609
0.138528138528139
0.138164251207729
0.125541125541126
0.121212121212121
0.0952380952380952
0.0822510822510823
0.0599033816425121
1E-10
1E-10
1E-10
1E-10
1E-10
1E-10
Gen 41
0.190338164251208
0.190338164251208
0.190338164251208
0.190338164251208
0.190338164251208
0.190338164251208
0.190338164251208
0.185507246376812
0.185507246376812
0.185507246376812
0.185507246376812
0.185507246376812
0.185507246376812
0.185507246376812
0.185507246376812
0.185507246376812
0.185507246376812
0.185507246376812
0.185507246376812
0.185507246376812
0.185507246376812
0.185507246376812
0.185507246376812
0.185507246376812
0.185507246376812
0.185507246376812
0.185507246376812
0.185507246376812
0.185507246376812
0.185507246376812
0.185507246376812
0.185507246376812
0.185507246376812
0.185507246376812
0.185507246376812
0.185507246376812
0.185507246376812
0.151515151515152
0.138164251207729
0.12987012987013
0.0599033816425121
1E-10
1E-10
1E-10
1E-10
1E-10
1E-10
1E-10
1E-10
1E-10
Gen 42
0.190338164251208
0.190338164251208
0.190338164251208
0.190338164251208
0.190338164251208
0.190338164251208
0.190338164251208
0.190338164251208
0.190338164251208
0.190338164251208
0.190338164251208
0.185507246376812
0.185507246376812
0.185507246376812
0.185507246376812
0.185507246376812
0.185507246376812
0.185507246376812
0.185507246376812
0.185507246376812
0.185507246376812
0.185507246376812
0.185507246376812
0.185507246376812
0.185507246376812
0.185507246376812
0.185507246376812
0.185507246376812
0.185507246376812
0.185507246376812
0.185507246376812
0.185507246376812
0.185507246376812
0.185507246376812
0.185507246376812
0.185507246376812
0.185507246376812
0.185507246376812
0.185507246376812
0.185507246376812
0.184541062801932
0.151515151515152
0.147186147186147
0.138164251207729
0.12987012987013
1E-10
1E-10
1E-10
1E-10
1E-10
Gen 43
0.190338164251208
0.190338164251208
0.190338164251208
0.190338164251208
0.190338164251208
0.190338164251208
0.190338164251208
0.190338164251208
0.190338164251208
0.190338164251208
0.190338164251208
0.190338164251208
0.190338164251208
0.190338164251208
0.190338164251208
0.185507246376812
0.185507246376812
0.185507246376812
0.185507246376812
0.185507246376812
0.185507246376812
0.185507246376812
0.185507246376812
0.185507246376812
0.185507246376812
0.185507246376812
0.185507246376812
0.185507246376812
0.185507246376812
0.185507246376812
0.185507246376812
0.185507246376812
0.185507246376812
0.185507246376812
0.185507246376812
0.185507246376812
0.185507246376812
0.185507246376812
0.185507246376812
0.185507246376812
0.185507246376812
0.185507246376812
0.185507246376812
0.184541062801932
0.151515151515152
0.138164251207729
0.0735930735930736
1E-10
1E-10
1E-10
Gen 44
0.190338164251208
0.190338164251208
0.190338164251208
0.190338164251208
0.190338164251208
0.190338164251208
0.190338164251208
0.190338164251208
0.190338164251208
0.190338164251208
0.190338164251208
0.190338164251208
0.190338164251208
0.190338164251208
0.190338164251208
0.190338164251208
0.190338164251208
0.190338164251208
0.190338164251208
0.190338164251208
0.190338164251208
0.190338164251208
0.190338164251208
0.185507246376812
0.185507246376812
0.185507246376812
0.185507246376812
0.185507246376812
0.185507246376812
0.185507246376812
0.185507246376812
0.185507246376812
0.185507246376812
0.185507246376812
0.185507246376812
0.185507246376812
0.185507246376812
0.185507246376812
0.185507246376812
0.185507246376812
0.185507246376812
0.184541062801932
0.173160173160173
0.151515151515152
1E-10
1E-10
1E-10
1E-10
1E-10
1E-10
Gen 45
0.190338164251208
0.190338164251208
0.190338164251208
0.190338164251208
0.190338164251208
0.190338164251208
0.190338164251208
0.190338164251208
0.190338164251208
0.190338164251208
0.190338164251208
0.190338164251208
0.190338164251208
0.190338164251208
0.190338164251208
0.190338164251208
0.190338164251208
0.190338164251208
0.190338164251208
0.190338164251208
0.190338164251208
0.190338164251208
0.190338164251208
0.190338164251208
0.190338164251208
0.190338164251208
0.190338164251208
0.190338164251208
0.190338164251208
0.190338164251208
0.185507246376812
0.185507246376812
0.185507246376812
0.185507246376812
0.185507246376812
0.185507246376812
0.185507246376812
0.185507246376812
0.185507246376812
0.184541062801932
0.127536231884058
0.0692640692640693
0.0346320346320346
1E-10
1E-10
1E-10
1E-10
1E-10
1E-10
1E-10
Gen 46
0.190338164251208
0.190338164251208
0.190338164251208
0.190338164251208
0.190338164251208
0.190338164251208
0.190338164251208
0.190338164251208
0.190338164251208
0.190338164251208
0.190338164251208
0.190338164251208
0.190338164251208
0.190338164251208
0.190338164251208
0.190338164251208
0.190338164251208
0.190338164251208
0.190338164251208
0.190338164251208
0.190338164251208
0.190338164251208
0.190338164251208
0.190338164251208
0.190338164251208
0.190338164251208
0.190338164251208
0.190338164251208
0.190338164251208
0.189371980676329
0.185507246376812
0.185507246376812
0.185507246376812
0.185507246376812
0.185507246376812
0.184541062801932
0.138164251207729
0.0692640692640693
0.0649350649350649
0.0476190476190476
0.0346320346320346
1E-10
1E-10
1E-10
1E-10
1E-10
1E-10
1E-10
1E-10
1E-10
Gen 47
0.190338164251208
0.190338164251208
0.190338164251208
0.190338164251208
0.190338164251208
0.190338164251208
0.190338164251208
0.190338164251208
0.190338164251208
0.190338164251208
0.190338164251208
0.190338164251208
0.190338164251208
0.190338164251208
0.190338164251208
0.190338164251208
0.190338164251208
0.190338164251208
0.190338164251208
0.190338164251208
0.190338164251208
0.190338164251208
0.190338164251208
0.190338164251208
0.190338164251208
0.189371980676329
0.185507246376812
0.185507246376812
0.185507246376812
0.185507246376812
0.185507246376812
0.184541062801932
0.138164251207729
0.12987012987013
0.0692640692640693
0.0476190476190476
0.0432900432900433
0.0346320346320346
0.0346320346320346
1E-10
1E-10
1E-10
1E-10
1E-10
1E-10
1E-10
1E-10
1E-10
1E-10
1E-10
Gen 48
0.190338164251208
0.190338164251208
0.190338164251208
0.190338164251208
0.190338164251208
0.190338164251208
0.190338164251208
0.190338164251208
0.190338164251208
0.190338164251208
0.190338164251208
0.190338164251208
0.190338164251208
0.190338164251208
0.190338164251208
0.190338164251208
0.190338164251208
0.190338164251208
0.190338164251208
0.190338164251208
0.190338164251208
0.190338164251208
0.190338164251208
0.190338164251208
0.190338164251208
0.189371980676329
0.185507246376812
0.185507246376812
0.185507246376812
0.185507246376812
0.185507246376812
0.184541062801932
0.138164251207729
0.138164251207729
0.138164251207729
0.0476190476190476
0.0476190476190476
0.0303030303030303
1E-10
1E-10
1E-10
1E-10
1E-10
1E-10
1E-10
1E-10
1E-10
1E-10
1E-10
1E-10
Gen 49
0.190338164251208
0.190338164251208
0.190338164251208
0.190338164251208
0.190338164251208
0.190338164251208
0.190338164251208
0.190338164251208
0.190338164251208
0.190338164251208
0.190338164251208
0.190338164251208
0.190338164251208
0.190338164251208
0.190338164251208
0.190338164251208
0.190338164251208
0.190338164251208
0.190338164251208
0.190338164251208
0.190338164251208
0.190338164251208
0.190338164251208
0.190338164251208
0.190338164251208
0.190338164251208
0.190338164251208
0.190338164251208
0.190338164251208
0.190338164251208
0.189371980676329
0.185507246376812
0.185507246376812
0.185507246376812
0.185507246376812
0.185507246376812
0.184541062801932
0.138164251207729
0.0779220779220779
0.0476190476190476
1E-10
1E-10
1E-10
1E-10
1E-10
1E-10
1E-10
1E-10
1E-10
1E-10
Gen 50
0.190338164251208
0.190338164251208
0.190338164251208
0.190338164251208
0.190338164251208
0.190338164251208
0.190338164251208
0.190338164251208
0.190338164251208
0.190338164251208
0.190338164251208
0.190338164251208
0.190338164251208
0.190338164251208
0.190338164251208
0.190338164251208
0.190338164251208
0.190338164251208
0.190338164251208
0.190338164251208
0.190338164251208
0.190338164251208
0.190338164251208
0.190338164251208
0.190338164251208
0.189371980676329
0.185507246376812
0.185507246376812
0.185507246376812
0.185507246376812
0.116883116883117
0.0692640692640693
0.0692640692640693
0.0692640692640693
0.0649350649350649
0.0476190476190476
1E-10
1E-10
1E-10
1E-10
1E-10
1E-10
1E-10
1E-10
1E-10
1E-10
1E-10
1E-10
1E-10
1E-10
Gen 51
0.190338164251208
0.190338164251208
0.190338164251208
0.190338164251208
0.190338164251208
0.190338164251208
0.190338164251208
0.190338164251208
0.190338164251208
0.190338164251208
0.190338164251208
0.190338164251208
0.190338164251208
0.190338164251208
0.190338164251208
0.190338164251208
0.190338164251208
0.190338164251208
0.190338164251208
0.190338164251208
0.190338164251208
0.190338164251208
0.190338164251208
0.190338164251208
0.190338164251208
0.189371980676329
0.185507246376812
0.185507246376812
0.185507246376812
0.116883116883117
0.0735930735930736
0.0692640692640693
0.0692640692640693
0.0476190476190476
0.00869565217391304
1E-10
1E-10
1E-10
1E-10
1E-10
1E-10
1E-10
1E-10
1E-10
1E-10
1E-10
1E-10
1E-10
1E-10
1E-10
Gen 52
0.190338164251208
0.190338164251208
0.190338164251208
0.190338164251208
0.190338164251208
0.190338164251208
0.190338164251208
0.190338164251208
0.190338164251208
0.190338164251208
0.190338164251208
0.190338164251208
0.190338164251208
0.190338164251208
0.190338164251208
0.190338164251208
0.190338164251208
0.190338164251208
0.190338164251208
0.190338164251208
0.190338164251208
0.190338164251208
0.190338164251208
0.190338164251208
0.190338164251208
0.190338164251208
0.190338164251208
0.190338164251208
0.190338164251208
0.190338164251208
0.190338164251208
0.190338164251208
0.185507246376812
0.0735930735930736
0.0692640692640693
0.0692640692640693
0.0692640692640693
1E-10
1E-10
1E-10
1E-10
1E-10
1E-10
1E-10
1E-10
1E-10
1E-10
1E-10
1E-10
1E-10
Gen 53
0.190338164251208
0.190338164251208
0.190338164251208
0.190338164251208
0.190338164251208
0.190338164251208
0.190338164251208
0.190338164251208
0.190338164251208
0.190338164251208
0.190338164251208
0.190338164251208
0.190338164251208
0.190338164251208
0.190338164251208
0.190338164251208
0.190338164251208
0.190338164251208
0.190338164251208
0.190338164251208
0.190338164251208
0.190338164251208
0.190338164251208
0.190338164251208
0.190338164251208
0.190338164251208
0.190338164251208
0.190338164251208
0.190338164251208
0.190338164251208
0.190338164251208
0.185507246376812
0.168831168831169
0.138164251207729
0.12987012987013
0.0692640692640693
0.0692640692640693
1E-10
1E-10
1E-10
1E-10
1E-10
1E-10
1E-10
1E-10
1E-10
1E-10
1E-10
1E-10
1E-10
Gen 54
0.190338164251208
0.190338164251208
0.190338164251208
0.190338164251208
0.190338164251208
0.190338164251208
0.190338164251208
0.190338164251208
0.190338164251208
0.190338164251208
0.190338164251208
0.190338164251208
0.190338164251208
0.190338164251208
0.190338164251208
0.190338164251208
0.190338164251208
0.190338164251208
0.190338164251208
0.190338164251208
0.190338164251208
0.190338164251208
0.190338164251208
0.190338164251208
0.190338164251208
0.190338164251208
0.190338164251208
0.190338164251208
0.190338164251208
0.190338164251208
0.190338164251208
0.190338164251208
0.190338164251208
0.190338164251208
0.190338164251208
0.190338164251208
0.190338164251208
0.12987012987013
0.0909090909090909
0.0649350649350649
1E-10
1E-10
1E-10
1E-10
1E-10
1E-10
1E-10
1E-10
1E-10
1E-10
Gen 55
0.190338164251208
0.190338164251208
0.190338164251208
0.190338164251208
0.190338164251208
0.190338164251208
0.190338164251208
0.190338164251208
0.190338164251208
0.190338164251208
0.190338164251208
0.190338164251208
0.190338164251208
0.190338164251208
0.190338164251208
0.190338164251208
0.190338164251208
0.190338164251208
0.190338164251208
0.190338164251208
0.190338164251208
0.190338164251208
0.190338164251208
0.190338164251208
0.190338164251208
0.190338164251208
0.190338164251208
0.190338164251208
0.190338164251208
0.190338164251208
0.190338164251208
0.190338164251208
0.147186147186147
0.142857142857143
0.138164251207729
0.12987012987013
0.12987012987013
0.0909090909090909
0.0649350649350649
0.0476190476190476
0.0144927536231884
1E-10
1E-10
1E-10
1E-10
1E-10
1E-10
1E-10
1E-10
1E-10
Gen 56
0.190338164251208
0.190338164251208
0.190338164251208
0.190338164251208
0.190338164251208
0.190338164251208
0.190338164251208
0.190338164251208
0.190338164251208
0.190338164251208
0.190338164251208
0.190338164251208
0.190338164251208
0.190338164251208
0.190338164251208
0.190338164251208
0.190338164251208
0.190338164251208
0.190338164251208
0.190338164251208
0.190338164251208
0.190338164251208
0.190338164251208
0.190338164251208
0.190338164251208
0.190338164251208
0.190338164251208
0.190338164251208
0.190338164251208
0.190338164251208
0.190338164251208
0.190338164251208
0.147186147186147
0.142857142857143
0.138164251207729
0.12987012987013
0.0692640692640693
0.0476190476190476
0.0476190476190476
1E-10
1E-10
1E-10
1E-10
1E-10
1E-10
1E-10
1E-10
1E-10
1E-10
1E-10
Gen 57
0.190338164251208
0.190338164251208
0.190338164251208
0.190338164251208
0.190338164251208
0.190338164251208
0.190338164251208
0.190338164251208
0.190338164251208
0.190338164251208
0.190338164251208
0.190338164251208
0.190338164251208
0.190338164251208
0.190338164251208
0.190338164251208
0.190338164251208
0.190338164251208
0.190338164251208
0.190338164251208
0.190338164251208
0.190338164251208
0.190338164251208
0.190338164251208
0.190338164251208
0.190338164251208
0.190338164251208
0.190338164251208
0.190338164251208
0.190338164251208
0.186147186147186
0.147186147186147
0.142857142857143
0.138164251207729
0.12987012987013
0.104347826086957
0.103896103896104
0.0692640692640693
0.0606060606060606
0.000966183574879227
1E-10
1E-10
1E-10
1E-10
1E-10
1E-10
1E-10
1E-10
1E-10
1E-10
Gen 58
0.190338164251208
0.190338164251208
0.190338164251208
0.190338164251208
0.190338164251208
0.190338164251208
0.190338164251208
0.190338164251208
0.190338164251208
0.190338164251208
0.190338164251208
0.190338164251208
0.190338164251208
0.190338164251208
0.190338164251208
0.190338164251208
0.190338164251208
0.190338164251208
0.190338164251208
0.190338164251208
0.190338164251208
0.190338164251208
0.190338164251208
0.190338164251208
0.190338164251208
0.190338164251208
0.190338164251208
0.190338164251208
0.190338164251208
0.190338164251208
0.190338164251208
0.186147186147186
0.147186147186147
0.142857142857143
0.138164251207729
0.134199134199134
0.0753623188405797
0.0692640692640693
0.0692640692640693
0.0346320346320346
1E-10
1E-10
1E-10
1E-10
1E-10
1E-10
1E-10
1E-10
1E-10
1E-10
Gen 59
0.190338164251208
0.190338164251208
0.190338164251208
0.190338164251208
0.190338164251208
0.190338164251208
0.190338164251208
0.190338164251208
0.190338164251208
0.190338164251208
0.190338164251208
0.190338164251208
0.190338164251208
0.190338164251208
0.190338164251208
0.190338164251208
0.190338164251208
0.190338164251208
0.190338164251208
0.190338164251208
0.190338164251208
0.190338164251208
0.190338164251208
0.190338164251208
0.190338164251208
0.190338164251208
0.190338164251208
0.190338164251208
0.190338164251208
0.186473429951691
0.147186147186147
0.142857142857143
0.134199134199134
0.0779220779220779
0.0692640692640693
0.0692640692640693
1E-10
1E-10
1E-10
1E-10
1E-10
1E-10
1E-10
1E-10
1E-10
1E-10
1E-10
1E-10
1E-10
1E-10
Gen 60
0.190338164251208
0.190338164251208
0.190338164251208
0.190338164251208
0.190338164251208
0.190338164251208
0.190338164251208
0.190338164251208
0.190338164251208
0.190338164251208
0.190338164251208
0.190338164251208
0.190338164251208
0.190338164251208
0.190338164251208
0.190338164251208
0.190338164251208
0.190338164251208
0.190338164251208
0.190338164251208
0.190338164251208
0.190338164251208
0.190338164251208
0.190338164251208
0.190338164251208
0.190338164251208
0.190338164251208
0.190338164251208
0.190338164251208
0.190338164251208
0.190338164251208
0.190338164251208
0.190338164251208
0.147186147186147
0.142857142857143
0.138164251207729
0.134199134199134
0.00865800865800866
1E-10
1E-10
1E-10
1E-10
1E-10
1E-10
1E-10
1E-10
1E-10
1E-10
1E-10
1E-10
Gen 61
0.190338164251208
0.190338164251208
0.190338164251208
0.190338164251208
0.190338164251208
0.190338164251208
0.190338164251208
0.190338164251208
0.190338164251208
0.190338164251208
0.190338164251208
0.190338164251208
0.190338164251208
0.190338164251208
0.190338164251208
0.190338164251208
0.190338164251208
0.190338164251208
0.190338164251208
0.190338164251208
0.190338164251208
0.190338164251208
0.190338164251208
0.190338164251208
0.190338164251208
0.190338164251208
0.190338164251208
0.190338164251208
0.190338164251208
0.190338164251208
0.190338164251208
0.190338164251208
0.190338164251208
0.190338164251208
0.190338164251208
0.190338164251208
0.190338164251208
0.190338164251208
0.147186147186147
0.142857142857143
0.138164251207729
0.134199134199134
0.038961038961039
1E-10
1E-10
1E-10
1E-10
1E-10
1E-10
1E-10
Gen 62
0.190338164251208
0.190338164251208
0.190338164251208
0.190338164251208
0.190338164251208
0.190338164251208
0.190338164251208
0.190338164251208
0.190338164251208
0.190338164251208
0.190338164251208
0.190338164251208
0.190338164251208
0.190338164251208
0.190338164251208
0.190338164251208
0.190338164251208
0.190338164251208
0.190338164251208
0.190338164251208
0.190338164251208
0.190338164251208
0.190338164251208
0.190338164251208
0.190338164251208
0.190338164251208
0.190338164251208
0.190338164251208
0.190338164251208
0.190338164251208
0.190338164251208
0.190338164251208
0.190338164251208
0.190338164251208
0.190338164251208
0.190338164251208
0.190338164251208
0.190338164251208
0.142857142857143
0.138164251207729
0.134199134199134
0.112554112554113
0.0692640692640693
0.0692640692640693
1E-10
1E-10
1E-10
1E-10
1E-10
1E-10
Gen 63
0.191304347826087
0.190338164251208
0.190338164251208
0.190338164251208
0.190338164251208
0.190338164251208
0.190338164251208
0.190338164251208
0.190338164251208
0.190338164251208
0.190338164251208
0.190338164251208
0.190338164251208
0.190338164251208
0.190338164251208
0.190338164251208
0.190338164251208
0.190338164251208
0.190338164251208
0.190338164251208
0.190338164251208
0.190338164251208
0.190338164251208
0.190338164251208
0.190338164251208
0.190338164251208
0.190338164251208
0.190338164251208
0.190338164251208
0.190338164251208
0.190338164251208
0.190338164251208
0.190338164251208
0.190338164251208
0.190338164251208
0.190338164251208
0.190338164251208
0.190338164251208
0.142857142857143
0.138164251207729
0.134199134199134
0.112554112554113
0.0735930735930736
0.0692640692640693
0.0173160173160173
1E-10
1E-10
1E-10
1E-10
1E-10
Gen 64
0.191304347826087
0.191304347826087
0.190338164251208
0.190338164251208
0.190338164251208
0.190338164251208
0.190338164251208
0.190338164251208
0.190338164251208
0.190338164251208
0.190338164251208
0.190338164251208
0.190338164251208
0.190338164251208
0.190338164251208
0.190338164251208
0.190338164251208
0.190338164251208
0.190338164251208
0.190338164251208
0.190338164251208
0.190338164251208
0.190338164251208
0.190338164251208
0.190338164251208
0.190338164251208
0.190338164251208
0.190338164251208
0.190338164251208
0.190338164251208
0.190338164251208
0.190338164251208
0.190338164251208
0.190338164251208
0.190338164251208
0.190338164251208
0.190338164251208
0.190338164251208
0.142857142857143
0.138164251207729
0.134199134199134
0.0779220779220779
0.0735930735930736
0.0476190476190476
0.0476190476190476
1E-10
1E-10
1E-10
1E-10
1E-10
Gen 65
0.191304347826087
0.191304347826087
0.191304347826087
0.191304347826087
0.190338164251208
0.190338164251208
0.190338164251208
0.190338164251208
0.190338164251208
0.190338164251208
0.190338164251208
0.190338164251208
0.190338164251208
0.190338164251208
0.190338164251208
0.190338164251208
0.190338164251208
0.190338164251208
0.190338164251208
0.190338164251208
0.190338164251208
0.190338164251208
0.190338164251208
0.190338164251208
0.190338164251208
0.190338164251208
0.190338164251208
0.190338164251208
0.190338164251208
0.190338164251208
0.190338164251208
0.190338164251208
0.190338164251208
0.190338164251208
0.190338164251208
0.190338164251208
0.190338164251208
0.190338164251208
0.190338164251208
0.142857142857143
0.138164251207729
0.134199134199134
0.0995670995670996
0.0692640692640693
0.0692640692640693
1E-10
1E-10
1E-10
1E-10
1E-10
Gen 66
0.191304347826087
0.191304347826087
0.191304347826087
0.191304347826087
0.191304347826087
0.191304347826087
0.191304347826087
0.191304347826087
0.191304347826087
0.190338164251208
0.190338164251208
0.190338164251208
0.190338164251208
0.190338164251208
0.190338164251208
0.190338164251208
0.190338164251208
0.190338164251208
0.190338164251208
0.190338164251208
0.190338164251208
0.190338164251208
0.190338164251208
0.190338164251208
0.190338164251208
0.190338164251208
0.190338164251208
0.190338164251208
0.190338164251208
0.190338164251208
0.190338164251208
0.190338164251208
0.190338164251208
0.190338164251208
0.190338164251208
0.190338164251208
0.190338164251208
0.190338164251208
0.190338164251208
0.190338164251208
0.190338164251208
0.190338164251208
0.190338164251208
0.142857142857143
0.138164251207729
0.134199134199134
0.0995670995670996
0.0606060606060606
1E-10
1E-10
Gen 67
0.191304347826087
0.191304347826087
0.191304347826087
0.191304347826087
0.191304347826087
0.191304347826087
0.191304347826087
0.191304347826087
0.191304347826087
0.191304347826087
0.191304347826087
0.191304347826087
0.191304347826087
0.191304347826087
0.191304347826087
0.191304347826087
0.191304347826087
0.190338164251208
0.190338164251208
0.190338164251208
0.190338164251208
0.190338164251208
0.190338164251208
0.190338164251208
0.190338164251208
0.190338164251208
0.190338164251208
0.190338164251208
0.190338164251208
0.190338164251208
0.190338164251208
0.190338164251208
0.190338164251208
0.190338164251208
0.190338164251208
0.190338164251208
0.190338164251208
0.190338164251208
0.190338164251208
0.190338164251208
0.190338164251208
0.190338164251208
0.190338164251208
0.190338164251208
0.190338164251208
0.190338164251208
0.134199134199134
1E-10
1E-10
1E-10
Gen 68
0.191304347826087
0.191304347826087
0.191304347826087
0.191304347826087
0.191304347826087
0.191304347826087
0.191304347826087
0.191304347826087
0.191304347826087
0.191304347826087
0.191304347826087
0.191304347826087
0.191304347826087
0.191304347826087
0.191304347826087
0.191304347826087
0.191304347826087
0.191304347826087
0.191304347826087
0.191304347826087
0.191304347826087
0.190338164251208
0.190338164251208
0.190338164251208
0.190338164251208
0.190338164251208
0.190338164251208
0.190338164251208
0.190338164251208
0.190338164251208
0.190338164251208
0.190338164251208
0.190338164251208
0.190338164251208
0.190338164251208
0.190338164251208
0.190338164251208
0.190338164251208
0.190338164251208
0.190338164251208
0.147186147186147
0.121212121212121
0.108225108225108
0.0779220779220779
0.0779220779220779
0.0692640692640693
1E-10
1E-10
1E-10
1E-10
Gen 69
0.191304347826087
0.191304347826087
0.191304347826087
0.191304347826087
0.191304347826087
0.191304347826087
0.191304347826087
0.191304347826087
0.191304347826087
0.191304347826087
0.191304347826087
0.191304347826087
0.191304347826087
0.191304347826087
0.191304347826087
0.191304347826087
0.191304347826087
0.191304347826087
0.191304347826087
0.191304347826087
0.191304347826087
0.191304347826087
0.191304347826087
0.191304347826087
0.191304347826087
0.191304347826087
0.191304347826087
0.191304347826087
0.191304347826087
0.190338164251208
0.190338164251208
0.190338164251208
0.190338164251208
0.190338164251208
0.190338164251208
0.190338164251208
0.190338164251208
0.190338164251208
0.147186147186147
0.121212121212121
0.0779220779220779
0.0692640692640693
0.0692640692640693
0.0476190476190476
0.0476190476190476
0.00432900432900433
1E-10
1E-10
1E-10
1E-10
Gen 70
0.191304347826087
0.191304347826087
0.191304347826087
0.191304347826087
0.191304347826087
0.191304347826087
0.191304347826087
0.191304347826087
0.191304347826087
0.191304347826087
0.191304347826087
0.191304347826087
0.191304347826087
0.191304347826087
0.191304347826087
0.191304347826087
0.191304347826087
0.191304347826087
0.191304347826087
0.191304347826087
0.191304347826087
0.191304347826087
0.191304347826087
0.191304347826087
0.191304347826087
0.191304347826087
0.191304347826087
0.190338164251208
0.190338164251208
0.190338164251208
0.190338164251208
0.190338164251208
0.190338164251208
0.190338164251208
0.16017316017316
0.151515151515152
0.147186147186147
0.121212121212121
0.0779220779220779
0.0692640692640693
0.00865800865800866
1E-10
1E-10
1E-10
1E-10
1E-10
1E-10
1E-10
1E-10
1E-10
Gen 71
0.191304347826087
0.191304347826087
0.191304347826087
0.191304347826087
0.191304347826087
0.191304347826087
0.191304347826087
0.191304347826087
0.191304347826087
0.191304347826087
0.191304347826087
0.191304347826087
0.191304347826087
0.191304347826087
0.191304347826087
0.191304347826087
0.191304347826087
0.191304347826087
0.191304347826087
0.191304347826087
0.191304347826087
0.191304347826087
0.191304347826087
0.191304347826087
0.191304347826087
0.191304347826087
0.191304347826087
0.191304347826087
0.191304347826087
0.191304347826087
0.191304347826087
0.190338164251208
0.190338164251208
0.190338164251208
0.190338164251208
0.188405797101449
0.147186147186147
0.116883116883117
0.0606060606060606
0.0173913043478261
1E-10
1E-10
1E-10
1E-10
1E-10
1E-10
1E-10
1E-10
1E-10
1E-10
Gen 72
0.191304347826087
0.191304347826087
0.191304347826087
0.191304347826087
0.191304347826087
0.191304347826087
0.191304347826087
0.191304347826087
0.191304347826087
0.191304347826087
0.191304347826087
0.191304347826087
0.191304347826087
0.191304347826087
0.191304347826087
0.191304347826087
0.191304347826087
0.191304347826087
0.191304347826087
0.191304347826087
0.191304347826087
0.191304347826087
0.191304347826087
0.191304347826087
0.191304347826087
0.191304347826087
0.191304347826087
0.191304347826087
0.191304347826087
0.191304347826087
0.191304347826087
0.191304347826087
0.191304347826087
0.191304347826087
0.191304347826087
0.190338164251208
0.190338164251208
0.190338164251208
0.0735930735930736
0.0692640692640693
0.0476190476190476
1E-10
1E-10
1E-10
1E-10
1E-10
1E-10
1E-10
1E-10
1E-10
Gen 73
0.191304347826087
0.191304347826087
0.191304347826087
0.191304347826087
0.191304347826087
0.191304347826087
0.191304347826087
0.191304347826087
0.191304347826087
0.191304347826087
0.191304347826087
0.191304347826087
0.191304347826087
0.191304347826087
0.191304347826087
0.191304347826087
0.191304347826087
0.191304347826087
0.191304347826087
0.191304347826087
0.191304347826087
0.191304347826087
0.191304347826087
0.191304347826087
0.191304347826087
0.191304347826087
0.191304347826087
0.191304347826087
0.191304347826087
0.191304347826087
0.191304347826087
0.191304347826087
0.191304347826087
0.191304347826087
0.191304347826087
0.191304347826087
0.190338164251208
0.190338164251208
0.0476190476190476
0.00869565217391304
1E-10
1E-10
1E-10
1E-10
1E-10
1E-10
1E-10
1E-10
1E-10
1E-10
Gen 74
0.191304347826087
0.191304347826087
0.191304347826087
0.191304347826087
0.191304347826087
0.191304347826087
0.191304347826087
0.191304347826087
0.191304347826087
0.191304347826087
0.191304347826087
0.191304347826087
0.191304347826087
0.191304347826087
0.191304347826087
0.191304347826087
0.191304347826087
0.191304347826087
0.191304347826087
0.191304347826087
0.191304347826087
0.191304347826087
0.191304347826087
0.191304347826087
0.191304347826087
0.191304347826087
0.191304347826087
0.191304347826087
0.191304347826087
0.191304347826087
0.191304347826087
0.191304347826087
0.191304347826087
0.191304347826087
0.190338164251208
0.190338164251208
0.0476190476190476
0.0476190476190476
0.00869565217391304
1E-10
1E-10
1E-10
1E-10
1E-10
1E-10
1E-10
1E-10
1E-10
1E-10
1E-10
Gen 75
0.191304347826087
0.191304347826087
0.191304347826087
0.191304347826087
0.191304347826087
0.191304347826087
0.191304347826087
0.191304347826087
0.191304347826087
0.191304347826087
0.191304347826087
0.191304347826087
0.191304347826087
0.191304347826087
0.191304347826087
0.191304347826087
0.191304347826087
0.191304347826087
0.191304347826087
0.191304347826087
0.191304347826087
0.191304347826087
0.191304347826087
0.191304347826087
0.191304347826087
0.191304347826087
0.191304347826087
0.191304347826087
0.191304347826087
0.191304347826087
0.191304347826087
0.191304347826087
0.191304347826087
0.191304347826087
0.190338164251208
0.00869565217391304
1E-10
1E-10
1E-10
1E-10
1E-10
1E-10
1E-10
1E-10
1E-10
1E-10
1E-10
1E-10
1E-10
1E-10
Gen 76
0.191304347826087
0.191304347826087
0.191304347826087
0.191304347826087
0.191304347826087
0.191304347826087
0.191304347826087
0.191304347826087
0.191304347826087
0.191304347826087
0.191304347826087
0.191304347826087
0.191304347826087
0.191304347826087
0.191304347826087
0.191304347826087
0.191304347826087
0.191304347826087
0.191304347826087
0.191304347826087
0.191304347826087
0.191304347826087
0.191304347826087
0.191304347826087
0.191304347826087
0.191304347826087
0.191304347826087
0.191304347826087
0.191304347826087
0.191304347826087
0.191304347826087
0.191304347826087
0.191304347826087
0.191304347826087
0.191304347826087
0.190338164251208
0.0735930735930736
0.0692640692640693
0.0432900432900433
0.0346320346320346
1E-10
1E-10
1E-10
1E-10
1E-10
1E-10
1E-10
1E-10
1E-10
1E-10
Gen 77
0.191304347826087
0.191304347826087
0.191304347826087
0.191304347826087
0.191304347826087
0.191304347826087
0.191304347826087
0.191304347826087
0.191304347826087
0.191304347826087
0.191304347826087
0.191304347826087
0.191304347826087
0.191304347826087
0.191304347826087
0.191304347826087
0.191304347826087
0.191304347826087
0.191304347826087
0.191304347826087
0.191304347826087
0.191304347826087
0.191304347826087
0.191304347826087
0.191304347826087
0.191304347826087
0.191304347826087
0.191304347826087
0.191304347826087
0.191304347826087
0.191304347826087
0.191304347826087
0.191304347826087
0.191304347826087
0.191304347826087
0.191304347826087
0.142857142857143
0.138528138528139
0.121212121212121
0.0144927536231884
1E-10
1E-10
1E-10
1E-10
1E-10
1E-10
1E-10
1E-10
1E-10
1E-10
Gen 78
0.191304347826087
0.191304347826087
0.191304347826087
0.191304347826087
0.191304347826087
0.191304347826087
0.191304347826087
0.191304347826087
0.191304347826087
0.191304347826087
0.191304347826087
0.191304347826087
0.191304347826087
0.191304347826087
0.191304347826087
0.191304347826087
0.191304347826087
0.191304347826087
0.191304347826087
0.191304347826087
0.191304347826087
0.191304347826087
0.191304347826087
0.191304347826087
0.191304347826087
0.191304347826087
0.191304347826087
0.191304347826087
0.191304347826087
0.191304347826087
0.191304347826087
0.191304347826087
0.191304347826087
0.191304347826087
0.191304347826087
0.191304347826087
0.191304347826087
0.191304347826087
0.191304347826087
0.191304347826087
0.191304347826087
0.191304347826087
0.121212121212121
0.108225108225108
0.0779220779220779
0.0779220779220779
1E-10
1E-10
1E-10
1E-10
Gen 79
0.191304347826087
0.191304347826087
0.191304347826087
0.191304347826087
0.191304347826087
0.191304347826087
0.191304347826087
0.191304347826087
0.191304347826087
0.191304347826087
0.191304347826087
0.191304347826087
0.191304347826087
0.191304347826087
0.191304347826087
0.191304347826087
0.191304347826087
0.191304347826087
0.191304347826087
0.191304347826087
0.191304347826087
0.191304347826087
0.191304347826087
0.191304347826087
0.191304347826087
0.191304347826087
0.191304347826087
0.191304347826087
0.191304347826087
0.191304347826087
0.191304347826087
0.191304347826087
0.191304347826087
0.191304347826087
0.191304347826087
0.191304347826087
0.191304347826087
0.191304347826087
0.108225108225108
0.0779220779220779
1E-10
1E-10
1E-10
1E-10
1E-10
1E-10
1E-10
1E-10
1E-10
1E-10
Gen 80
0.191304347826087
0.191304347826087
0.191304347826087
0.191304347826087
0.191304347826087
0.191304347826087
0.191304347826087
0.191304347826087
0.191304347826087
0.191304347826087
0.191304347826087
0.191304347826087
0.191304347826087
0.191304347826087
0.191304347826087
0.191304347826087
0.191304347826087
0.191304347826087
0.191304347826087
0.191304347826087
0.191304347826087
0.191304347826087
0.191304347826087
0.191304347826087
0.191304347826087
0.191304347826087
0.191304347826087
0.191304347826087
0.191304347826087
0.191304347826087
0.191304347826087
0.191304347826087
0.191304347826087
0.191304347826087
0.191304347826087
0.191304347826087
0.191304347826087
0.191304347826087
0.151515151515152
0.0985507246376812
0.0779220779220779
0.0735930735930736
0.0476190476190476
0.0476190476190476
1E-10
1E-10
1E-10
1E-10
1E-10
1E-10
Gen 81
0.191304347826087
0.191304347826087
0.191304347826087
0.191304347826087
0.191304347826087
0.191304347826087
0.191304347826087
0.191304347826087
0.191304347826087
0.191304347826087
0.191304347826087
0.191304347826087
0.191304347826087
0.191304347826087
0.191304347826087
0.191304347826087
0.191304347826087
0.191304347826087
0.191304347826087
0.191304347826087
0.191304347826087
0.191304347826087
0.191304347826087
0.191304347826087
0.191304347826087
0.191304347826087
0.191304347826087
0.191304347826087
0.191304347826087
0.191304347826087
0.191304347826087
0.191304347826087
0.191304347826087
0.191304347826087
0.191304347826087
0.191304347826087
0.191304347826087
0.191304347826087
0.191304347826087
0.191304347826087
0.151515151515152
0.12987012987013
0.121212121212121
0.0735930735930736
0.0692640692640693
1E-10
1E-10
1E-10
1E-10
1E-10
Gen 82
0.191304347826087
0.191304347826087
0.191304347826087
0.191304347826087
0.191304347826087
0.191304347826087
0.191304347826087
0.191304347826087
0.191304347826087
0.191304347826087
0.191304347826087
0.191304347826087
0.191304347826087
0.191304347826087
0.191304347826087
0.191304347826087
0.191304347826087
0.191304347826087
0.191304347826087
0.191304347826087
0.191304347826087
0.191304347826087
0.191304347826087
0.191304347826087
0.191304347826087
0.191304347826087
0.191304347826087
0.191304347826087
0.191304347826087
0.191304347826087
0.191304347826087
0.191304347826087
0.191304347826087
0.191304347826087
0.191304347826087
0.191304347826087
0.138528138528139
0.12987012987013
0.0735930735930736
0.0692640692640693
0.0692640692640693
0.0649350649350649
0.0346320346320346
1E-10
1E-10
1E-10
1E-10
1E-10
1E-10
1E-10
Gen 83
0.191304347826087
0.191304347826087
0.191304347826087
0.191304347826087
0.191304347826087
0.191304347826087
0.191304347826087
0.191304347826087
0.191304347826087
0.191304347826087
0.191304347826087
0.191304347826087
0.191304347826087
0.191304347826087
0.191304347826087
0.191304347826087
0.191304347826087
0.191304347826087
0.191304347826087
0.191304347826087
0.191304347826087
0.191304347826087
0.191304347826087
0.191304347826087
0.191304347826087
0.191304347826087
0.191304347826087
0.191304347826087
0.191304347826087
0.191304347826087
0.191304347826087
0.191304347826087
0.191304347826087
0.191304347826087
0.138528138528139
0.12987012987013
0.0692640692640693
0.0606060606060606
0.051948051948052
0.0476190476190476
0.0346320346320346
1E-10
1E-10
1E-10
1E-10
1E-10
1E-10
1E-10
1E-10
1E-10
Gen 84
0.191304347826087
0.191304347826087
0.191304347826087
0.191304347826087
0.191304347826087
0.191304347826087
0.191304347826087
0.191304347826087
0.191304347826087
0.191304347826087
0.191304347826087
0.191304347826087
0.191304347826087
0.191304347826087
0.191304347826087
0.191304347826087
0.191304347826087
0.191304347826087
0.191304347826087
0.191304347826087
0.191304347826087
0.191304347826087
0.191304347826087
0.191304347826087
0.191304347826087
0.191304347826087
0.191304347826087
0.191304347826087
0.191304347826087
0.191304347826087
0.191304347826087
0.191304347826087
0.191304347826087
0.191304347826087
0.191304347826087
0.191304347826087
0.191304347826087
0.191304347826087
0.138528138528139
0.0521739130434783
0.0476190476190476
0.0476190476190476
0.0476190476190476
1E-10
1E-10
1E-10
1E-10
1E-10
1E-10
1E-10
Gen 85
0.191304347826087
0.191304347826087
0.191304347826087
0.191304347826087
0.191304347826087
0.191304347826087
0.191304347826087
0.191304347826087
0.191304347826087
0.191304347826087
0.191304347826087
0.191304347826087
0.191304347826087
0.191304347826087
0.191304347826087
0.191304347826087
0.191304347826087
0.191304347826087
0.191304347826087
0.191304347826087
0.191304347826087
0.191304347826087
0.191304347826087
0.191304347826087
0.191304347826087
0.191304347826087
0.191304347826087
0.191304347826087
0.191304347826087
0.191304347826087
0.191304347826087
0.191304347826087
0.138528138528139
0.0909090909090909
0.0735930735930736
0.0692640692640693
0.0692640692640693
0.0476190476190476
0.0476190476190476
0.0476190476190476
0.00676328502415459
1E-10
1E-10
1E-10
1E-10
1E-10
1E-10
1E-10
1E-10
1E-10
Gen 86
0.191304347826087
0.191304347826087
0.191304347826087
0.191304347826087
0.191304347826087
0.191304347826087
0.191304347826087
0.191304347826087
0.191304347826087
0.191304347826087
0.191304347826087
0.191304347826087
0.191304347826087
0.191304347826087
0.191304347826087
0.191304347826087
0.191304347826087
0.191304347826087
0.191304347826087
0.191304347826087
0.191304347826087
0.191304347826087
0.191304347826087
0.191304347826087
0.191304347826087
0.191304347826087
0.191304347826087
0.191304347826087
0.191304347826087
0.191304347826087
0.191304347826087
0.191304347826087
0.191304347826087
0.191304347826087
0.112554112554113
0.0782608695652174
0.0735930735930736
0.0303030303030303
1E-10
1E-10
1E-10
1E-10
1E-10
1E-10
1E-10
1E-10
1E-10
1E-10
1E-10
1E-10
Gen 87
0.191304347826087
0.191304347826087
0.191304347826087
0.191304347826087
0.191304347826087
0.191304347826087
0.191304347826087
0.191304347826087
0.191304347826087
0.191304347826087
0.191304347826087
0.191304347826087
0.191304347826087
0.191304347826087
0.191304347826087
0.191304347826087
0.191304347826087
0.191304347826087
0.191304347826087
0.191304347826087
0.191304347826087
0.191304347826087
0.191304347826087
0.191304347826087
0.191304347826087
0.191304347826087
0.191304347826087
0.191304347826087
0.191304347826087
0.191304347826087
0.191304347826087
0.191304347826087
0.191304347826087
0.191304347826087
0.191304347826087
0.116883116883117
0.0531400966183575
1E-10
1E-10
1E-10
1E-10
1E-10
1E-10
1E-10
1E-10
1E-10
1E-10
1E-10
1E-10
1E-10
Gen 88
0.191304347826087
0.191304347826087
0.191304347826087
0.191304347826087
0.191304347826087
0.191304347826087
0.191304347826087
0.191304347826087
0.191304347826087
0.191304347826087
0.191304347826087
0.191304347826087
0.191304347826087
0.191304347826087
0.191304347826087
0.191304347826087
0.191304347826087
0.191304347826087
0.191304347826087
0.191304347826087
0.191304347826087
0.191304347826087
0.191304347826087
0.191304347826087
0.191304347826087
0.191304347826087
0.191304347826087
0.191304347826087
0.191304347826087
0.191304347826087
0.191304347826087
0.191304347826087
0.185507246376812
0.142857142857143
0.138528138528139
0.134199134199134
0.116883116883117
0.0952380952380952
0.0734299516908213
0.0521739130434783
1E-10
1E-10
1E-10
1E-10
1E-10
1E-10
1E-10
1E-10
1E-10
1E-10
Gen 89
0.191304347826087
0.191304347826087
0.191304347826087
0.191304347826087
0.191304347826087
0.191304347826087
0.191304347826087
0.191304347826087
0.191304347826087
0.191304347826087
0.191304347826087
0.191304347826087
0.191304347826087
0.191304347826087
0.191304347826087
0.191304347826087
0.191304347826087
0.191304347826087
0.191304347826087
0.191304347826087
0.191304347826087
0.191304347826087
0.191304347826087
0.191304347826087
0.191304347826087
0.191304347826087
0.191304347826087
0.191304347826087
0.191304347826087
0.191304347826087
0.191304347826087
0.191304347826087
0.191304347826087
0.185507246376812
0.142857142857143
0.138528138528139
0.138528138528139
0.134199134199134
0.116883116883117
0.0521739130434783
1E-10
1E-10
1E-10
1E-10
1E-10
1E-10
1E-10
1E-10
1E-10
1E-10
Gen 90
0.191304347826087
0.191304347826087
0.191304347826087
0.191304347826087
0.191304347826087
0.191304347826087
0.191304347826087
0.191304347826087
0.191304347826087
0.191304347826087
0.191304347826087
0.191304347826087
0.191304347826087
0.191304347826087
0.191304347826087
0.191304347826087
0.191304347826087
0.191304347826087
0.191304347826087
0.191304347826087
0.191304347826087
0.191304347826087
0.191304347826087
0.191304347826087
0.191304347826087
0.191304347826087
0.191304347826087
0.191304347826087
0.191304347826087
0.191304347826087
0.191304347826087
0.191304347826087
0.191304347826087
0.185507246376812
0.138528138528139
0.134199134199134
0.134199134199134
0.12987012987013
0.116883116883117
0.112554112554113
0.0692640692640693
0.0476190476190476
0.0303030303030303
1E-10
1E-10
1E-10
1E-10
1E-10
1E-10
1E-10
Gen 91
0.191304347826087
0.191304347826087
0.191304347826087
0.191304347826087
0.191304347826087
0.191304347826087
0.191304347826087
0.191304347826087
0.191304347826087
0.191304347826087
0.191304347826087
0.191304347826087
0.191304347826087
0.191304347826087
0.191304347826087
0.191304347826087
0.191304347826087
0.191304347826087
0.191304347826087
0.191304347826087
0.191304347826087
0.191304347826087
0.191304347826087
0.191304347826087
0.191304347826087
0.191304347826087
0.191304347826087
0.191304347826087
0.191304347826087
0.191304347826087
0.191304347826087
0.191304347826087
0.191304347826087
0.191304347826087
0.191304347826087
0.185507246376812
0.164502164502165
0.138528138528139
0.0952380952380952
0.0865800865800866
0.0692640692640693
0.0346320346320346
0.0216450216450216
1E-10
1E-10
1E-10
1E-10
1E-10
1E-10
1E-10
Gen 92
0.191304347826087
0.191304347826087
0.191304347826087
0.191304347826087
0.191304347826087
0.191304347826087
0.191304347826087
0.191304347826087
0.191304347826087
0.191304347826087
0.191304347826087
0.191304347826087
0.191304347826087
0.191304347826087
0.191304347826087
0.191304347826087
0.191304347826087
0.191304347826087
0.191304347826087
0.191304347826087
0.191304347826087
0.191304347826087
0.191304347826087
0.191304347826087
0.191304347826087
0.191304347826087
0.191304347826087
0.191304347826087
0.191304347826087
0.191304347826087
0.191304347826087
0.191304347826087
0.191304347826087
0.191304347826087
0.191304347826087
0.191304347826087
0.185507246376812
0.151515151515152
0.12987012987013
0.121212121212121
0.0952380952380952
0.0782608695652174
0.0216450216450216
1E-10
1E-10
1E-10
1E-10
1E-10
1E-10
1E-10
Gen 93
0.191304347826087
0.191304347826087
0.191304347826087
0.191304347826087
0.191304347826087
0.191304347826087
0.191304347826087
0.191304347826087
0.191304347826087
0.191304347826087
0.191304347826087
0.191304347826087
0.191304347826087
0.191304347826087
0.191304347826087
0.191304347826087
0.191304347826087
0.191304347826087
0.191304347826087
0.191304347826087
0.191304347826087
0.191304347826087
0.191304347826087
0.191304347826087
0.191304347826087
0.191304347826087
0.191304347826087
0.191304347826087
0.191304347826087
0.191304347826087
0.191304347826087
0.191304347826087
0.191304347826087
0.191304347826087
0.191304347826087
0.191304347826087
0.151515151515152
0.138528138528139
0.138528138528139
0.12987012987013
0.0952380952380952
0.0779220779220779
0.038961038961039
1E-10
1E-10
1E-10
1E-10
1E-10
1E-10
1E-10
Gen 94
0.191304347826087
0.191304347826087
0.191304347826087
0.191304347826087
0.191304347826087
0.191304347826087
0.191304347826087
0.191304347826087
0.191304347826087
0.191304347826087
0.191304347826087
0.191304347826087
0.191304347826087
0.191304347826087
0.191304347826087
0.191304347826087
0.191304347826087
0.191304347826087
0.191304347826087
0.191304347826087
0.191304347826087
0.191304347826087
0.191304347826087
0.191304347826087
0.191304347826087
0.191304347826087
0.191304347826087
0.191304347826087
0.191304347826087
0.191304347826087
0.191304347826087
0.191304347826087
0.186147186147186
0.155844155844156
0.151515151515152
0.138528138528139
0.138528138528139
0.116883116883117
0.0952380952380952
0.0735930735930736
0.038961038961039
1E-10
1E-10
1E-10
1E-10
1E-10
1E-10
1E-10
1E-10
1E-10
Gen 95
0.191304347826087
0.191304347826087
0.191304347826087
0.191304347826087
0.191304347826087
0.191304347826087
0.191304347826087
0.191304347826087
0.191304347826087
0.191304347826087
0.191304347826087
0.191304347826087
0.191304347826087
0.191304347826087
0.191304347826087
0.191304347826087
0.191304347826087
0.191304347826087
0.191304347826087
0.191304347826087
0.191304347826087
0.191304347826087
0.191304347826087
0.191304347826087
0.191304347826087
0.191304347826087
0.191304347826087
0.191304347826087
0.191304347826087
0.191304347826087
0.191304347826087
0.186147186147186
0.151515151515152
0.138528138528139
0.138528138528139
0.116883116883117
0.0909090909090909
0.0692640692640693
0.0476190476190476
0.012987012987013
1E-10
1E-10
1E-10
1E-10
1E-10
1E-10
1E-10
1E-10
1E-10
1E-10
Gen 96
0.191304347826087
0.191304347826087
0.191304347826087
0.191304347826087
0.191304347826087
0.191304347826087
0.191304347826087
0.191304347826087
0.191304347826087
0.191304347826087
0.191304347826087
0.191304347826087
0.191304347826087
0.191304347826087
0.191304347826087
0.191304347826087
0.191304347826087
0.191304347826087
0.191304347826087
0.191304347826087
0.191304347826087
0.191304347826087
0.191304347826087
0.191304347826087
0.191304347826087
0.191304347826087
0.191304347826087
0.191304347826087
0.191304347826087
0.191304347826087
0.191304347826087
0.186147186147186
0.151515151515152
0.138528138528139
0.138528138528139
0.116883116883117
0.0692640692640693
0.0432900432900433
1E-10
1E-10
1E-10
1E-10
1E-10
1E-10
1E-10
1E-10
1E-10
1E-10
1E-10
1E-10
Gen 97
0.191304347826087
0.191304347826087
0.191304347826087
0.191304347826087
0.191304347826087
0.191304347826087
0.191304347826087
0.191304347826087
0.191304347826087
0.191304347826087
0.191304347826087
0.191304347826087
0.191304347826087
0.191304347826087
0.191304347826087
0.191304347826087
0.191304347826087
0.191304347826087
0.191304347826087
0.191304347826087
0.191304347826087
0.191304347826087
0.191304347826087
0.191304347826087
0.191304347826087
0.191304347826087
0.191304347826087
0.191304347826087
0.191304347826087
0.191304347826087
0.191304347826087
0.191304347826087
0.191304347826087
0.191304347826087
0.191304347826087
0.151515151515152
0.138528138528139
0.138528138528139
0.116883116883117
0.0692640692640693
0.0476190476190476
0.0463768115942029
1E-10
1E-10
1E-10
1E-10
1E-10
1E-10
1E-10
1E-10
