Gen 1
0.0735930735930736
0.00456239421761153
0.019009975590048
1E-10
1E-10
1.16666666666667E-10
Gen 2
0.0735930735930736
0.00678486739060644
0.0282702804775268
1E-10
1E-10
1.16666666666667E-10
Gen 3
0.12987012987013
0.0160303658374962
0.0595238095238095
0.00726938124909132
1E-10
1.16666666666667E-10
Gen 4
0.12987012987013
0.0295607002113958
0.0707290294246816
0.0418470418470419
0.0105935128257592
1.16666666666667E-10
Gen 5
0.12987012987013
0.0388849990909121
0.0826557500470544
0.0476190476190476
0.0317460317626984
1.16666666666667E-10
Gen 6
0.12987012987013
0.0470287973176669
0.0937950937950938
0.0595896856766422
0.0425685425685426
1.16666666666667E-10
Gen 7
0.12987012987013
0.0547023025523895
0.103174603174603
0.0695934500282326
0.0486647008386139
0.00649350659350649
Gen 8
0.12987012987013
0.0610939205941815
0.117243867243867
0.0779220779220779
0.0533753685927599
0.00601668871705094
Gen 9
0.12987012987013
0.062849614181962
0.128066378066378
0.0844155844155844
0.0493914298262124
1.16666666666667E-10
Gen 10
0.12987012987013
0.0515904385889603
0.12987012987013
0.0724574941966246
0.0126325366039134
1.16666666666667E-10
Gen 11
0.12987012987013
0.0731682038008994
0.12987012987013
0.107251605077692
0.0612522742957526
0.00649350659350649
Gen 12
0.12987012987013
0.0781213376295984
0.12987012987013
0.12987012987013
0.0657653135997339
1.16666666666667E-10
Gen 13
0.12987012987013
0.0767360562523171
0.12987012987013
0.12987012987013
0.0599933078610614
1.16666666666667E-10
Gen 14
0.12987012987013
0.0777363699442829
0.12987012987013
0.12987012987013
0.0641612815775859
1.16666666666667E-10
Gen 15
0.12987012987013
0.0768720748191182
0.12987012987013
0.12987012987013
0.0605600518893997
1.16666666666667E-10
Gen 16
0.12987012987013
0.0729744651863782
0.12987012987013
0.12987012987013
0.0443200117529827
1.16666666666667E-10
Gen 17
0.12987012987013
0.0808658008998008
0.12987012987013
0.12987012987013
0.0772005772255772
1.16666666666667E-10
Gen 18
0.12987012987013
0.0930495012434142
0.12987012987013
0.12987012987013
0.115339732731037
0.012626262709596
Gen 19
0.138528138528139
0.0989610389790389
0.130591630591631
0.12987012987013
0.126623376623377
0.0252525253275253
Gen 20
0.138528138528139
0.101979547033025
0.131313131313131
0.12987012987013
0.125901875901876
0.0378296422191349
Gen 21
0.138528138528139
0.089004329032329
0.132034632034632
0.12987012987013
0.108946608946609
1.16666666666667E-10
Gen 22
0.138528138528139
0.0961038961258961
0.132756132756133
0.12987012987013
0.127705627705628
0.0101010101926768
Gen 23
0.138528138528139
0.107099567115567
0.135642135642136
0.12987012987013
0.12987012987013
0.0508658009324675
Gen 24
0.173160173160173
0.111191668245146
0.141414141414141
0.131313131313131
0.12987012987013
0.0607012150907078
Gen 25
0.185507246376812
0.115005458323806
0.14785431959345
0.138528138528139
0.132034632034632
0.060772319526305
Gen 26
0.185507246376812
0.117809900260683
0.157180500658762
0.138528138528139
0.137806637806638
0.057359307425974
Gen 27
0.185507246376812
0.131217014875189
0.169392684610076
0.138528138528139
0.138528138528139
0.1002886003136
Gen 28
0.185507246376812
0.133641257297431
0.174443189660581
0.138528138528139
0.138528138528139
0.105339105355772
Gen 29
0.185507246376812
0.142879728970685
0.178304787000439
0.159090909090909
0.138528138528139
0.119408369425036
Gen 30
0.185507246376812
0.131007215017215
0.182420478072652
0.162387853692202
0.137085137085137
0.0639699270550719
Gen 31
0.185507246376812
0.135047368104846
0.185507246376812
0.174750611707133
0.138276136102223
0.0641633729173584
Gen 32
0.185507246376812
0.120850492526666
0.185507246376812
0.181030804943848
0.130621954534998
0.00638371300545203
Gen 33
0.185507246376812
0.113465085666999
0.185507246376812
0.184478323608758
0.102785620176925
1.16666666666667E-10
Gen 34
0.185507246376812
0.123444632684024
0.185507246376812
0.185507246376812
0.131794131794132
0.0115440116356782
Gen 35
0.190338164251208
0.128750862683906
0.185909822866345
0.185507246376812
0.149030679465462
0.0160141791409907
Gen 36
0.190338164251208
0.126932680871724
0.185909822866345
0.185507246376812
0.152638183072966
0.00483091798272947
Gen 37
0.190338164251208
0.135703620075446
0.185909822866345
0.185507246376812
0.175255662212184
0.0187590188590188
Gen 38
0.190338164251208
0.145409875163006
0.186312399355878
0.185507246376812
0.17917058786624
0.0548842462469274
Gen 39
0.190338164251208
0.147369094685443
0.186312399355878
0.185507246376812
0.181642512077295
0.0605757367126932
Gen 40
0.190338164251208
0.151951063441324
0.187117552334944
0.185507246376812
0.185507246376812
0.0749973859169511
Gen 41
0.190338164251208
0.147540749123967
0.188325281803543
0.185507246376812
0.185507246376812
0.0554133467926946
Gen 42
0.190338164251208
0.164494133895438
0.189935587761675
0.185507246376812
0.185507246376812
0.124442144049028
Gen 43
0.190338164251208
0.171941778034735
0.190338164251208
0.186714975845411
0.185507246376812
0.153863688671297
Gen 44
0.190338164251208
0.164522492012753
0.190338164251208
0.189935587761675
0.185507246376812
0.119729384996776
Gen 45
0.190338164251208
0.155913670884193
0.190338164251208
0.190338164251208
0.18792270531401
0.0810412615343774
Gen 46
0.190338164251208
0.143517410144106
0.190338164251208
0.190338164251208
0.187761674718196
0.0295512057131622
Gen 47
0.190338164251208
0.131147499865152
0.190338164251208
0.190338164251208
0.156392078131209
0.00937950947117604
Gen 48
0.190338164251208
0.131998745240137
0.190338164251208
0.190338164251208
0.16282493673798
0.00649350659350649
Gen 49
0.190338164251208
0.145505991612948
0.190338164251208
0.190338164251208
0.188244766505636
0.037353870045899
Gen 50
0.190338164251208
0.122541690221864
0.190338164251208
0.190338164251208
0.129914047305352
1.16666666666667E-10
Gen 51
0.190338164251208
0.117793337127685
0.190338164251208
0.190338164251208
0.110129242746272
1.16666666666667E-10
Gen 52
0.190338164251208
0.131154275702015
0.190338164251208
0.190338164251208
0.16002781437564
0.0057720058803391
Gen 53
0.190338164251208
0.133227680558028
0.190338164251208
0.190338164251208
0.168667001275697
0.0057720058803391
Gen 54
0.190338164251208
0.146564527280179
0.190338164251208
0.190338164251208
0.190338164251208
0.0396710375804578
Gen 55
0.190338164251208
0.139934500300326
0.190338164251208
0.190338164251208
0.173398582094234
0.0289855073213768
Gen 56
0.190338164251208
0.136268021855239
0.190338164251208
0.190338164251208
0.173398582094234
0.0137085138001804
Gen 57
0.190338164251208
0.135869000584653
0.190338164251208
0.190338164251208
0.165883472405212
0.0195610348617594
Gen 58
0.190338164251208
0.137951188927711
0.190338164251208
0.190338164251208
0.173410084279649
0.0207102077500627
Gen 59
0.190338164251208
0.126939456706587
0.190338164251208
0.190338164251208
0.148238074325031
1.16666666666667E-10
Gen 60
0.190338164251208
0.13704448211196
0.190338164251208
0.190338164251208
0.178437584959324
0.0119047620047619
Gen 61
0.190338164251208
0.156684359133142
0.190338164251208
0.190338164251208
0.190338164251208
0.0818370036344673
Gen 62
0.190338164251208
0.157983060429843
0.190338164251208
0.190338164251208
0.190338164251208
0.0872482590373894
Gen 63
0.191304347826087
0.158435284532241
0.190418679549114
0.190338164251208
0.190338164251208
0.0890520108328079
Gen 64
0.191304347826087
0.157935127684258
0.190499194847021
0.190338164251208
0.190338164251208
0.0868875086683057
Gen 65
0.191304347826087
0.161607378139117
0.190660225442834
0.190338164251208
0.190338164251208
0.102027521634406
Gen 66
0.191304347826087
0.17537260807226
0.191062801932367
0.190338164251208
0.190338164251208
0.158980069866302
Gen 67
0.191304347826087
0.178123596216553
0.191304347826087
0.190740740740741
0.190338164251208
0.169798398084268
Gen 68
0.191304347826087
0.164710960545048
0.191304347826087
0.191062801932367
0.190338164251208
0.113590354928036
Gen 69
0.191304347826087
0.156905703000659
0.191304347826087
0.191304347826087
0.190740740740741
0.0804243261098333
Gen 70
0.191304347826087
0.144670305557871
0.191304347826087
0.191304347826087
0.184830708743752
0.0353535354285354
Gen 71
0.191304347826087
0.144445197334762
0.191304347826087
0.191304347826087
0.190740740740741
0.0285055525019292
Gen 72
0.191304347826087
0.149142857160857
0.191304347826087
0.191304347826087
0.19122383252818
0.0475960433232172
Gen 73
0.191304347826087
0.14647895102069
0.191304347826087
0.191304347826087
0.191304347826087
0.036415919107948
Gen 74
0.191304347826087
0.139779158062028
0.191304347826087
0.191304347826087
0.191143317230274
0.00866114570933402
Gen 75
0.191304347826087
0.134067632878241
0.191304347826087
0.191304347826087
0.176006441223833
1.16666666666667E-10
Gen 76
0.191304347826087
0.142135391198869
0.191304347826087
0.191304347826087
0.19122383252818
0.0183982684816017
Gen 77
0.191304347826087
0.146080933579194
0.191304347826087
0.191304347826087
0.191304347826087
0.0347575131017159
Gen 78
0.191304347826087
0.168401279887541
0.191304347826087
0.191304347826087
0.191304347826087
0.127758956053159
Gen 79
0.191304347826087
0.14911424809077
0.191304347826087
0.191304347826087
0.191304347826087
0.0473963235666134
Gen 80
0.191304347826087
0.155327686817948
0.191304347826087
0.191304347826087
0.191304347826087
0.0732856515965211
Gen 81
0.191304347826087
0.16395256917996
0.191304347826087
0.191304347826087
0.191304347826087
0.109222661438241
Gen 82
0.191304347826087
0.149340862050514
0.191304347826087
0.191304347826087
0.191304347826087
0.0483405483988817
Gen 83
0.191304347826087
0.14073630718909
0.191304347826087
0.191304347826087
0.181786812221595
0.022005772080772
Gen 84
0.191304347826087
0.152062488250401
0.191304347826087
0.191304347826087
0.191304347826087
0.0596806575650778
Gen 85
0.191304347826087
0.13425836001549
0.191304347826087
0.191304347826087
0.158560762908589
0.0182403748371139
Gen 86
0.191304347826087
0.135981178266048
0.191304347826087
0.191304347826087
0.175321538365017
0.00865800875800865
Gen 87
0.191304347826087
0.13731350777429
0.191304347826087
0.191304347826087
0.185102578580839
0.00442834149319646
Gen 88
0.191304347826087
0.14121111740503
0.191304347826087
0.191304347826087
0.17762720371416
0.0281437564879593
Gen 89
0.191304347826087
0.144434406193537
0.191304347826087
0.191304347826087
0.182385971516406
0.0368153586378223
Gen 90
0.191304347826087
0.148239412775152
0.191304347826087
0.191304347826087
0.181664470794906
0.0533910534493867
Gen 91
0.191304347826087
0.149830980627589
0.191304347826087
0.191304347826087
0.190821256038647
0.0508658009241342
Gen 92
0.191304347826087
0.153404103157233
0.191304347826087
0.191304347826087
0.191304347826087
0.065270719676879
Gen 93
0.191304347826087
0.153150385860038
0.191304347826087
0.191304347826087
0.191304347826087
0.0642135642718976
Gen 94
0.191304347826087
0.144339544531457
0.191304347826087
0.191304347826087
0.180205784553611
0.0386002886752886
Gen 95
0.191304347826087
0.137656314719793
0.191304347826087
0.191304347826087
0.172561013865362
0.0183982684816017
Gen 96
0.191304347826087
0.135491812559291
0.191304347826087
0.191304347826087
0.172561013865362
0.00937950947950937
Gen 97
0.191304347826087
0.148087332972898
0.191304347826087
0.191304347826087
0.187988581466842
0.0464332769347262
