Gen 1
0.0909090909090909
0.00751879038835561
0.0300751615534224
0
0
0
Gen 2
0.125541125541126
0.0433801367714411
0.0922943722943723
0.0554112554112554
0.0258149193801368
0
Gen 3
0.12987012987013
0.0840742832047179
0.102857142857143
0.0909090909090909
0.0909090909090909
0.0516218081435473
Gen 4
0.12987012987013
0.101914423740511
0.127792207792208
0.124155844155844
0.0916017316017316
0.0641079114122592
Gen 5
0.12987012987013
0.123128803563586
0.12987012987013
0.12987012987013
0.127965367965368
0.104809586548717
Gen 6
0.12987012987013
0.125541125541125
0.12987012987013
0.12987012987013
0.12987012987013
0.112554112554113
Gen 7
0.12987012987013
0.124155844155844
0.12987012987013
0.12987012987013
0.12987012987013
0.107012987012987
Gen 8
0.12987012987013
0.121731601731602
0.12987012987013
0.12987012987013
0.12987012987013
0.0973160173160173
Gen 9
0.12987012987013
0.124285714285714
0.12987012987013
0.12987012987013
0.12987012987013
0.107532467532468
Gen 10
0.12987012987013
0.127662337662338
0.12987012987013
0.12987012987013
0.12987012987013
0.121038961038961
Gen 11
0.12987012987013
0.123852813852814
0.12987012987013
0.12987012987013
0.12987012987013
0.105800865800866
Gen 12
0.12987012987013
0.126450216450216
0.12987012987013
0.12987012987013
0.12987012987013
0.116190476190476
Gen 13
0.12987012987013
0.126450216450216
0.12987012987013
0.12987012987013
0.12987012987013
0.116190476190476
Gen 14
0.12987012987013
0.129047619047619
0.12987012987013
0.12987012987013
0.12987012987013
0.126580086580087
Gen 15
0.12987012987013
0.128658008658009
0.12987012987013
0.12987012987013
0.12987012987013
0.125021645021645
Gen 16
0.12987012987013
0.124161992596775
0.12987012987013
0.12987012987013
0.12987012987013
0.107037580776711
Gen 17
0.12987012987013
0.123766233766234
0.12987012987013
0.12987012987013
0.12987012987013
0.105454545454545
Gen 18
0.12987012987013
0.128571428571428
0.12987012987013
0.12987012987013
0.12987012987013
0.124675324675325
Gen 19
0.12987012987013
0.128571428571428
0.12987012987013
0.12987012987013
0.12987012987013
0.124675324675325
Gen 20
0.12987012987013
0.125151515151515
0.12987012987013
0.12987012987013
0.12987012987013
0.110995670995671
Gen 21
0.12987012987013
0.125584415584415
0.12987012987013
0.12987012987013
0.12987012987013
0.112727272727273
Gen 22
0.12987012987013
0.124372294372294
0.12987012987013
0.12987012987013
0.12987012987013
0.107878787878788
Gen 23
0.134199134199134
0.125670995670996
0.13004329004329
0.12987012987013
0.12987012987013
0.112900432900433
Gen 24
0.134199134199134
0.127012987012987
0.132121212121212
0.12987012987013
0.12987012987013
0.116190476190476
Gen 25
0.134199134199134
0.13
0.134199134199134
0.134199134199134
0.133506493506493
0.118095238095238
Gen 26
0.134199134199134
0.134155844155844
0.134199134199134
0.134199134199134
0.134199134199134
0.134025974025974
Gen 27
0.134199134199134
0.12974025974026
0.134199134199134
0.134199134199134
0.134199134199134
0.116363636363636
Gen 28
0.134199134199134
0.130145178493005
0.134199134199134
0.134199134199134
0.134199134199134
0.117983311374616
Gen 29
0.134199134199134
0.132857142857143
0.134199134199134
0.134199134199134
0.134199134199134
0.128831168831169
Gen 30
0.194805194805195
0.128681849551415
0.136623376623377
0.134199134199134
0.134199134199134
0.109705753184014
Gen 31
0.194805194805195
0.135108225108225
0.153593073593074
0.134199134199134
0.134199134199134
0.118441558441558
Gen 32
0.194805194805195
0.1695670995671
0.194805194805195
0.194805194805195
0.156017316017316
0.132640692640693
Gen 33
0.194805194805195
0.193939393939394
0.194805194805195
0.194805194805195
0.194805194805195
0.191341991341991
Gen 34
0.194805194805195
0.188571428571429
0.194805194805195
0.194805194805195
0.194805194805195
0.16987012987013
Gen 35
0.194805194805195
0.188398268398268
0.194805194805195
0.194805194805195
0.194805194805195
0.169177489177489
Gen 36
0.194805194805195
0.191971892841458
0.194805194805195
0.194805194805195
0.194805194805195
0.183471986950248
Gen 37
0.194805194805195
0.190865800865801
0.194805194805195
0.194805194805195
0.194805194805195
0.179047619047619
Gen 38
0.194805194805195
0.186663529707008
0.194805194805195
0.194805194805195
0.194805194805195
0.162238534412447
Gen 39
0.194805194805195
0.190909090909091
0.194805194805195
0.194805194805195
0.194805194805195
0.179220779220779
Gen 40
0.194805194805195
0.192475061170713
0.194805194805195
0.194805194805195
0.194805194805195
0.185484660267269
Gen 41
0.194805194805195
0.185627705627706
0.194805194805195
0.194805194805195
0.194805194805195
0.158095238095238
Gen 42
0.199134199134199
0.190027605244997
0.194978354978355
0.194805194805195
0.194805194805195
0.175521676391242
Gen 43
0.199134199134199
0.193203463203463
0.196190476190476
0.194805194805195
0.194805194805195
0.187012987012987
Gen 44
0.199134199134199
0.195856703682791
0.199134199134199
0.197748917748918
0.194805194805195
0.191738503042851
Gen 45
0.199134199134199
0.199004329004329
0.199134199134199
0.199134199134199
0.199134199134199
0.198614718614719
Gen 46
0.199134199134199
0.189352782483218
0.199134199134199
0.199134199134199
0.199134199134199
0.160008532530272
Gen 47
0.199134199134199
0.195974025974026
0.199134199134199
0.199134199134199
0.199134199134199
0.186493506493507
Gen 48
0.199134199134199
0.192034632034632
0.199134199134199
0.199134199134199
0.199134199134199
0.170735930735931
Gen 49
0.199134199134199
0.194590877721313
0.199134199134199
0.199134199134199
0.199134199134199
0.180960913482653
Gen 50
0.199134199134199
0.192713721061547
0.199134199134199
0.199134199134199
0.199134199134199
0.173452286843591
Gen 51
0.199134199134199
0.198534914361002
0.199134199134199
0.199134199134199
0.199134199134199
0.196737060041408
Gen 52
0.199134199134199
0.193810653115001
0.199134199134199
0.199134199134199
0.199134199134199
0.177840015057406
Gen 53
0.199134199134199
0.195844155844156
0.199134199134199
0.199134199134199
0.199134199134199
0.185974025974026
Gen 54
0.203463203463203
0.196017316017316
0.199307359307359
0.199134199134199
0.199134199134199
0.186493506493507
Gen 55
0.203463203463203
0.197962607440869
0.201038961038961
0.199134199134199
0.199134199134199
0.192543070456114
Gen 56
0.217391304347826
0.195957713783801
0.204020327498588
0.203463203463203
0.20051948051948
0.175827843653931
Gen 57
0.217391304347826
0.200519480519481
0.216277056277056
0.203463203463203
0.203463203463203
0.178874458874459
Gen 58
0.217391304347826
0.207473241734111
0.217391304347826
0.217391304347826
0.217391304347826
0.177719053892967
Gen 59
0.217391304347826
0.213778154212936
0.217391304347826
0.217391304347826
0.217391304347826
0.202938703808269
Gen 60
0.220779220779221
0.206221720308677
0.217526821005082
0.217391304347826
0.217391304347826
0.172577451533973
Gen 61
0.220779220779221
0.210953635736244
0.219017504234896
0.217391304347826
0.217391304347826
0.19001443001443
Gen 62
0.238095238095238
0.217294058598406
0.221471861471862
0.220779220779221
0.219966120835686
0.206959031306857
Gen 63
0.238095238095238
0.219545266327875
0.227012987012987
0.220779220779221
0.220779220779221
0.209609636740072
Gen 64
0.238095238095238
0.22969696969697
0.238095238095238
0.238095238095238
0.228917748917749
0.213679653679654
Gen 65
0.255411255411255
0.235216638434029
0.238787878787879
0.238095238095238
0.238095238095238
0.225888198757764
Gen 66
0.255411255411255
0.237422046552481
0.246406926406926
0.238095238095238
0.238095238095238
0.227090783612523
Gen 67
0.255411255411255
0.238662902315076
0.255411255411255
0.255411255411255
0.245021645021645
0.198807453416149
Gen 68
0.255411255411255
0.246089591567853
0.255411255411255
0.255411255411255
0.255411255411255
0.218124600037644
Gen 69
0.255411255411255
0.242308174916871
0.255411255411255
0.255411255411255
0.255411255411255
0.202998933433716
Gen 70
0.265700483091787
0.248821757952193
0.255822824518477
0.255411255411255
0.255411255411255
0.228641696467783
Gen 71
0.265700483091787
0.25045046740699
0.259526946483468
0.255411255411255
0.255411255411255
0.231452412321978
Gen 72
0.265700483091787
0.259870129870131
0.265700483091788
0.265700483091788
0.256234393625698
0.251845159671247
Gen 73
0.265700483091787
0.258417968504925
0.265700483091788
0.265700483091788
0.265700483091788
0.236570424744338
Gen 74
0.265700483091787
0.262862161992597
0.265700483091788
0.265700483091788
0.265700483091788
0.254347198695025
Gen 75
0.265700483091787
0.257405859840643
0.265700483091788
0.265700483091788
0.265700483091788
0.232521990087208
Gen 76
0.265700483091787
0.261761716544325
0.265700483091788
0.265700483091788
0.265700483091788
0.249945416901939
Gen 77
0.265700483091787
0.255981554677207
0.265700483091788
0.265700483091788
0.265700483091788
0.226824769433465
Gen 78
0.265700483091787
0.250098124098124
0.265700483091788
0.265700483091788
0.265700483091788
0.203291047117134
Gen 79
0.265700483091787
0.249310998180564
0.265700483091788
0.265700483091788
0.265700483091788
0.200142543446891
Gen 80
0.265700483091787
0.260273542882239
0.265700483091788
0.265700483091788
0.265700483091788
0.243992722253592
Gen 81
0.272727272727273
0.254667294058599
0.265981554677207
0.265700483091788
0.265700483091788
0.221286655373612
Gen 82
0.272727272727273
0.255754564276304
0.2666902566033
0.265700483091788
0.265700483091788
0.224927034318339
Gen 83
0.303030303030303
0.261827843653931
0.273939393939394
0.26837417654809
0.265700483091788
0.239297321036451
Gen 84
0.303030303030303
0.273358303532217
0.287272727272727
0.272727272727273
0.272727272727273
0.260705941401593
Gen 85
0.303030303030303
0.287142857142857
0.303030303030303
0.303030303030303
0.287792207792208
0.254718614718615
Gen 86
0.303030303030303
0.297601982558505
0.303030303030303
0.303030303030303
0.303030303030303
0.281317021143108
Gen 87
0.303030303030303
0.294978354978355
0.303030303030303
0.303030303030303
0.303030303030303
0.270822510822511
Gen 88
0.303030303030303
0.29955028546333
0.303030303030303
0.303030303030303
0.303030303030303
0.289110232762407
Gen 89
0.303030303030303
0.287655436351089
0.303030303030303
0.303030303030303
0.303030303030303
0.241530836313445
Gen 90
0.303030303030303
0.291832988267771
0.303030303030303
0.303030303030303
0.303030303030303
0.258241043980174
Gen 91
0.303030303030303
0.29093594328377
0.303030303030303
0.303030303030303
0.303030303030303
0.254652864044168
Gen 92
0.303030303030303
0.291654432523998
0.303030303030303
0.303030303030303
0.303030303030303
0.257526821005082
Gen 93
0.303030303030303
0.294831670744715
0.303030303030303
0.303030303030303
0.303030303030303
0.270235773887948
Gen 94
0.303030303030303
0.298008658008659
0.303030303030303
0.303030303030303
0.303030303030303
0.282943722943723
Gen 95
0.303030303030303
0.297197691197692
0.303030303030303
0.303030303030303
0.303030303030303
0.279699855699856
Gen 96
0.303030303030303
0.302292490118578
0.303030303030303
0.303030303030303
0.303030303030303
0.300079051383399
Gen 97
0.303030303030303
0.297575757575758
0.303030303030303
0.303030303030303
0.303030303030303
0.281212121212121
Gen 98
0.303030303030303
0.293278750235273
0.303030303030303
0.303030303030303
0.303030303030303
0.264024091850179
Gen 99
0.303030303030303
0.293350900307423
0.303030303030303
0.303030303030303
0.303030303030303
0.264312692138779
Gen 100
0.303030303030303
0.282925152142544
0.303030303030303
0.303030303030303
0.303030303030303
0.222609699479265
Gen 101
0.303030303030303
0.27987012987013
0.303030303030303
0.303030303030303
0.303030303030303
0.21038961038961
Gen 102
0.306280193236715
0.29216048685614
0.303290294246816
0.303030303030303
0.303030303030303
0.259291047117134
Gen 103
0.306280193236715
0.298340673818935
0.305500219587176
0.303030303030303
0.303030303030303
0.281801869627957
Gen 104
0.306280193236715
0.29521287408244
0.306280193236715
0.306280193236715
0.306280193236715
0.262010916619612
Gen 105
0.306280193236715
0.297323044105653
0.306280193236715
0.306280193236715
0.306280193236715
0.270451596712466
Gen 106
0.306280193236715
0.301607503607504
0.306280193236715
0.306280193236715
0.306280193236715
0.287589434719869
Gen 107
0.306280193236715
0.298273668360625
0.306280193236715
0.306280193236715
0.306280193236715
0.274254093732354
Gen 108
0.306280193236715
0.294953635736245
0.306280193236715
0.306280193236715
0.306280193236715
0.260973963234833
Gen 109
0.307359307359307
0.295414141414142
0.306366522366522
0.306280193236715
0.306280193236715
0.262729656816613
Gen 110
0.307359307359307
0.296854382332644
0.307143484534789
0.306280193236715
0.306280193236715
0.267713658322354
Gen 111
0.307359307359307
0.297814417466591
0.307359307359308
0.307359307359308
0.307359307359308
0.269179747788443
Gen 112
0.307359307359307
0.29609824957651
0.307359307359308
0.307359307359308
0.307359307359308
0.26231507622812
Gen 113
0.307359307359307
0.296111424807077
0.307359307359308
0.307359307359308
0.307359307359308
0.262367777150386
Gen 114
0.307359307359307
0.299862977602108
0.307359307359308
0.307359307359308
0.307359307359308
0.27737398833051
Gen 115
0.307359307359307
0.298579584666541
0.307359307359308
0.307359307359308
0.307359307359308
0.272240416588243
Gen 116
0.307359307359307
0.303770625509755
0.307359307359308
0.307359307359308
0.307359307359308
0.293004579961102
Gen 117
0.307359307359307
0.303337725076855
0.307359307359308
0.307359307359308
0.307359307359308
0.2912729782295
Gen 118
0.307359307359307
0.300329506242549
0.307359307359308
0.307359307359308
0.307359307359308
0.279240102892277
Gen 119
0.307359307359307
0.297748917748917
0.307359307359308
0.307359307359308
0.307359307359308
0.268917748917749
Gen 120
0.307359307359307
0.300352594265637
0.307359307359308
0.307359307359308
0.307359307359308
0.279332454984629
Gen 121
0.307359307359307
0.300872827655436
0.307359307359308
0.307359307359308
0.307359307359308
0.281413388543823
Gen 122
0.307359307359307
0.302441809398331
0.307359307359308
0.307359307359308
0.307359307359308
0.287689315515403
Gen 123
0.307359307359307
0.298870694522868
0.307359307359308
0.307359307359308
0.307359307359308
0.273404856013552
Gen 124
0.307359307359307
0.292628521237216
0.307359307359308
0.307359307359308
0.307359307359308
0.248436162870946
Gen 125
0.307359307359307
0.301027417027417
0.307359307359308
0.307359307359308
0.307359307359308
0.282031746031746
Gen 126
0.307359307359307
0.299047619047619
0.307359307359308
0.307359307359308
0.307359307359308
0.274112554112554
Gen 127
0.307359307359307
0.299113997113997
0.307359307359308
0.307359307359308
0.307359307359308
0.274378066378066
Gen 128
0.307359307359307
0.298943095551791
0.307359307359308
0.307359307359308
0.307359307359308
0.273694460129243
Gen 129
0.307359307359307
0.299610389610389
0.307359307359308
0.307359307359308
0.307359307359308
0.276363636363636
Gen 130
0.307359307359307
0.302855260681347
0.307359307359308
0.307359307359308
0.307359307359308
0.289343120647469
Gen 131
0.307359307359307
0.301904761904761
0.307359307359308
0.307359307359308
0.307359307359308
0.285541125541126
Gen 132
0.307359307359307
0.293188656753874
0.307359307359308
0.307359307359308
0.307359307359308
0.250676704937574
Gen 133
0.307359307359307
0.299963485789572
0.307359307359308
0.307359307359308
0.307359307359308
0.277776021080369
Gen 134
0.307359307359307
0.301433214128866
0.307359307359308
0.307359307359308
0.307359307359308
0.283654934437543
Gen 135
0.307359307359307
0.296277181755442
0.307359307359308
0.307359307359308
0.307359307359308
0.263030804943848
Gen 136
0.307359307359307
0.299036827906393
0.307359307359308
0.307359307359308
0.307359307359308
0.27406938954765
Gen 137
0.307359307359307
0.305184014053579
0.307359307359308
0.307359307359308
0.307359307359308
0.298658134136395
Gen 138
0.307359307359307
0.296093857832988
0.307359307359308
0.307359307359308
0.307359307359308
0.262297509254031
Gen 139
0.307359307359307
0.297248509944162
0.307359307359308
0.307359307359308
0.307359307359308
0.266916117698726
Gen 140
0.307359307359307
0.293488926532404
0.307359307359308
0.307359307359308
0.307359307359308
0.251877784051697
Gen 141
0.307359307359307
0.291370600414078
0.307359307359308
0.307359307359308
0.307359307359308
0.243404479578393
Gen 142
0.307359307359307
0.297780036388732
0.307359307359308
0.307359307359308
0.307359307359308
0.269042223477006
Gen 143
0.307359307359307
0.300208921513269
0.307359307359308
0.307359307359308
0.307359307359308
0.278757763975155
Gen 144
0.307359307359307
0.299227555053642
0.307359307359308
0.307359307359308
0.307359307359308
0.274832298136646
Gen 145
0.307359307359307
0.306666666666666
0.307359307359308
0.307359307359308
0.307359307359308
0.304588744588745
Gen 146
0.307359307359307
0.305948302904824
0.307359307359308
0.307359307359308
0.307359307359308
0.301715289541377
Gen 147
0.307359307359307
0.299377125290168
0.307359307359308
0.307359307359308
0.307359307359308
0.275430579082753
Gen 148
0.307359307359307
0.295097433966999
0.307359307359308
0.307359307359308
0.307359307359308
0.258311813790075
Gen 149
0.307359307359307
0.302716481586046
0.307359307359308
0.307359307359308
0.307359307359308
0.288788004266265
Gen 150
0.307359307359307
0.30264558629776
0.307359307359308
0.307359307359308
0.307359307359308
0.288504423113119
Gen 151
0.307359307359307
0.298225108225108
0.307359307359308
0.307359307359308
0.307359307359308
0.270822510822511
Gen 152
0.307359307359307
0.301594579333709
0.307359307359308
0.307359307359308
0.307359307359308
0.284300395256917
Gen 153
0.307359307359307
0.306320346320346
0.307359307359308
0.307359307359308
0.307359307359308
0.303203463203463
Gen 154
0.307359307359307
0.294638810464897
0.307359307359308
0.307359307359308
0.307359307359308
0.256477319781668
Gen 155
0.307359307359307
0.3008658008658
0.307359307359308
0.307359307359308
0.307359307359308
0.281385281385281
Gen 156
0.307359307359307
0.302872827655436
0.307359307359308
0.307359307359308
0.307359307359308
0.289413388543823
Gen 157
0.307359307359307
0.298223226049313
0.307359307359308
0.307359307359308
0.307359307359308
0.27081498211933
Gen 158
0.307359307359307
0.292424242424242
0.307359307359308
0.307359307359308
0.307359307359308
0.247619047619048
Gen 159
0.307359307359307
0.298528138528138
0.307359307359308
0.307359307359308
0.307359307359308
0.272034632034632
Gen 160
0.307359307359307
0.300254470167513
0.307359307359308
0.307359307359308
0.307359307359308
0.278939958592133
Gen 161
0.307359307359307
0.30643942530899
0.307359307359308
0.307359307359308
0.307359307359308
0.30367977915804
Gen 162
0.307359307359307
0.302889641759207
0.307359307359308
0.307359307359308
0.307359307359308
0.289480644958906
Gen 163
0.307359307359307
0.298793399836878
0.307359307359308
0.307359307359308
0.307359307359308
0.27309567726959
Gen 164
0.307359307359307
0.299008720747851
0.307359307359308
0.307359307359308
0.307359307359308
0.273956960913483
Gen 165
0.307359307359307
0.303290545203588
0.307359307359308
0.307359307359308
0.307359307359308
0.291084258736433
Gen 166
0.307359307359307
0.301212121212121
0.307359307359308
0.307359307359308
0.307359307359308
0.282770562770563
Gen 167
0.307359307359307
0.300855009724575
0.307359307359308
0.307359307359308
0.307359307359308
0.281342116820378
Gen 168
0.307359307359307
0.297261936131501
0.307359307359308
0.307359307359308
0.307359307359308
0.266969822448083
Gen 169
0.307359307359307
0.297757575757575
0.307359307359308
0.307359307359308
0.307359307359308
0.268952380952381
Gen 170
0.307359307359307
0.291277119016249
0.307359307359308
0.307359307359308
0.307359307359308
0.243030553987076
Gen 171
0.307359307359307
0.303744651483781
0.307359307359308
0.307359307359308
0.307359307359308
0.292900683857206
Gen 172
0.307359307359307
0.303195432586736
0.307359307359308
0.307359307359308
0.307359307359308
0.290703808269026
Gen 173
0.307359307359307
0.295064935064935
0.307359307359308
0.307359307359308
0.307359307359308
0.258181818181818
Gen 174
0.307359307359307
0.286515339732731
0.307359307359308
0.307359307359308
0.307359307359308
0.223983436853002
Gen 175
0.307359307359307
0.298528138528138
0.307359307359308
0.307359307359308
0.307359307359308
0.272034632034632
Gen 176
0.307359307359307
0.298155342242298
0.307359307359308
0.307359307359308
0.307359307359308
0.270543446891273
Gen 177
0.307359307359307
0.304891774891774
0.307359307359308
0.307359307359308
0.307359307359308
0.297489177489178
Gen 178
0.307359307359307
0.306450216450216
0.307359307359308
0.307359307359308
0.307359307359308
0.303722943722944
Gen 179
0.307359307359307
0.298181818181818
0.307359307359308
0.307359307359308
0.307359307359308
0.270649350649351
