Gen 1
0.0909090909090909
0.00698149193801368
0.0279259677520547
0
0
0
Gen 2
0.0909090909090909
0.0285179747788443
0.0733456302151954
0.0407262689001819
0
0
Gen 3
0.0909090909090909
0.0756752619361315
0.0909090909090909
0.0909090909090909
0.072892904197252
0.0479899617290922
Gen 4
0.0909090909090909
0.0893939393939394
0.0909090909090909
0.0909090909090909
0.0909090909090909
0.0848484848484848
Gen 5
0.0909090909090909
0.0897625948930297
0.0909090909090909
0.0909090909090909
0.0909090909090909
0.0863231068448459
Gen 6
0.0909090909090909
0.0881385281385282
0.0909090909090909
0.0909090909090909
0.0909090909090909
0.0798268398268398
Gen 7
0.0909090909090909
0.0881818181818182
0.0909090909090909
0.0909090909090909
0.0909090909090909
0.08
Gen 8
0.0909090909090909
0.09
0.0909090909090909
0.0909090909090909
0.0909090909090909
0.0872727272727273
Gen 9
0.116883116883117
0.0911688311688312
0.0919480519480519
0.0909090909090909
0.0909090909090909
0.0909090909090909
Gen 10
0.116883116883117
0.0923637618420228
0.101298701298701
0.0909090909090909
0.0909090909090909
0.0863381642512077
Gen 11
0.125541125541126
0.104069264069264
0.117229437229437
0.116883116883117
0.103376623376623
0.0787878787878788
Gen 12
0.125541125541126
0.116363636363636
0.11965367965368
0.116883116883117
0.116883116883117
0.112034632034632
Gen 13
0.125541125541126
0.116363636363636
0.125541125541126
0.125541125541126
0.116883116883117
0.0974891774891775
Gen 14
0.125541125541126
0.124112554112554
0.125541125541126
0.125541125541126
0.125541125541126
0.11982683982684
Gen 15
0.125541125541126
0.123939393939394
0.125541125541126
0.125541125541126
0.125541125541126
0.119134199134199
Gen 16
0.125541125541126
0.123246753246753
0.125541125541126
0.125541125541126
0.125541125541126
0.116363636363636
Gen 17
0.125541125541126
0.123852813852814
0.125541125541126
0.125541125541126
0.125541125541126
0.118787878787879
Gen 18
0.125541125541126
0.120865800865801
0.125541125541126
0.125541125541126
0.125541125541126
0.106839826839827
Gen 19
0.125541125541126
0.123419913419914
0.125541125541126
0.125541125541126
0.125541125541126
0.117056277056277
Gen 20
0.125541125541126
0.120649350649351
0.125541125541126
0.125541125541126
0.125541125541126
0.105974025974026
Gen 21
0.125541125541126
0.121038961038961
0.125541125541126
0.125541125541126
0.125541125541126
0.107532467532468
Gen 22
0.125541125541126
0.121428571428572
0.125541125541126
0.125541125541126
0.125541125541126
0.109090909090909
Gen 23
0.125541125541126
0.124891774891775
0.125541125541126
0.125541125541126
0.125541125541126
0.122943722943723
Gen 24
0.125541125541126
0.118225108225108
0.125541125541126
0.125541125541126
0.125541125541126
0.0962770562770563
Gen 25
0.125541125541126
0.125194805194805
0.125541125541126
0.125541125541126
0.125541125541126
0.124155844155844
Gen 26
0.125541125541126
0.124285714285714
0.125541125541126
0.125541125541126
0.125541125541126
0.120519480519481
Gen 27
0.125541125541126
0.123419913419914
0.125541125541126
0.125541125541126
0.125541125541126
0.117056277056277
Gen 28
0.125541125541126
0.122380952380952
0.125541125541126
0.125541125541126
0.125541125541126
0.112900432900433
Gen 29
0.125541125541126
0.121428571428572
0.125541125541126
0.125541125541126
0.125541125541126
0.109090909090909
Gen 30
0.125541125541126
0.123030303030303
0.125541125541126
0.125541125541126
0.125541125541126
0.115497835497836
Gen 31
0.125541125541126
0.121341991341991
0.125541125541126
0.125541125541126
0.125541125541126
0.108744588744589
Gen 32
0.125541125541126
0.121082251082251
0.125541125541126
0.125541125541126
0.125541125541126
0.107705627705628
Gen 33
0.125541125541126
0.125454545454546
0.125541125541126
0.125541125541126
0.125541125541126
0.125194805194805
Gen 34
0.125541125541126
0.124199134199134
0.125541125541126
0.125541125541126
0.125541125541126
0.12017316017316
Gen 35
0.125541125541126
0.123030303030303
0.125541125541126
0.125541125541126
0.125541125541126
0.115497835497836
Gen 36
0.125541125541126
0.124632034632035
0.125541125541126
0.125541125541126
0.125541125541126
0.121904761904762
Gen 37
0.125541125541126
0.125281385281385
0.125541125541126
0.125541125541126
0.125541125541126
0.124502164502165
Gen 38
0.125541125541126
0.123073593073593
0.125541125541126
0.125541125541126
0.125541125541126
0.115670995670996
Gen 39
0.125541125541126
0.125541125541126
0.125541125541126
0.125541125541126
0.125541125541126
0.125541125541126
Gen 40
0.125541125541126
0.122640692640693
0.125541125541126
0.125541125541126
0.125541125541126
0.113939393939394
Gen 41
0.125541125541126
0.123030303030303
0.125541125541126
0.125541125541126
0.125541125541126
0.115497835497836
Gen 42
0.125541125541126
0.122554112554113
0.125541125541126
0.125541125541126
0.125541125541126
0.113593073593074
Gen 43
0.125541125541126
0.121038961038961
0.125541125541126
0.125541125541126
0.125541125541126
0.107532467532468
Gen 44
0.125541125541126
0.122164502164502
0.125541125541126
0.125541125541126
0.125541125541126
0.112034632034632
Gen 45
0.125541125541126
0.124242424242424
0.125541125541126
0.125541125541126
0.125541125541126
0.12034632034632
Gen 46
0.125541125541126
0.123073593073593
0.125541125541126
0.125541125541126
0.125541125541126
0.115670995670996
Gen 47
0.125541125541126
0.121125541125541
0.125541125541126
0.125541125541126
0.125541125541126
0.107878787878788
Gen 48
0.125541125541126
0.123030303030303
0.125541125541126
0.125541125541126
0.125541125541126
0.115497835497836
Gen 49
0.125541125541126
0.124675324675325
0.125541125541126
0.125541125541126
0.125541125541126
0.122077922077922
Gen 50
0.125541125541126
0.118961038961039
0.125541125541126
0.125541125541126
0.125541125541126
0.0992207792207792
Gen 51
0.125541125541126
0.121645021645022
0.125541125541126
0.125541125541126
0.125541125541126
0.10995670995671
Gen 52
0.125541125541126
0.124242424242424
0.125541125541126
0.125541125541126
0.125541125541126
0.12034632034632
Gen 53
0.125541125541126
0.124372294372294
0.125541125541126
0.125541125541126
0.125541125541126
0.120865800865801
Gen 54
0.125541125541126
0.123030303030303
0.125541125541126
0.125541125541126
0.125541125541126
0.115497835497836
Gen 55
0.125541125541126
0.124199134199134
0.125541125541126
0.125541125541126
0.125541125541126
0.12017316017316
Gen 56
0.125541125541126
0.123679653679654
0.125541125541126
0.125541125541126
0.125541125541126
0.118095238095238
Gen 57
0.125541125541126
0.125281385281385
0.125541125541126
0.125541125541126
0.125541125541126
0.124502164502165
Gen 58
0.125541125541126
0.121298701298701
0.125541125541126
0.125541125541126
0.125541125541126
0.108571428571429
Gen 59
0.125541125541126
0.123030303030303
0.125541125541126
0.125541125541126
0.125541125541126
0.115497835497836
Gen 60
0.125541125541126
0.122770562770563
0.125541125541126
0.125541125541126
0.125541125541126
0.114458874458874
Gen 61
0.125541125541126
0.124891774891775
0.125541125541126
0.125541125541126
0.125541125541126
0.122943722943723
Gen 62
0.125541125541126
0.125541125541126
0.125541125541126
0.125541125541126
0.125541125541126
0.125541125541126
Gen 63
0.125541125541126
0.125454545454546
0.125541125541126
0.125541125541126
0.125541125541126
0.125194805194805
Gen 64
0.125541125541126
0.123030303030303
0.125541125541126
0.125541125541126
0.125541125541126
0.115497835497836
Gen 65
0.125541125541126
0.120519480519481
0.125541125541126
0.125541125541126
0.125541125541126
0.105454545454545
Gen 66
0.125541125541126
0.124285714285714
0.125541125541126
0.125541125541126
0.125541125541126
0.120519480519481
Gen 67
0.125541125541126
0.125108225108225
0.125541125541126
0.125541125541126
0.125541125541126
0.123809523809524
Gen 68
0.125541125541126
0.123896103896104
0.125541125541126
0.125541125541126
0.125541125541126
0.118961038961039
Gen 69
0.125541125541126
0.124675324675325
0.125541125541126
0.125541125541126
0.125541125541126
0.122077922077922
Gen 70
0.125541125541126
0.122683982683983
0.125541125541126
0.125541125541126
0.125541125541126
0.114112554112554
Gen 71
0.125541125541126
0.124588744588745
0.125541125541126
0.125541125541126
0.125541125541126
0.121731601731602
Gen 72
0.125541125541126
0.125541125541126
0.125541125541126
0.125541125541126
0.125541125541126
0.125541125541126
Gen 73
0.125541125541126
0.125281385281385
0.125541125541126
0.125541125541126
0.125541125541126
0.124502164502165
Gen 74
0.125541125541126
0.124285714285714
0.125541125541126
0.125541125541126
0.125541125541126
0.120519480519481
Gen 75
0.125541125541126
0.123030303030303
0.125541125541126
0.125541125541126
0.125541125541126
0.115497835497836
Gen 76
0.125541125541126
0.120822510822511
0.125541125541126
0.125541125541126
0.125541125541126
0.106666666666667
Gen 77
0.125541125541126
0.125541125541126
0.125541125541126
0.125541125541126
0.125541125541126
0.125541125541126
Gen 78
0.125541125541126
0.124805194805195
0.125541125541126
0.125541125541126
0.125541125541126
0.122597402597403
Gen 79
0.125541125541126
0.125281385281385
0.125541125541126
0.125541125541126
0.125541125541126
0.124502164502165
Gen 80
0.125541125541126
0.122987012987013
0.125541125541126
0.125541125541126
0.125541125541126
0.115324675324675
Gen 81
0.125541125541126
0.121645021645022
0.125541125541126
0.125541125541126
0.125541125541126
0.10995670995671
Gen 82
0.125541125541126
0.125194805194805
0.125541125541126
0.125541125541126
0.125541125541126
0.124155844155844
Gen 83
0.125541125541126
0.122164502164502
0.125541125541126
0.125541125541126
0.125541125541126
0.112034632034632
Gen 84
0.125541125541126
0.121688311688312
0.125541125541126
0.125541125541126
0.125541125541126
0.11012987012987
Gen 85
0.125541125541126
0.123722943722944
0.125541125541126
0.125541125541126
0.125541125541126
0.118268398268398
Gen 86
0.125541125541126
0.122207792207792
0.125541125541126
0.125541125541126
0.125541125541126
0.112207792207792
Gen 87
0.125541125541126
0.123982683982684
0.125541125541126
0.125541125541126
0.125541125541126
0.119307359307359
Gen 88
0.125541125541126
0.123896103896104
0.125541125541126
0.125541125541126
0.125541125541126
0.118961038961039
Gen 89
0.125541125541126
0.125367965367965
0.125541125541126
0.125541125541126
0.125541125541126
0.124848484848485
Gen 90
0.125541125541126
0.124285714285714
0.125541125541126
0.125541125541126
0.125541125541126
0.120519480519481
Gen 91
0.125541125541126
0.124761904761905
0.125541125541126
0.125541125541126
0.125541125541126
0.122424242424242
Gen 92
0.125541125541126
0.123030303030303
0.125541125541126
0.125541125541126
0.125541125541126
0.115497835497836
Gen 93
0.125541125541126
0.122987012987013
0.125541125541126
0.125541125541126
0.125541125541126
0.115324675324675
Gen 94
0.125541125541126
0.124285714285714
0.125541125541126
0.125541125541126
0.125541125541126
0.120519480519481
Gen 95
0.125541125541126
0.122121212121212
0.125541125541126
0.125541125541126
0.125541125541126
0.111861471861472
Gen 96
0.125541125541126
0.123030303030303
0.125541125541126
0.125541125541126
0.125541125541126
0.115497835497836
Gen 97
0.125541125541126
0.125238095238095
0.125541125541126
0.125541125541126
0.125541125541126
0.124329004329004
Gen 98
0.125541125541126
0.125367965367965
0.125541125541126
0.125541125541126
0.125541125541126
0.124848484848485
Gen 99
0.125541125541126
0.124285714285714
0.125541125541126
0.125541125541126
0.125541125541126
0.120519480519481
Gen 100
0.125541125541126
0.123073593073593
0.125541125541126
0.125541125541126
0.125541125541126
0.115670995670996
Gen 101
0.125541125541126
0.122121212121212
0.125541125541126
0.125541125541126
0.125541125541126
0.111861471861472
Gen 102
0.125541125541126
0.124285714285714
0.125541125541126
0.125541125541126
0.125541125541126
0.120519480519481
Gen 103
0.125541125541126
0.121038961038961
0.125541125541126
0.125541125541126
0.125541125541126
0.107532467532468
Gen 104
0.125541125541126
0.123679653679654
0.125541125541126
0.125541125541126
0.125541125541126
0.118095238095238
Gen 105
0.125541125541126
0.124025974025974
0.125541125541126
0.125541125541126
0.125541125541126
0.11948051948052
Gen 106
0.125541125541126
0.125194805194805
0.125541125541126
0.125541125541126
0.125541125541126
0.124155844155844
Gen 107
0.125541125541126
0.124675324675325
0.125541125541126
0.125541125541126
0.125541125541126
0.122077922077922
Gen 108
0.125541125541126
0.121471861471862
0.125541125541126
0.125541125541126
0.125541125541126
0.109264069264069
Gen 109
0.125541125541126
0.123766233766234
0.125541125541126
0.125541125541126
0.125541125541126
0.118441558441558
Gen 110
0.125541125541126
0.125541125541126
0.125541125541126
0.125541125541126
0.125541125541126
0.125541125541126
Gen 111
0.125541125541126
0.124285714285714
0.125541125541126
0.125541125541126
0.125541125541126
0.120519480519481
Gen 112
0.125541125541126
0.124329004329004
0.125541125541126
0.125541125541126
0.125541125541126
0.120692640692641
Gen 113
0.125541125541126
0.123593073593074
0.125541125541126
0.125541125541126
0.125541125541126
0.117748917748918
Gen 114
0.125541125541126
0.125541125541126
0.125541125541126
0.125541125541126
0.125541125541126
0.125541125541126
Gen 115
0.125541125541126
0.124675324675325
0.125541125541126
0.125541125541126
0.125541125541126
0.122077922077922
Gen 116
0.125541125541126
0.121298701298701
0.125541125541126
0.125541125541126
0.125541125541126
0.108571428571429
Gen 117
0.125541125541126
0.125541125541126
0.125541125541126
0.125541125541126
0.125541125541126
0.125541125541126
Gen 118
0.125541125541126
0.123419913419914
0.125541125541126
0.125541125541126
0.125541125541126
0.117056277056277
Gen 119
0.125541125541126
0.123939393939394
0.125541125541126
0.125541125541126
0.125541125541126
0.119134199134199
Gen 120
0.125541125541126
0.125541125541126
0.125541125541126
0.125541125541126
0.125541125541126
0.125541125541126
Gen 121
0.125541125541126
0.123939393939394
0.125541125541126
0.125541125541126
0.125541125541126
0.119134199134199
Gen 122
0.125541125541126
0.123419913419914
0.125541125541126
0.125541125541126
0.125541125541126
0.117056277056277
Gen 123
0.125541125541126
0.125194805194805
0.125541125541126
0.125541125541126
0.125541125541126
0.124155844155844
Gen 124
0.125541125541126
0.124242424242424
0.125541125541126
0.125541125541126
0.125541125541126
0.12034632034632
Gen 125
0.125541125541126
0.125497835497836
0.125541125541126
0.125541125541126
0.125541125541126
0.125367965367965
Gen 126
0.125541125541126
0.123030303030303
0.125541125541126
0.125541125541126
0.125541125541126
0.115497835497836
Gen 127
0.125541125541126
0.124285714285714
0.125541125541126
0.125541125541126
0.125541125541126
0.120519480519481
Gen 128
0.125541125541126
0.122164502164502
0.125541125541126
0.125541125541126
0.125541125541126
0.112034632034632
Gen 129
0.125541125541126
0.122337662337662
0.125541125541126
0.125541125541126
0.125541125541126
0.112727272727273
Gen 130
0.125541125541126
0.118571428571429
0.125541125541126
0.125541125541126
0.125541125541126
0.0976623376623377
Gen 131
0.125541125541126
0.122727272727273
0.125541125541126
0.125541125541126
0.125541125541126
0.114285714285714
Gen 132
0.125541125541126
0.124372294372294
0.125541125541126
0.125541125541126
0.125541125541126
0.120865800865801
Gen 133
0.125541125541126
0.125541125541126
0.125541125541126
0.125541125541126
0.125541125541126
0.125541125541126
Gen 134
0.125541125541126
0.125281385281385
0.125541125541126
0.125541125541126
0.125541125541126
0.124502164502165
