Gen 1
0.108225108225108
0.00528828659263442
0.0211531463705377
0
0
0
Gen 2
0.108225108225108
0.0375230566534914
0.0924675324675324
0.0453679653679654
0.0122567287784679
0
Gen 3
0.108225108225108
0.065064935064935
0.108225108225108
0.108225108225108
0.0438095238095238
0
Gen 4
0.108225108225108
0.106969696969697
0.108225108225108
0.108225108225108
0.108225108225108
0.103203463203463
Gen 5
0.108225108225108
0.106060606060606
0.108225108225108
0.108225108225108
0.108225108225108
0.0995670995670995
Gen 6
0.108225108225108
0.108225108225108
0.108225108225108
0.108225108225108
0.108225108225108
0.108225108225108
Gen 7
0.108225108225108
0.108051948051948
0.108225108225108
0.108225108225108
0.108225108225108
0.107532467532467
Gen 8
0.108225108225108
0.107593073593073
0.108225108225108
0.108225108225108
0.108225108225108
0.10569696969697
Gen 9
0.112554112554113
0.105627705627705
0.108398268398268
0.108225108225108
0.108225108225108
0.0976623376623377
Gen 10
0.112554112554113
0.102121212121212
0.11030303030303
0.108225108225108
0.108225108225108
0.0817316017316017
Gen 11
0.112554112554113
0.108398268398268
0.112554112554113
0.112554112554113
0.110822510822511
0.0976623376623377
Gen 12
0.112554112554113
0.11025974025974
0.112554112554113
0.112554112554113
0.112554112554113
0.103376623376623
Gen 13
0.112554112554113
0.111428571428572
0.112554112554113
0.112554112554113
0.112554112554113
0.108051948051948
Gen 14
0.112554112554113
0.110203274985884
0.112554112554113
0.112554112554113
0.112554112554113
0.103150762281197
Gen 15
0.112554112554113
0.107259552042161
0.112554112554113
0.112554112554113
0.112554112554113
0.0913758705063053
Gen 16
0.112554112554113
0.112207792207792
0.112554112554113
0.112554112554113
0.112554112554113
0.111168831168831
Gen 17
0.112554112554113
0.110303030303031
0.112554112554113
0.112554112554113
0.112554112554113
0.103549783549784
Gen 18
0.112554112554113
0.110203274985884
0.112554112554113
0.112554112554113
0.112554112554113
0.103150762281197
Gen 19
0.112554112554113
0.11004329004329
0.112554112554113
0.112554112554113
0.112554112554113
0.102510822510823
Gen 20
0.112554112554113
0.10987012987013
0.112554112554113
0.112554112554113
0.112554112554113
0.101818181818182
Gen 21
0.112554112554113
0.111904761904762
0.112554112554113
0.112554112554113
0.112554112554113
0.10995670995671
Gen 22
0.112554112554113
0.109220779220779
0.112554112554113
0.112554112554113
0.112554112554113
0.0992207792207792
Gen 23
0.112554112554113
0.110506305288914
0.112554112554113
0.112554112554113
0.112554112554113
0.104362883493318
Gen 24
0.112554112554113
0.111515151515152
0.112554112554113
0.112554112554113
0.112554112554113
0.108398268398268
Gen 25
0.112554112554113
0.112380952380953
0.112554112554113
0.112554112554113
0.112554112554113
0.111861471861472
Gen 26
0.116883116883117
0.112251082251082
0.112727272727273
0.112554112554113
0.112554112554113
0.111168831168831
Gen 27
0.116883116883117
0.108225108225108
0.113419913419913
0.112554112554113
0.112554112554113
0.0943722943722944
Gen 28
0.116883116883117
0.114718614718615
0.116883116883117
0.116883116883117
0.113246753246753
0.111861471861472
Gen 29
0.116883116883117
0.114458874458874
0.116883116883117
0.116883116883117
0.116883116883117
0.107186147186147
Gen 30
0.116883116883117
0.114199134199134
0.116883116883117
0.116883116883117
0.116883116883117
0.106147186147186
Gen 31
0.116883116883117
0.115281385281385
0.116883116883117
0.116883116883117
0.116883116883117
0.11047619047619
Gen 32
0.116883116883117
0.111532091097308
0.116883116883117
0.116883116883117
0.116883116883117
0.0954790137398833
Gen 33
0.116883116883117
0.116363636363636
0.116883116883117
0.116883116883117
0.116883116883117
0.114805194805195
Gen 34
0.116883116883117
0.115194805194805
0.116883116883117
0.116883116883117
0.116883116883117
0.11012987012987
Gen 35
0.116883116883117
0.112843967626576
0.116883116883117
0.116883116883117
0.116883116883117
0.100726519856955
Gen 36
0.116883116883117
0.115442123094297
0.116883116883117
0.116883116883117
0.116883116883117
0.111119141727837
Gen 37
0.116883116883117
0.114848484848485
0.116883116883117
0.116883116883117
0.116883116883117
0.108744588744589
Gen 38
0.116883116883117
0.115714285714286
0.116883116883117
0.116883116883117
0.116883116883117
0.112207792207792
Gen 39
0.116883116883117
0.116536796536796
0.116883116883117
0.116883116883117
0.116883116883117
0.115497835497836
Gen 40
0.116883116883117
0.115367965367965
0.116883116883117
0.116883116883117
0.116883116883117
0.110822510822511
Gen 41
0.116883116883117
0.116320346320346
0.116883116883117
0.116883116883117
0.116883116883117
0.114632034632035
Gen 42
0.116883116883117
0.114836062488236
0.116883116883117
0.116883116883117
0.116883116883117
0.108694899303595
Gen 43
0.116883116883117
0.115324675324675
0.116883116883117
0.116883116883117
0.116883116883117
0.110649350649351
Gen 44
0.116883116883117
0.115281385281385
0.116883116883117
0.116883116883117
0.116883116883117
0.11047619047619
Gen 45
0.142857142857143
0.114458874458874
0.117922077922078
0.116883116883117
0.116883116883117
0.106147186147186
Gen 46
0.142857142857143
0.117939393939394
0.132467532467533
0.116883116883117
0.116883116883117
0.10552380952381
Gen 47
0.142857142857143
0.133614530397139
0.142857142857143
0.142857142857143
0.141437229437229
0.107306606437041
Gen 48
0.142857142857143
0.137867871259176
0.142857142857143
0.142857142857143
0.142857142857143
0.122900056465274
Gen 49
0.142857142857143
0.138398268398268
0.142857142857143
0.142857142857143
0.142857142857143
0.125021645021645
Gen 50
0.155844155844156
0.138761528326746
0.143376623376623
0.142857142857143
0.142857142857143
0.125955204216074
Gen 51
0.155844155844156
0.13974025974026
0.145974025974026
0.142857142857143
0.142857142857143
0.127272727272727
Gen 52
0.155844155844156
0.148138528138528
0.155844155844156
0.153073593073593
0.142857142857143
0.140779220779221
Gen 53
0.155844155844156
0.155064935064935
0.155844155844156
0.155844155844156
0.155844155844156
0.152727272727273
Gen 54
0.194805194805195
0.153030303030303
0.157575757575758
0.155844155844156
0.155844155844156
0.142857142857143
Gen 55
0.194805194805195
0.156147186147186
0.177316017316017
0.155844155844156
0.155844155844156
0.135584415584416
Gen 56
0.194805194805195
0.178268398268398
0.194805194805195
0.194805194805195
0.180952380952381
0.142510822510823
Gen 57
0.194805194805195
0.19
0.194805194805195
0.194805194805195
0.194805194805195
0.175584415584416
Gen 58
0.194805194805195
0.192857142857143
0.194805194805195
0.194805194805195
0.194805194805195
0.187012987012987
Gen 59
0.264069264069264
0.188917748917749
0.197575757575758
0.194805194805195
0.194805194805195
0.168484848484848
Gen 60
0.264069264069264
0.200952380952381
0.222510822510822
0.194805194805195
0.194805194805195
0.191688311688312
Gen 61
0.264069264069264
0.227445887445887
0.264069264069264
0.264069264069264
0.222164502164502
0.159480519480519
Gen 62
0.264069264069264
0.259307359307359
0.264069264069264
0.264069264069264
0.264069264069264
0.245021645021645
Gen 63
0.264069264069264
0.256926406926407
0.264069264069264
0.264069264069264
0.264069264069264
0.235497835497836
Gen 64
0.264069264069264
0.257619047619047
0.264069264069264
0.264069264069264
0.264069264069264
0.238268398268398
Gen 65
0.264069264069264
0.247554049814919
0.264069264069264
0.264069264069264
0.264069264069264
0.198008407051885
Gen 66
0.264069264069264
0.257748917748917
0.264069264069264
0.264069264069264
0.264069264069264
0.238787878787879
Gen 67
0.264069264069264
0.259567099567099
0.264069264069264
0.264069264069264
0.264069264069264
0.246060606060606
Gen 68
0.264069264069264
0.258787878787878
0.264069264069264
0.264069264069264
0.264069264069264
0.242943722943723
Gen 69
0.264069264069264
0.261428571428571
0.264069264069264
0.264069264069264
0.264069264069264
0.253506493506494
Gen 70
0.264069264069264
0.256753246753246
0.264069264069264
0.264069264069264
0.264069264069264
0.234805194805195
Gen 71
0.264069264069264
0.254978354978355
0.264069264069264
0.264069264069264
0.264069264069264
0.227705627705628
Gen 72
0.264069264069264
0.256147186147186
0.264069264069264
0.264069264069264
0.264069264069264
0.232380952380952
Gen 73
0.264069264069264
0.252424242424242
0.264069264069264
0.264069264069264
0.264069264069264
0.217489177489177
Gen 74
0.264069264069264
0.254329004329004
0.264069264069264
0.264069264069264
0.264069264069264
0.225108225108225
Gen 75
0.264069264069264
0.258051948051948
0.264069264069264
0.264069264069264
0.264069264069264
0.24
Gen 76
0.264069264069264
0.247922077922078
0.264069264069264
0.264069264069264
0.264069264069264
0.199480519480519
Gen 77
0.264069264069264
0.258126858648597
0.264069264069264
0.264069264069264
0.264069264069264
0.240299642386599
Gen 78
0.272727272727273
0.254856139030052
0.264761904761905
0.264069264069264
0.264069264069264
0.226524123219775
Gen 79
0.272727272727273
0.259771880293619
0.272727272727273
0.265454545454546
0.264069264069264
0.236836438923395
Gen 80
0.272727272727273
0.271688311688312
0.272727272727273
0.272727272727273
0.272727272727273
0.268571428571429
Gen 81
0.272727272727273
0.260909090909091
0.272727272727273
0.272727272727273
0.272727272727273
0.225454545454545
Gen 82
0.272727272727273
0.269090909090909
0.272727272727273
0.272727272727273
0.272727272727273
0.258181818181818
Gen 83
0.272727272727273
0.26472463768116
0.272727272727273
0.272727272727273
0.272727272727273
0.240716732542819
Gen 84
0.272727272727273
0.263852813852814
0.272727272727273
0.272727272727273
0.272727272727273
0.237229437229437
Gen 85
0.272727272727273
0.256534788882615
0.272727272727273
0.272727272727273
0.272727272727273
0.207957337348642
Gen 86
0.272727272727273
0.25926406926407
0.272727272727273
0.272727272727273
0.272727272727273
0.218874458874459
Gen 87
0.272727272727273
0.261904761904762
0.272727272727273
0.272727272727273
0.272727272727273
0.229437229437229
Gen 88
0.272727272727273
0.263549783549784
0.272727272727273
0.272727272727273
0.272727272727273
0.236017316017316
Gen 89
0.272727272727273
0.265324675324676
0.272727272727273
0.272727272727273
0.272727272727273
0.243116883116883
Gen 90
0.272727272727273
0.266623376623377
0.272727272727273
0.272727272727273
0.272727272727273
0.248311688311688
Gen 91
0.272727272727273
0.260763535980928
0.272727272727273
0.272727272727273
0.272727272727273
0.224872325741891
Gen 92
0.272727272727273
0.265670995670996
0.272727272727273
0.272727272727273
0.272727272727273
0.244502164502164
Gen 93
0.272727272727273
0.264675324675325
0.272727272727273
0.272727272727273
0.272727272727273
0.24051948051948
Gen 94
0.272727272727273
0.261580023840894
0.272727272727273
0.272727272727273
0.272727272727273
0.228138277181755
Gen 95
0.272727272727273
0.267272727272728
0.272727272727273
0.272727272727273
0.272727272727273
0.250909090909091
Gen 96
0.272727272727273
0.270698663655186
0.272727272727273
0.272727272727273
0.272727272727273
0.264612836438923
Gen 97
0.272727272727273
0.268181818181819
0.272727272727273
0.272727272727273
0.272727272727273
0.254545454545454
Gen 98
0.272727272727273
0.261038961038961
0.272727272727273
0.272727272727273
0.272727272727273
0.225974025974026
Gen 99
0.272727272727273
0.263679653679654
0.272727272727273
0.272727272727273
0.272727272727273
0.236536796536796
Gen 100
0.272727272727273
0.261082251082251
0.272727272727273
0.272727272727273
0.272727272727273
0.226147186147186
Gen 101
0.272727272727273
0.262251082251083
0.272727272727273
0.272727272727273
0.272727272727273
0.230822510822511
Gen 102
0.272727272727273
0.27
0.272727272727273
0.272727272727273
0.272727272727273
0.261818181818182
Gen 103
0.272727272727273
0.255670995670996
0.272727272727273
0.272727272727273
0.272727272727273
0.204502164502164
Gen 104
0.272727272727273
0.270129870129871
0.272727272727273
0.272727272727273
0.272727272727273
0.262337662337662
Gen 105
0.272727272727273
0.262343685300207
0.272727272727273
0.272727272727273
0.272727272727273
0.23119292301901
Gen 106
0.272727272727273
0.270735930735931
0.272727272727273
0.272727272727273
0.272727272727273
0.264761904761905
Gen 107
0.272727272727273
0.262337662337663
0.272727272727273
0.272727272727273
0.272727272727273
0.231168831168831
Gen 108
0.272727272727273
0.264069264069264
0.272727272727273
0.272727272727273
0.272727272727273
0.238095238095238
Gen 109
0.272727272727273
0.265887445887446
0.272727272727273
0.272727272727273
0.272727272727273
0.245367965367965
Gen 110
0.272727272727273
0.263593073593074
0.272727272727273
0.272727272727273
0.272727272727273
0.236190476190476
Gen 111
0.281385281385281
0.259314637053768
0.273073593073593
0.272727272727273
0.272727272727273
0.218730409686931
Gen 112
0.281385281385281
0.271168831168832
0.275151515151515
0.272727272727273
0.272727272727273
0.264069264069264
Gen 113
0.281385281385281
0.272301650040781
0.281385281385281
0.281385281385281
0.272727272727273
0.253708764665286
Gen 114
0.281385281385281
0.267575757575757
0.281385281385281
0.281385281385281
0.281385281385281
0.226147186147186
Gen 115
0.281385281385281
0.274155844155844
0.281385281385281
0.281385281385281
0.281385281385281
0.252467532467533
Gen 116
0.281385281385281
0.275021645021644
0.281385281385281
0.281385281385281
0.281385281385281
0.255930735930736
Gen 117
0.281385281385281
0.272943722943722
0.281385281385281
0.281385281385281
0.281385281385281
0.247619047619048
Gen 118
0.281385281385281
0.281385281385281
0.281385281385281
0.281385281385281
0.281385281385281
0.281385281385281
Gen 119
0.281385281385281
0.273037580776711
0.281385281385281
0.281385281385281
0.281385281385281
0.247994478951001
Gen 120
0.29004329004329
0.276298638559508
0.281731601731602
0.281385281385281
0.281385281385281
0.260692389735868
Gen 121
0.29004329004329
0.268528138528138
0.285887445887446
0.281385281385281
0.281385281385281
0.225454545454545
Gen 122
0.29004329004329
0.285627705627705
0.29004329004329
0.29004329004329
0.29004329004329
0.272380952380953
Gen 123
0.29004329004329
0.278547838634795
0.29004329004329
0.29004329004329
0.29004329004329
0.24406148440931
Gen 124
0.29004329004329
0.281904761904762
0.29004329004329
0.29004329004329
0.29004329004329
0.257489177489177
Gen 125
0.29004329004329
0.278787878787878
0.29004329004329
0.29004329004329
0.29004329004329
0.245021645021645
Gen 126
0.29004329004329
0.282510822510822
0.29004329004329
0.29004329004329
0.29004329004329
0.25991341991342
Gen 127
0.29004329004329
0.277965367965368
0.29004329004329
0.29004329004329
0.29004329004329
0.241731601731602
Gen 128
0.29004329004329
0.283593073593073
0.29004329004329
0.29004329004329
0.29004329004329
0.264242424242424
Gen 129
0.29004329004329
0.270950373298199
0.29004329004329
0.29004329004329
0.29004329004329
0.213671623062927
Gen 130
0.29004329004329
0.29004329004329
0.29004329004329
0.29004329004329
0.29004329004329
0.29004329004329
Gen 131
0.29004329004329
0.285714285714285
0.29004329004329
0.29004329004329
0.29004329004329
0.272727272727273
Gen 132
0.29004329004329
0.266370914110044
0.29004329004329
0.29004329004329
0.29004329004329
0.195353786310308
Gen 133
0.29004329004329
0.285497835497835
0.29004329004329
0.29004329004329
0.29004329004329
0.271861471861472
Gen 134
0.29004329004329
0.28047619047619
0.29004329004329
0.29004329004329
0.29004329004329
0.251774891774892
Gen 135
0.29004329004329
0.282424242424242
0.29004329004329
0.29004329004329
0.29004329004329
0.259567099567099
Gen 136
0.29004329004329
0.281275111362068
0.29004329004329
0.29004329004329
0.29004329004329
0.254970575318401
Gen 137
0.29004329004329
0.279480519480519
0.29004329004329
0.29004329004329
0.29004329004329
0.247792207792208
Gen 138
0.29004329004329
0.29004329004329
0.29004329004329
0.29004329004329
0.29004329004329
0.29004329004329
Gen 139
0.29004329004329
0.284242424242424
0.29004329004329
0.29004329004329
0.29004329004329
0.266839826839827
Gen 140
0.29004329004329
0.277323295062425
0.29004329004329
0.29004329004329
0.29004329004329
0.239163310119832
Gen 141
0.29004329004329
0.283982683982684
0.29004329004329
0.29004329004329
0.29004329004329
0.265800865800866
Gen 142
0.29004329004329
0.28155643390426
0.29004329004329
0.29004329004329
0.29004329004329
0.25609586548717
Gen 143
0.29004329004329
0.282170525127047
0.29004329004329
0.29004329004329
0.29004329004329
0.258552230378317
Gen 144
0.29004329004329
0.28047619047619
0.29004329004329
0.29004329004329
0.29004329004329
0.251774891774892
Gen 145
0.29004329004329
0.285541125541125
0.29004329004329
0.29004329004329
0.29004329004329
0.272034632034632
Gen 146
0.29004329004329
0.281341991341991
0.29004329004329
0.29004329004329
0.29004329004329
0.255238095238095
Gen 147
0.29004329004329
0.28051948051948
0.29004329004329
0.29004329004329
0.29004329004329
0.251948051948052
Gen 148
0.29004329004329
0.284458874458874
0.29004329004329
0.29004329004329
0.29004329004329
0.267705627705628
Gen 149
0.29004329004329
0.285324675324675
0.29004329004329
0.29004329004329
0.29004329004329
0.271168831168831
Gen 150
0.29004329004329
0.279169709517535
0.29004329004329
0.29004329004329
0.29004329004329
0.246548967940272
Gen 151
0.29004329004329
0.27818759018759
0.29004329004329
0.29004329004329
0.29004329004329
0.242620490620491
Gen 152
0.29004329004329
0.284594767551289
0.29004329004329
0.29004329004329
0.29004329004329
0.268249200075287
Gen 153
0.29004329004329
0.277402597402597
0.29004329004329
0.29004329004329
0.29004329004329
0.239480519480519
Gen 154
0.29004329004329
0.279350649350649
0.29004329004329
0.29004329004329
0.29004329004329
0.247272727272727
Gen 155
0.29004329004329
0.284632034632034
0.29004329004329
0.29004329004329
0.29004329004329
0.268398268398268
Gen 156
0.29004329004329
0.276816236903193
0.29004329004329
0.29004329004329
0.29004329004329
0.237135077482903
Gen 157
0.29004329004329
0.28047619047619
0.29004329004329
0.29004329004329
0.29004329004329
0.251774891774892
Gen 158
0.29004329004329
0.285070958027479
0.29004329004329
0.29004329004329
0.29004329004329
0.270153961980049
Gen 159
0.29004329004329
0.276363636363636
0.29004329004329
0.29004329004329
0.29004329004329
0.235324675324675
Gen 160
0.29004329004329
0.285151515151515
0.29004329004329
0.29004329004329
0.29004329004329
0.27047619047619
Gen 161
0.29004329004329
0.287142857142857
0.29004329004329
0.29004329004329
0.29004329004329
0.278441558441558
Gen 162
0.29004329004329
0.279413639500596
0.29004329004329
0.29004329004329
0.29004329004329
0.247524687872514
Gen 163
0.29004329004329
0.28056277056277
0.29004329004329
0.29004329004329
0.29004329004329
0.252121212121212
Gen 164
0.29004329004329
0.285411255411255
0.29004329004329
0.29004329004329
0.29004329004329
0.271515151515151
Gen 165
0.29004329004329
0.283333333333333
0.29004329004329
0.29004329004329
0.29004329004329
0.263203463203463
Gen 166
0.29004329004329
0.275238095238095
0.29004329004329
0.29004329004329
0.29004329004329
0.230822510822511
Gen 167
0.29004329004329
0.281558441558441
0.29004329004329
0.29004329004329
0.29004329004329
0.256103896103896
Gen 168
0.29004329004329
0.273902126858648
0.29004329004329
0.29004329004329
0.29004329004329
0.225478637304724
Gen 169
0.29004329004329
0.279004329004329
0.29004329004329
0.29004329004329
0.29004329004329
0.245887445887446
Gen 170
0.29004329004329
0.276921889704498
0.29004329004329
0.29004329004329
0.29004329004329
0.237557688688123
Gen 171
0.29004329004329
0.281688311688311
0.29004329004329
0.29004329004329
0.29004329004329
0.256623376623377
Gen 172
0.29004329004329
0.276139406487232
0.29004329004329
0.29004329004329
0.29004329004329
0.23442775581906
Gen 1
0.0822510822510823
0.00481309994353473
0.0192523997741389
0
0
0
Gen 2
0.0822510822510823
0.0351599222034004
0.0666666666666666
0.0476190476190476
0.0263539745278876
0
Gen 3
0.0822510822510823
0.0724242424242424
0.0822510822510823
0.0822510822510823
0.0687445887445887
0.0564502164502164
Gen 4
0.0822510822510823
0.0814285714285716
0.0822510822510823
0.0822510822510823
0.0822510822510823
0.078961038961039
Gen 5
0.0822510822510823
0.0815943283769373
0.0822510822510823
0.0822510822510823
0.0822510822510823
0.0796240667545015
Gen 6
0.0822510822510823
0.0803463203463206
0.0822510822510823
0.0822510822510823
0.0822510822510823
0.0746320346320346
Gen 7
0.0822510822510823
0.0796103896103898
0.0822510822510823
0.0822510822510823
0.0822510822510823
0.0716883116883117
Gen 8
0.0865800865800866
0.0794805194805197
0.0824242424242424
0.0822510822510823
0.0822510822510823
0.070995670995671
Gen 9
0.0865800865800866
0.0816268272790014
0.0829437229437229
0.0822510822510823
0.0822510822510823
0.0790614216701173
Gen 10
0.0865800865800866
0.0831601731601734
0.0865800865800866
0.0848484848484848
0.0822510822510823
0.078961038961039
Gen 11
0.0865800865800866
0.085887445887446
0.0865800865800866
0.0865800865800866
0.0865800865800866
0.0838095238095238
Gen 12
0.0865800865800866
0.0857142857142858
0.0865800865800866
0.0865800865800866
0.0865800865800866
0.0831168831168831
Gen 13
0.0865800865800866
0.0845021645021646
0.0865800865800866
0.0865800865800866
0.0865800865800866
0.0782683982683982
Gen 14
0.0865800865800866
0.084848484848485
0.0865800865800866
0.0865800865800866
0.0865800865800866
0.0796536796536796
Gen 15
0.0865800865800866
0.0853679653679655
0.0865800865800866
0.0865800865800866
0.0865800865800866
0.0817316017316017
Gen 16
0.0865800865800866
0.084848484848485
0.0865800865800866
0.0865800865800866
0.0865800865800866
0.0796536796536796
Gen 17
0.108225108225108
0.0855411255411257
0.0874458874458874
0.0865800865800866
0.0865800865800866
0.0815584415584415
Gen 18
0.108225108225108
0.0871861471861473
0.0917748917748918
0.0865800865800866
0.0865800865800866
0.0838095238095238
Gen 19
0.108225108225108
0.0935064935064935
0.108225108225108
0.103030303030303
0.0865800865800866
0.0761904761904762
Gen 20
0.108225108225108
0.106753246753247
0.108225108225108
0.108225108225108
0.108225108225108
0.102337662337662
Gen 21
0.108225108225108
0.107341112993287
0.108225108225108
0.108225108225108
0.108225108225108
0.104689127297823
Gen 22
0.108225108225108
0.10750523872263
0.108225108225108
0.108225108225108
0.108225108225108
0.105345630215195
Gen 23
0.108225108225108
0.103764226112052
0.108225108225108
0.108225108225108
0.108225108225108
0.0903815797728841
Gen 24
0.108225108225108
0.106891398456616
0.108225108225108
0.108225108225108
0.108225108225108
0.102890269151139
Gen 25
0.147186147186147
0.104545454545454
0.10978354978355
0.108225108225108
0.108225108225108
0.0919480519480519
Gen 26
0.147186147186147
0.107532467532467
0.111341991341991
0.108225108225108
0.108225108225108
0.102337662337662
Gen 27
0.147186147186147
0.116729531338227
0.142935441370224
0.108225108225108
0.108225108225108
0.107532467532467
Gen 28
0.147186147186147
0.135108225108225
0.147186147186147
0.147186147186147
0.147186147186147
0.0988744588744589
Gen 29
0.147186147186147
0.145194805194805
0.147186147186147
0.147186147186147
0.147186147186147
0.139220779220779
Gen 30
0.147186147186147
0.14054457619675
0.147186147186147
0.147186147186147
0.147186147186147
0.120619863228559
Gen 31
0.155844155844156
0.144025974025974
0.147532467532468
0.147186147186147
0.147186147186147
0.134199134199134
Gen 32
0.155844155844156
0.146536796536797
0.152034632034632
0.147186147186147
0.147186147186147
0.13974025974026
Gen 33
0.155844155844156
0.15038961038961
0.155844155844156
0.155844155844156
0.151341991341991
0.138528138528139
Gen 34
0.155844155844156
0.152251082251082
0.155844155844156
0.155844155844156
0.155844155844156
0.141471861471862
Gen 35
0.155844155844156
0.15073593073593
0.155844155844156
0.155844155844156
0.155844155844156
0.135411255411255
Gen 36
0.155844155844156
0.148267143484535
0.155844155844156
0.155844155844156
0.155844155844156
0.125536106405672
Gen 37
0.155844155844156
0.152466277683669
0.155844155844156
0.155844155844156
0.155844155844156
0.142332643202208
Gen 38
0.155844155844156
0.152597402597402
0.155844155844156
0.155844155844156
0.155844155844156
0.142857142857143
Gen 39
0.155844155844156
0.152121212121212
0.155844155844156
0.155844155844156
0.155844155844156
0.140952380952381
Gen 40
0.155844155844156
0.150995670995671
0.155844155844156
0.155844155844156
0.155844155844156
0.136450216450216
Gen 41
0.155844155844156
0.155844155844156
0.155844155844156
0.155844155844156
0.155844155844156
0.155844155844156
Gen 42
0.155844155844156
0.154329004329004
0.155844155844156
0.155844155844156
0.155844155844156
0.14978354978355
Gen 43
0.155844155844156
0.155324675324675
0.155844155844156
0.155844155844156
0.155844155844156
0.153766233766234
Gen 44
0.155844155844156
0.152207792207792
0.155844155844156
0.155844155844156
0.155844155844156
0.141298701298701
Gen 45
0.155844155844156
0.154285714285714
0.155844155844156
0.155844155844156
0.155844155844156
0.14961038961039
Gen 46
0.155844155844156
0.151082251082251
0.155844155844156
0.155844155844156
0.155844155844156
0.136796536796537
Gen 47
0.155844155844156
0.155844155844156
0.155844155844156
0.155844155844156
0.155844155844156
0.155844155844156
Gen 48
0.155844155844156
0.154199134199134
0.155844155844156
0.155844155844156
0.155844155844156
0.149264069264069
Gen 49
0.155844155844156
0.153506493506493
0.155844155844156
0.155844155844156
0.155844155844156
0.146493506493507
Gen 50
0.155844155844156
0.148528138528138
0.155844155844156
0.155844155844156
0.155844155844156
0.126580086580087
Gen 51
0.155844155844156
0.152121212121212
0.155844155844156
0.155844155844156
0.155844155844156
0.140952380952381
Gen 52
0.155844155844156
0.152121212121212
0.155844155844156
0.155844155844156
0.155844155844156
0.140952380952381
Gen 53
0.155844155844156
0.152121212121212
0.155844155844156
0.155844155844156
0.155844155844156
0.140952380952381
Gen 54
0.155844155844156
0.152968818620992
0.155844155844156
0.155844155844156
0.155844155844156
0.144342806951503
Gen 55
0.155844155844156
0.15073593073593
0.155844155844156
0.155844155844156
0.155844155844156
0.135411255411255
Gen 56
0.155844155844156
0.152770562770563
0.155844155844156
0.155844155844156
0.155844155844156
0.143549783549784
Gen 57
0.155844155844156
0.15084760649978
0.155844155844156
0.155844155844156
0.155844155844156
0.135857958466654
Gen 58
0.155844155844156
0.151645021645021
0.155844155844156
0.155844155844156
0.155844155844156
0.139047619047619
Gen 59
0.155844155844156
0.154069264069264
0.155844155844156
0.155844155844156
0.155844155844156
0.148744588744589
Gen 60
0.155844155844156
0.15354852876592
0.155844155844156
0.155844155844156
0.155844155844156
0.146661647531213
Gen 61
0.155844155844156
0.152319467971642
0.155844155844156
0.155844155844156
0.155844155844156
0.1417454043541
Gen 62
0.155844155844156
0.150296379948554
0.155844155844156
0.155844155844156
0.155844155844156
0.133653052261748
Gen 63
0.199134199134199
0.147661082878474
0.157575757575758
0.155844155844156
0.155844155844156
0.121380262249827
Gen 64
0.199134199134199
0.150779220779221
0.161038961038961
0.155844155844156
0.155844155844156
0.13038961038961
Gen 65
0.199134199134199
0.162645711776146
0.199134199134199
0.162770562770563
0.155844155844156
0.132833929355669
Gen 66
0.199134199134199
0.190606060606061
0.199134199134199
0.199134199134199
0.199134199134199
0.165021645021645
Gen 67
0.199134199134199
0.187753936884372
0.199134199134199
0.199134199134199
0.199134199134199
0.153613150134889
Gen 68
0.199134199134199
0.197619047619048
0.199134199134199
0.199134199134199
0.199134199134199
0.193073593073593
Gen 69
0.199134199134199
0.194415584415585
0.199134199134199
0.199134199134199
0.199134199134199
0.18025974025974
Gen 70
0.199134199134199
0.195199824330259
0.199134199134199
0.199134199134199
0.199134199134199
0.183396699918439
Gen 71
0.199134199134199
0.197964113181505
0.199134199134199
0.199134199134199
0.199134199134199
0.194453855323421
Gen 72
0.199134199134199
0.191991341991342
0.199134199134199
0.199134199134199
0.199134199134199
0.170562770562771
Gen 73
0.199134199134199
0.192770562770563
0.199134199134199
0.199134199134199
0.199134199134199
0.173679653679654
Gen 74
0.199134199134199
0.187835497835498
0.199134199134199
0.199134199134199
0.199134199134199
0.153939393939394
Gen 75
0.199134199134199
0.184630779848171
0.199134199134199
0.199134199134199
0.199134199134199
0.141120521990087
Gen 76
0.199134199134199
0.195151515151515
0.199134199134199
0.199134199134199
0.199134199134199
0.183203463203463
Gen 77
0.199134199134199
0.192207792207792
0.199134199134199
0.199134199134199
0.199134199134199
0.171428571428571
Gen 78
0.199134199134199
0.195627705627706
0.199134199134199
0.199134199134199
0.199134199134199
0.185108225108225
Gen 79
0.199134199134199
0.191818181818182
0.199134199134199
0.199134199134199
0.199134199134199
0.16987012987013
Gen 80
0.242424242424242
0.193981429198821
0.200865800865801
0.199134199134199
0.199134199134199
0.176791517661083
Gen 81
0.242424242424242
0.197445887445888
0.221645021645022
0.199134199134199
0.199134199134199
0.16987012987013
Gen 82
0.242424242424242
0.214588744588745
0.242424242424242
0.242424242424242
0.223376623376623
0.15012987012987
Gen 83
0.242424242424242
0.236623376623376
0.242424242424242
0.242424242424242
0.242424242424242
0.219220779220779
Gen 84
0.242424242424242
0.232900432900433
0.242424242424242
0.242424242424242
0.242424242424242
0.204329004329004
Gen 85
0.242424242424242
0.235454545454545
0.242424242424242
0.242424242424242
0.242424242424242
0.214545454545454
Gen 86
0.242424242424242
0.226017316017316
0.242424242424242
0.242424242424242
0.242424242424242
0.176796536796537
Gen 87
0.242424242424242
0.239393939393939
0.242424242424242
0.242424242424242
0.242424242424242
0.23030303030303
Gen 88
0.242424242424242
0.232987012987013
0.242424242424242
0.242424242424242
0.242424242424242
0.204675324675325
Gen 89
0.242424242424242
0.228311688311688
0.242424242424242
0.242424242424242
0.242424242424242
0.185974025974026
Gen 90
0.242424242424242
0.234372294372294
0.242424242424242
0.242424242424242
0.242424242424242
0.21021645021645
Gen 91
0.242424242424242
0.242424242424242
0.242424242424242
0.242424242424242
0.242424242424242
0.242424242424242
Gen 92
0.242424242424242
0.232770562770563
0.242424242424242
0.242424242424242
0.242424242424242
0.203809523809524
Gen 93
0.242424242424242
0.239393939393939
0.242424242424242
0.242424242424242
0.242424242424242
0.23030303030303
Gen 94
0.242424242424242
0.232597402597402
0.242424242424242
0.242424242424242
0.242424242424242
0.203116883116883
Gen 95
0.242424242424242
0.234094359746533
0.242424242424242
0.242424242424242
0.242424242424242
0.209104711713407
Gen 96
0.242424242424242
0.235566221218395
0.242424242424242
0.242424242424242
0.242424242424242
0.214992157600853
Gen 97
0.242424242424242
0.233290043290043
0.242424242424242
0.242424242424242
0.242424242424242
0.205887445887446
Gen 98
0.242424242424242
0.24017316017316
0.242424242424242
0.242424242424242
0.242424242424242
0.233419913419913
Gen 99
0.242424242424242
0.23492527762093
0.242424242424242
0.242424242424242
0.242424242424242
0.212428383210992
Gen 100
0.242424242424242
0.23974025974026
0.242424242424242
0.242424242424242
0.242424242424242
0.231688311688312
Gen 101
0.415584415584416
0.24025974025974
0.249350649350649
0.242424242424242
0.242424242424242
0.226839826839827
Gen 102
0.415584415584416
0.246926406926407
0.304761904761905
0.242424242424242
0.242424242424242
0.198095238095238
Gen 103
0.415584415584416
0.335627705627706
0.415584415584416
0.415584415584416
0.290909090909091
0.2204329004329
Gen 104
0.415584415584416
0.392727272727272
0.415584415584416
0.415584415584416
0.415584415584416
0.324155844155844
Gen 105
0.415584415584416
0.403073593073592
0.415584415584416
0.415584415584416
0.415584415584416
0.365541125541126
Gen 106
0.415584415584416
0.411428571428571
0.415584415584416
0.415584415584416
0.415584415584416
0.398961038961039
Gen 107
0.415584415584416
0.394290733421168
0.415584415584416
0.415584415584416
0.415584415584416
0.330409686931426
Gen 108
0.415584415584416
0.392077922077922
0.415584415584416
0.415584415584416
0.415584415584416
0.321558441558442
Gen 109
0.415584415584416
0.405541125541125
0.415584415584416
0.415584415584416
0.415584415584416
0.375411255411255
Gen 110
0.415584415584416
0.411991341991341
0.415584415584416
0.415584415584416
0.415584415584416
0.401212121212121
Gen 111
0.415584415584416
0.405238095238095
0.415584415584416
0.415584415584416
0.415584415584416
0.374199134199134
Gen 112
0.415584415584416
0.403246753246753
0.415584415584416
0.415584415584416
0.415584415584416
0.366233766233766
Gen 113
0.415584415584416
0.389783549783549
0.415584415584416
0.415584415584416
0.415584415584416
0.312380952380952
Gen 114
0.415584415584416
0.395106970324361
0.415584415584416
0.415584415584416
0.415584415584416
0.3336746345442
Gen 115
0.502164502164502
0.412294372294372
0.419047619047619
0.415584415584416
0.415584415584416
0.398961038961039
Gen 116
0.502164502164502
0.407922077922077
0.436363636363636
0.415584415584416
0.415584415584416
0.364155844155844
Gen 117
0.502164502164502
0.449264069264068
0.502164502164502
0.491774891774892
0.415584415584416
0.387532467532468
Gen 118
0.502164502164502
0.482900432900433
0.502164502164502
0.502164502164502
0.502164502164502
0.425108225108225
Gen 119
0.502164502164502
0.494733295689818
0.502164502164502
0.502164502164502
0.502164502164502
0.472439676265763
Gen 120
0.502164502164502
0.484891774891775
0.502164502164502
0.502164502164502
0.502164502164502
0.433073593073593
Gen 121
0.502164502164502
0.488225108225109
0.502164502164502
0.502164502164502
0.502164502164502
0.446406926406927
Gen 122
0.502164502164502
0.493073593073594
0.502164502164502
0.502164502164502
0.502164502164502
0.465800865800866
Gen 123
0.502164502164502
0.483333333333334
0.502164502164502
0.502164502164502
0.502164502164502
0.426839826839827
Gen 124
0.502164502164502
0.490259740259741
0.502164502164502
0.502164502164502
0.502164502164502
0.454545454545455
Gen 125
0.502164502164502
0.487662337662338
0.502164502164502
0.502164502164502
0.502164502164502
0.444155844155844
Gen 126
0.502164502164502
0.48930735930736
0.502164502164502
0.502164502164502
0.502164502164502
0.450735930735931
Gen 127
0.502164502164502
0.488008658008658
0.502164502164502
0.502164502164502
0.502164502164502
0.445541125541126
Gen 128
0.502164502164502
0.486060606060606
0.502164502164502
0.502164502164502
0.502164502164502
0.437748917748918
Gen 129
0.502164502164502
0.491601731601732
0.502164502164502
0.502164502164502
0.502164502164502
0.45991341991342
Gen 130
0.502164502164502
0.485281385281386
0.502164502164502
0.502164502164502
0.502164502164502
0.434632034632035
Gen 131
0.502164502164502
0.491688311688312
0.502164502164502
0.502164502164502
0.502164502164502
0.46025974025974
Gen 132
0.502164502164502
0.475425936382458
0.502164502164502
0.502164502164502
0.502164502164502
0.395210239036326
Gen 133
0.502164502164502
0.492510822510823
0.502164502164502
0.502164502164502
0.502164502164502
0.463549783549784
Gen 134
0.502164502164502
0.497705627705628
0.502164502164502
0.502164502164502
0.502164502164502
0.484329004329004
Gen 135
0.502164502164502
0.491861471861472
0.502164502164502
0.502164502164502
0.502164502164502
0.460952380952381
Gen 136
0.502164502164502
0.485627705627706
0.502164502164502
0.502164502164502
0.502164502164502
0.436017316017316
Gen 137
0.502164502164502
0.477229437229438
0.502164502164502
0.502164502164502
0.502164502164502
0.402424242424243
Gen 138
0.502164502164502
0.483073593073593
0.502164502164502
0.502164502164502
0.502164502164502
0.425800865800866
Gen 139
0.502164502164502
0.492913482652613
0.502164502164502
0.502164502164502
0.502164502164502
0.465160424116946
Gen 140
0.502164502164502
0.478268398268399
0.502164502164502
0.502164502164502
0.502164502164502
0.406580086580087
Gen 141
0.502164502164502
0.491255411255412
0.502164502164502
0.502164502164502
0.502164502164502
0.458528138528139
Gen 142
0.502164502164502
0.492164502164503
0.502164502164502
0.502164502164502
0.502164502164502
0.462164502164502
Gen 143
0.502164502164502
0.477662337662338
0.502164502164502
0.502164502164502
0.502164502164502
0.404155844155844
Gen 144
0.502164502164502
0.493636363636364
0.502164502164502
0.502164502164502
0.502164502164502
0.468051948051948
Gen 145
0.502164502164502
0.492943722943723
0.502164502164502
0.502164502164502
0.502164502164502
0.465281385281385
Gen 146
0.502164502164502
0.470519480519481
0.502164502164502
0.502164502164502
0.502164502164502
0.375584415584416
Gen 147
0.502164502164502
0.488225108225109
0.502164502164502
0.502164502164502
0.502164502164502
0.446406926406927
Gen 148
0.502164502164502
0.479609134826526
0.502164502164502
0.502164502164502
0.502164502164502
0.411943032812598
Gen 149
0.502164502164502
0.485094297007341
0.502164502164502
0.502164502164502
0.502164502164502
0.433883681535856
Gen 150
0.502164502164502
0.494155844155845
0.502164502164502
0.502164502164502
0.502164502164502
0.47012987012987
Gen 151
0.502164502164502
0.491688311688312
0.502164502164502
0.502164502164502
0.502164502164502
0.46025974025974
Gen 152
0.502164502164502
0.494545454545455
0.502164502164502
0.502164502164502
0.502164502164502
0.471688311688312
Gen 153
0.502164502164502
0.493290043290044
0.502164502164502
0.502164502164502
0.502164502164502
0.466666666666667
Gen 154
0.502164502164502
0.488483593700985
0.502164502164502
0.502164502164502
0.502164502164502
0.447440868310434
Gen 155
0.502164502164502
0.488787878787879
0.502164502164502
0.502164502164502
0.502164502164502
0.448658008658009
Gen 156
0.502164502164502
0.470419976159107
0.502164502164502
0.502164502164502
0.502164502164502
0.37518639814292
Gen 157
0.502164502164502
0.484329004329005
0.502164502164502
0.502164502164502
0.502164502164502
0.430822510822511
Gen 158
0.502164502164502
0.497142857142858
0.502164502164502
0.502164502164502
0.502164502164502
0.482077922077922
Gen 159
0.502164502164502
0.488311688311689
0.502164502164502
0.502164502164502
0.502164502164502
0.446753246753247
Gen 160
0.502164502164502
0.497229437229438
0.502164502164502
0.502164502164502
0.502164502164502
0.482424242424243
Gen 161
0.502164502164502
0.480476190476191
0.502164502164502
0.502164502164502
0.502164502164502
0.415411255411255
Gen 162
0.502164502164502
0.494545454545455
0.502164502164502
0.502164502164502
0.502164502164502
0.471688311688312
Gen 163
0.502164502164502
0.479392684610076
0.502164502164502
0.502164502164502
0.502164502164502
0.411077231946797
Gen 164
0.502164502164502
0.48004329004329
0.502164502164502
0.502164502164502
0.502164502164502
0.413679653679654
Gen 165
0.502164502164502
0.497619047619048
0.502164502164502
0.502164502164502
0.502164502164502
0.483982683982684
Gen 166
0.502164502164502
0.482857142857143
0.502164502164502
0.502164502164502
0.502164502164502
0.424935064935065
Gen 167
0.502164502164502
0.465912541564716
0.502164502164502
0.502164502164502
0.502164502164502
0.357156659765355
Gen 168
0.502164502164502
0.492121212121212
0.502164502164502
0.502164502164502
0.502164502164502
0.461991341991342
Gen 169
0.502164502164502
0.485541125541126
0.502164502164502
0.502164502164502
0.502164502164502
0.435670995670996
Gen 170
0.502164502164502
0.485238095238096
0.502164502164502
0.502164502164502
0.502164502164502
0.434458874458875
Gen 171
0.502164502164502
0.497878787878788
0.502164502164502
0.502164502164502
0.502164502164502
0.485021645021645
Gen 172
0.502164502164502
0.489695714913107
0.502164502164502
0.502164502164502
0.502164502164502
0.452289353158918
Gen 173
0.502164502164502
0.485151515151516
0.502164502164502
0.502164502164502
0.502164502164502
0.434112554112554
Gen 174
0.502164502164502
0.474372294372295
0.502164502164502
0.502164502164502
0.502164502164502
0.390995670995671
Gen 175
0.502164502164502
0.485411255411256
0.502164502164502
0.502164502164502
0.502164502164502
0.435151515151515
Gen 176
0.502164502164502
0.48935064935065
0.502164502164502
0.502164502164502
0.502164502164502
0.450909090909091
Gen 177
0.502164502164502
0.486536796536797
0.502164502164502
0.502164502164502
0.502164502164502
0.43965367965368
Gen 178
0.502164502164502
0.477575757575758
0.502164502164502
0.502164502164502
0.502164502164502
0.403809523809524
Gen 179
0.502164502164502
0.493333333333334
0.502164502164502
0.502164502164502
0.502164502164502
0.466839826839827
Gen 180
0.502164502164502
0.483088274044796
0.502164502164502
0.502164502164502
0.502164502164502
0.425859589685677
Gen 181
0.502164502164502
0.494285714285715
0.502164502164502
0.502164502164502
0.502164502164502
0.470649350649351
Gen 182
0.502164502164502
0.491731601731602
0.502164502164502
0.502164502164502
0.502164502164502
0.460432900432901
Gen 183
0.502164502164502
0.485324675324676
0.502164502164502
0.502164502164502
0.502164502164502
0.434805194805195
Gen 184
0.502164502164502
0.486103896103896
0.502164502164502
0.502164502164502
0.502164502164502
0.437922077922078
Gen 185
0.502164502164502
0.492987012987013
0.502164502164502
0.502164502164502
0.502164502164502
0.465454545454546
Gen 186
0.502164502164502
0.483030303030303
0.502164502164502
0.502164502164502
0.502164502164502
0.425627705627706
Gen 187
0.502164502164502
0.47982683982684
0.502164502164502
0.502164502164502
0.502164502164502
0.412813852813853
Gen 188
0.502164502164502
0.473116883116883
0.502164502164502
0.502164502164502
0.502164502164502
0.385974025974026
Gen 189
0.502164502164502
0.478961038961039
0.502164502164502
0.502164502164502
0.502164502164502
0.409350649350649
Gen 190
0.502164502164502
0.478831168831169
0.502164502164502
0.502164502164502
0.502164502164502
0.408831168831169
Gen 191
0.502164502164502
0.486883116883117
0.502164502164502
0.502164502164502
0.502164502164502
0.441038961038961
