Gen 1
0.112554112554113
0.00874333396072527
0.0349733358429011
0
0
0
Gen 2
0.121739130434783
0.0713908024342806
0.109825710521363
0.0869264069264069
0.0510822510822511
0.0377288412071021
Gen 3
0.121739130434783
0.0884027856201769
0.115493318275927
0.10995670995671
0.0876190476190476
0.0405420666290232
Gen 4
0.121739130434783
0.0992034632034635
0.120269527573875
0.112554112554113
0.106493506493506
0.0574967061923584
Gen 5
0.121739130434783
0.106087709392057
0.121739130434783
0.117330321852061
0.112554112554113
0.0727272727272727
Gen 6
0.121739130434783
0.111420666290232
0.121739130434783
0.121739130434783
0.114758516845473
0.0874458874458874
Gen 7
0.121739130434783
0.113596461509505
0.121739130434783
0.121739130434783
0.118432523997741
0.0924750611707134
Gen 8
0.121739130434783
0.116533785055524
0.121739130434783
0.121739130434783
0.121004329004329
0.101652550348203
Gen 9
0.121739130434783
0.115876152832675
0.121739130434783
0.121739130434783
0.121739130434783
0.0982872200263504
Gen 10
0.121739130434783
0.114809712027103
0.121739130434783
0.121739130434783
0.121739130434783
0.0940214568040655
Gen 11
0.121739130434783
0.114129493694711
0.121739130434783
0.121739130434783
0.121739130434783
0.0913005834744965
Gen 12
0.121739130434783
0.117099567099567
0.121739130434783
0.121739130434783
0.121739130434783
0.103180877093921
Gen 13
0.121739130434783
0.118284208545078
0.121739130434783
0.121739130434783
0.121739130434783
0.107919442875965
Gen 14
0.121739130434783
0.117726708074534
0.121739130434783
0.121739130434783
0.121739130434783
0.105689440993789
Gen 15
0.121739130434783
0.116540184453228
0.121739130434783
0.121739130434783
0.121739130434783
0.100943346508564
Gen 16
0.121739130434783
0.116988895162808
0.121739130434783
0.121739130434783
0.121739130434783
0.102738189346885
Gen 17
0.121739130434783
0.119678147939018
0.121739130434783
0.121739130434783
0.121739130434783
0.113495200451722
Gen 18
0.164502164502165
0.118249576510446
0.123449651797478
0.121739130434783
0.121739130434783
0.106070393374741
Gen 19
0.164502164502165
0.117281385281385
0.125160173160173
0.121739130434783
0.121739130434783
0.100487107095803
Gen 20
0.164502164502165
0.120501411631847
0.132002258610954
0.121739130434783
0.121739130434783
0.106525127046866
Gen 21
0.164502164502165
0.126670807453416
0.143975908149821
0.121739130434783
0.121739130434783
0.119229060794278
Gen 22
0.164502164502165
0.129445511010729
0.164502164502165
0.126870694522868
0.121739130434783
0.104670054583098
Gen 23
0.164502164502165
0.14033879164314
0.164502164502165
0.164502164502165
0.129079616036138
0.103271221532091
Gen 24
0.164502164502165
0.144149193801368
0.164502164502165
0.164502164502165
0.149107472237907
0.0984849739632348
Gen 25
0.207792207792208
0.150499905891211
0.168831168831169
0.164502164502165
0.159370600414079
0.109295689817429
Gen 26
0.207792207792208
0.154826149695715
0.175930735930736
0.164502164502165
0.164502164502165
0.114369533847795
Gen 27
0.212121212121212
0.162374929418408
0.187359307359307
0.164502164502165
0.164502164502165
0.133136081309994
Gen 28
0.212121212121212
0.172800301148128
0.206580086580087
0.176450216450216
0.164502164502165
0.143668737060041
Gen 29
0.216450216450216
0.18592508940335
0.20987012987013
0.204675324675325
0.179220779220779
0.149934123847167
Gen 30
0.29004329004329
0.195719555806512
0.215064935064935
0.207792207792208
0.19965367965368
0.160367400715227
Gen 31
0.29004329004329
0.20333860342556
0.219047619047619
0.21021645021645
0.207619047619048
0.176471296819123
Gen 32
0.29004329004329
0.200573059790451
0.226493506493506
0.212121212121212
0.207965367965368
0.155712152581718
Gen 33
0.29004329004329
0.21012987012987
0.249523809523809
0.213506493506493
0.21004329004329
0.167445887445887
Gen 34
0.29004329004329
0.224848484848485
0.29004329004329
0.217662337662338
0.211428571428571
0.18025974025974
Gen 35
0.29004329004329
0.247575757575757
0.29004329004329
0.29004329004329
0.2195670995671
0.190649350649351
Gen 36
0.29004329004329
0.262770562770562
0.29004329004329
0.29004329004329
0.275497835497835
0.195497835497835
Gen 37
0.29004329004329
0.255324675324675
0.29004329004329
0.29004329004329
0.285194805194805
0.156017316017316
Gen 38
0.294372294372294
0.272380952380952
0.29021645021645
0.29004329004329
0.29004329004329
0.219220779220779
Gen 39
0.294372294372294
0.28
0.29038961038961
0.29004329004329
0.29004329004329
0.249523809523809
Gen 40
0.294372294372294
0.27995670995671
0.29056277056277
0.29004329004329
0.29004329004329
0.249177489177489
Gen 41
0.294372294372294
0.277878787878788
0.291255411255411
0.29004329004329
0.29004329004329
0.24017316017316
Gen 42
0.294372294372294
0.276450216450216
0.292813852813853
0.29004329004329
0.29004329004329
0.232900432900433
Gen 43
0.294372294372294
0.28056277056277
0.294372294372295
0.291428571428571
0.29004329004329
0.246406926406926
Gen 44
0.303030303030303
0.286277056277056
0.294718614718615
0.294372294372295
0.29021645021645
0.265800865800866
Gen 45
0.303030303030303
0.282900432900433
0.294718614718615
0.294372294372295
0.290909090909091
0.251601731601731
Gen 46
0.324675324675325
0.286277056277056
0.296277056277056
0.294372294372295
0.294199134199134
0.26025974025974
Gen 47
0.324675324675325
0.28038961038961
0.296969696969697
0.294372294372295
0.294372294372295
0.235844155844156
Gen 48
0.329004329004329
0.287402597402598
0.300952380952381
0.294372294372295
0.294372294372295
0.25991341991342
Gen 49
0.333333333333333
0.287099567099567
0.308744588744589
0.294372294372295
0.294372294372295
0.250909090909091
Gen 50
0.333333333333333
0.285367965367965
0.314458874458874
0.297835497835498
0.294372294372295
0.234805194805195
Gen 51
0.333333333333333
0.286753246753247
0.325887445887446
0.303030303030303
0.296103896103896
0.221991341991342
Gen 52
0.333333333333333
0.296147186147186
0.330735930735931
0.311688311688312
0.298528138528139
0.243636363636364
Gen 53
0.333333333333333
0.306580086580087
0.333160173160173
0.327965367965368
0.305800865800866
0.25939393939394
Gen 54
0.333333333333333
0.314502164502165
0.333333333333333
0.330909090909091
0.314112554112554
0.27965367965368
Gen 55
0.333333333333333
0.316883116883117
0.333333333333333
0.333333333333333
0.327792207792208
0.273073593073593
Gen 56
0.333333333333333
0.319134199134199
0.333333333333333
0.333333333333333
0.332121212121212
0.277748917748918
Gen 57
0.346320346320346
0.314588744588745
0.333852813852814
0.333333333333333
0.332467532467532
0.258701298701299
Gen 58
0.346320346320346
0.304761904761905
0.334372294372294
0.333333333333333
0.332813852813853
0.218528138528139
Gen 59
0.346320346320346
0.315887445887446
0.335411255411255
0.333333333333333
0.333333333333333
0.261471861471862
Gen 60
0.367965367965368
0.315627705627706
0.338354978354978
0.333333333333333
0.333333333333333
0.257489177489178
Gen 61
0.367965367965368
0.317619047619047
0.342337662337662
0.333333333333333
0.333333333333333
0.261471861471862
Gen 62
0.367965367965368
0.321428571428571
0.350649350649351
0.335411255411255
0.333333333333333
0.266320346320346
Gen 63
0.367965367965368
0.319696969696969
0.353073593073593
0.345281385281385
0.333333333333333
0.247099567099567
Gen 64
0.367965367965368
0.324545454545454
0.361558441558442
0.346320346320346
0.34060606060606
0.24969696969697
Gen 65
0.376623376623377
0.327445887445888
0.368311688311688
0.352727272727273
0.344242424242424
0.244502164502164
Gen 66
0.376623376623377
0.339004329004329
0.369350649350649
0.366233766233766
0.346320346320346
0.274112554112554
Gen 67
0.376623376623377
0.335454545454546
0.37004329004329
0.367965367965368
0.355151515151515
0.248658008658009
Gen 68
0.376623376623377
0.351904761904762
0.372294372294372
0.367965367965368
0.363809523809524
0.303549783549783
Gen 69
0.376623376623377
0.338181818181818
0.376450216450216
0.368138528138528
0.365021645021645
0.243116883116883
Gen 70
0.376623376623377
0.355194805194806
0.376623376623376
0.376450216450216
0.367965367965368
0.29974025974026
Gen 71
0.398268398268398
0.354199134199135
0.377489177489177
0.376623376623376
0.373506493506494
0.289177489177489
Gen 72
0.398268398268398
0.357835497835498
0.378354978354978
0.376623376623376
0.376277056277056
0.30008658008658
Gen 73
0.398268398268398
0.360346320346321
0.38008658008658
0.376623376623376
0.376623376623376
0.308051948051948
Gen 74
0.398268398268398
0.360822510822511
0.382683982683983
0.376623376623376
0.376623376623376
0.307359307359307
Gen 75
0.398268398268398
0.375238095238096
0.388744588744589
0.376623376623376
0.376623376623376
0.358961038961039
Gen 76
0.398268398268398
0.366753246753247
0.398268398268398
0.376623376623376
0.376623376623376
0.315497835497836
Gen 77
0.398268398268398
0.35909090909091
0.398268398268398
0.387878787878788
0.376623376623376
0.273593073593074
Gen 78
0.398268398268398
0.36896103896104
0.398268398268398
0.398268398268398
0.384415584415584
0.294891774891775
Gen 79
0.398268398268398
0.376623376623377
0.398268398268398
0.398268398268398
0.398268398268398
0.311688311688312
Gen 80
0.398268398268398
0.374978354978356
0.398268398268398
0.398268398268398
0.398268398268398
0.305108225108225
Gen 81
0.398268398268398
0.373549783549784
0.398268398268398
0.398268398268398
0.398268398268398
0.299393939393939
Gen 82
0.398268398268398
0.377922077922078
0.398268398268398
0.398268398268398
0.398268398268398
0.316883116883117
Gen 83
0.398268398268398
0.376926406926408
0.398268398268398
0.398268398268398
0.398268398268398
0.312900432900433
Gen 84
0.398268398268398
0.388701298701299
0.398268398268398
0.398268398268398
0.398268398268398
0.36
Gen 85
0.398268398268398
0.375887445887446
0.398268398268398
0.398268398268398
0.398268398268398
0.308744588744589
Gen 86
0.398268398268398
0.384025974025974
0.398268398268398
0.398268398268398
0.398268398268398
0.341298701298701
Gen 87
0.398268398268398
0.386190476190477
0.398268398268398
0.398268398268398
0.398268398268398
0.34995670995671
Gen 88
0.398268398268398
0.382467532467533
0.398268398268398
0.398268398268398
0.398268398268398
0.335064935064935
Gen 89
0.398268398268398
0.375974025974027
0.398268398268398
0.398268398268398
0.398268398268398
0.309090909090909
Gen 90
0.398268398268398
0.365974025974027
0.398268398268398
0.398268398268398
0.398268398268398
0.269090909090909
Gen 91
0.398268398268398
0.373439237091412
0.398268398268398
0.398268398268398
0.398268398268398
0.298951753560449
Gen 92
0.398268398268398
0.382727272727273
0.398268398268398
0.398268398268398
0.398268398268398
0.336103896103896
Gen 93
0.398268398268398
0.375238095238096
0.398268398268398
0.398268398268398
0.398268398268398
0.306147186147186
Gen 94
0.398268398268398
0.377662337662338
0.398268398268398
0.398268398268398
0.398268398268398
0.315844155844156
Gen 95
0.411255411255411
0.370649350649351
0.398787878787879
0.398268398268398
0.398268398268398
0.287272727272727
Gen 96
0.411255411255411
0.383549783549784
0.399307359307359
0.398268398268398
0.398268398268398
0.338354978354978
Gen 97
0.411255411255411
0.381818181818182
0.39982683982684
0.398268398268398
0.398268398268398
0.330909090909091
Gen 98
0.502164502164502
0.373073593073594
0.406580086580087
0.398268398268398
0.398268398268398
0.289177489177489
Gen 99
0.502164502164502
0.384074534161491
0.415930735930736
0.398268398268398
0.398268398268398
0.32383060417843
Gen 100
0.502164502164502
0.396060606060607
0.425800865800866
0.402424242424242
0.398268398268398
0.357748917748918
Gen 101
0.502164502164502
0.391471861471862
0.433073593073593
0.405714285714286
0.398268398268398
0.328831168831169
Gen 102
0.502164502164502
0.406969696969697
0.447619047619048
0.411255411255411
0.4
0.369004329004329
Gen 103
0.502164502164502
0.421168831168831
0.494891774891775
0.411255411255411
0.406753246753247
0.371774891774892
Gen 104
0.502164502164502
0.441904761904762
0.502164502164502
0.469437229437229
0.411255411255411
0.384761904761905
Gen 105
0.502164502164502
0.456450216450216
0.502164502164502
0.502164502164502
0.469437229437229
0.352034632034632
Gen 106
0.502164502164502
0.452164502164502
0.502164502164502
0.502164502164502
0.494891774891775
0.30943722943723
Gen 107
0.502164502164502
0.46982683982684
0.502164502164502
0.502164502164502
0.502164502164502
0.372813852813853
Gen 108
0.502164502164502
0.457928100884623
0.502164502164502
0.502164502164502
0.502164502164502
0.325218897044984
Gen 109
0.502164502164502
0.469270092226614
0.502164502164502
0.502164502164502
0.502164502164502
0.370586862412949
Gen 110
0.502164502164502
0.458880481837004
0.502164502164502
0.502164502164502
0.502164502164502
0.329028420854508
Gen 111
0.528138528138528
0.469313382269904
0.503203463203463
0.502164502164502
0.502164502164502
0.369721061547148
Gen 112
0.528138528138528
0.468101261057783
0.504242424242424
0.502164502164502
0.502164502164502
0.363833615659703
Gen 113
0.528138528138528
0.474335027291549
0.506320346320347
0.502164502164502
0.502164502164502
0.386690758516846
Gen 114
0.528138528138528
0.475763598720121
0.50995670995671
0.502164502164502
0.502164502164502
0.388768680594768
Gen 115
0.528138528138528
0.481391304347826
0.520865800865801
0.502164502164502
0.502164502164502
0.400370412196499
Gen 116
0.528138528138528
0.481168831168831
0.528138528138528
0.508917748917749
0.502164502164502
0.385454545454545
Gen 117
0.528138528138528
0.467878787878788
0.528138528138528
0.526753246753247
0.502683982683983
0.313939393939394
Gen 118
0.528138528138528
0.503062174540436
0.528138528138528
0.528138528138528
0.52064696656001
0.435324675324675
Gen 119
0.614718614718615
0.499220779220779
0.531601731601732
0.528138528138528
0.527445887445888
0.40969696969697
Gen 120
0.70995670995671
0.489362695275739
0.538874458874459
0.528138528138528
0.528138528138528
0.36229926595144
Gen 121
0.70995670995671
0.504690633038459
0.556883116883117
0.528138528138528
0.528138528138528
0.405602358993663
Gen 122
0.70995670995671
0.505887445887445
0.58943722943723
0.528138528138528
0.528138528138528
0.377835497835498
Gen 123
0.70995670995671
0.526973210364514
0.677748917748918
0.528138528138528
0.528138528138528
0.373866867432085
Gen 124
0.70995670995671
0.575365581278624
0.70995670995671
0.632727272727273
0.528138528138528
0.430639814291988
Gen 125
0.70995670995671
0.587563837129054
0.70995670995671
0.70995670995671
0.561731601731602
0.368610326871196
Gen 126
0.70995670995671
0.651471861471861
0.70995670995671
0.70995670995671
0.706147186147186
0.47982683982684
Gen 127
0.70995670995671
0.618658008658008
0.70995670995671
0.70995670995671
0.70995670995671
0.344761904761905
Gen 128
0.70995670995671
0.663817805383022
0.70995670995671
0.70995670995671
0.70995670995671
0.525401091661961
Gen 129
0.70995670995671
0.642773825208607
0.70995670995671
0.70995670995671
0.70995670995671
0.441225170964301
Gen 130
0.70995670995671
0.641604994039776
0.70995670995671
0.70995670995671
0.70995670995671
0.436549846288977
Gen 131
0.70995670995671
0.645078863165819
0.70995670995671
0.70995670995671
0.70995670995671
0.450445322793149
Gen 132
0.70995670995671
0.660533408620364
0.70995670995671
0.70995670995671
0.70995670995671
0.512263504611331
Gen 133
0.70995670995671
0.668771441119266
0.70995670995671
0.70995670995671
0.70995670995671
0.545215634606939
Gen 134
0.735930735930736
0.60995633352155
0.710995670995671
0.70995670995671
0.70995670995671
0.308916243177113
Gen 135
0.770562770562771
0.673574126356734
0.714458874458875
0.70995670995671
0.70995670995671
0.559924211054646
Gen 136
0.770562770562771
0.6919181880921
0.716883116883117
0.70995670995671
0.70995670995671
0.630876215571868
Gen 137
0.770562770562771
0.633021895978417
0.721385281385282
0.70995670995671
0.70995670995671
0.390788882614969
Gen 138
0.77487922705314
0.657451283016499
0.733332831419788
0.70995670995671
0.70995670995671
0.476558880732794
Gen 139
0.77487922705314
0.659664721751677
0.75549733358429
0.710995670995671
0.70995670995671
0.462209172470042
Gen 140
0.77487922705314
0.693129430955517
0.771080745341615
0.735238095238095
0.70995670995671
0.556242173285652
Gen 141
0.77487922705314
0.698227366836061
0.771598720120459
0.766406926406927
0.713073593073593
0.541830227743271
Gen 142
0.77487922705314
0.704377940899679
0.772807327937763
0.770562770562771
0.748051948051948
0.526089717046239
Gen 143
0.77487922705314
0.71780412823891
0.77487922705314
0.771080745341615
0.767655687307861
0.557600853253027
Gen 144
0.77487922705314
0.684911600476818
0.77487922705314
0.774015935755066
0.769040968693143
0.421710270405923
Gen 145
0.77487922705314
0.750202020202021
0.77487922705314
0.77487922705314
0.772807327937763
0.678242298764038
Gen 146
0.782608695652174
0.708491624317712
0.775188405797101
0.77487922705314
0.774015935755066
0.509882928665537
Gen 147
0.782608695652174
0.746649350649351
0.775497584541063
0.77487922705314
0.77487922705314
0.66134136395006
Gen 148
0.782608695652174
0.718893280632412
0.775806763285024
0.77487922705314
0.77487922705314
0.55000790513834
Gen 149
0.782608695652174
0.740877344877346
0.776579710144927
0.77487922705314
0.77487922705314
0.637171215258172
Gen 150
0.782608695652174
0.753961980048937
0.777352657004831
0.77487922705314
0.77487922705314
0.688736809084635
Gen 151
0.782608695652174
0.748828910220215
0.778589371980676
0.77487922705314
0.77487922705314
0.666967814793902
Gen 152
0.782608695652174
0.750174289478637
0.781217391304348
0.77487922705314
0.77487922705314
0.669721312503921
Gen 153
0.782608695652174
0.746391743522178
0.782454106280193
0.776270531400966
0.77487922705314
0.651963109354414
Gen 154
0.782608695652174
0.741060919756572
0.782608695652174
0.782144927536232
0.775806763285024
0.623683292552858
Gen 155
0.782608695652174
0.708382207164817
0.782608695652174
0.782454106280193
0.775806763285024
0.492659263441872
Gen 156
0.782608695652174
0.718773448773449
0.782608695652174
0.782608695652174
0.778434782608696
0.531441621180752
Gen 157
0.782608695652174
0.699863855950813
0.782608695652174
0.782608695652174
0.779826086956522
0.454411945542381
Gen 158
0.782608695652174
0.707440240918501
0.782608695652174
0.782608695652174
0.782608695652174
0.481934876717485
Gen 159
0.792207792207792
0.73950624254972
0.782992659514399
0.782608695652174
0.782608695652174
0.609814919380137
Gen 160
0.792207792207792
0.743617290921638
0.783376623376624
0.782608695652174
0.782608695652174
0.625875149005584
Gen 161
0.792207792207792
0.735153648284083
0.783760587238848
0.782608695652174
0.782608695652174
0.591636614593136
Gen 162
0.792207792207792
0.74041194554238
0.784912478825523
0.782608695652174
0.782608695652174
0.611517912039651
Gen 163
0.792207792207792
0.727123533471359
0.786448334274422
0.782608695652174
0.782608695652174
0.556828408306669
Gen 164
0.792207792207792
0.734468159859464
0.789904009034444
0.782608695652174
0.782608695652174
0.582751239099065
Gen 165
0.792207792207792
0.717053892966936
0.792207792207792
0.785296442687747
0.782608695652174
0.508102641320033
Gen 166
0.792207792207792
0.744236275801493
0.792207792207792
0.792207792207792
0.783760587238848
0.60876893155154
Gen 167
0.792207792207792
0.754312943095551
0.792207792207792
0.792207792207792
0.78875211744777
0.644084070518853
Gen 168
0.792207792207792
0.74276341050254
0.792207792207792
0.792207792207792
0.791439864483343
0.595198193111237
Gen 169
0.792207792207792
0.763764226112052
0.792207792207792
0.792207792207792
0.792207792207792
0.678433527824832
Gen 170
0.792207792207792
0.734577827969132
0.792207792207792
0.792207792207792
0.792207792207792
0.561687935253153
Gen 171
0.792207792207792
0.730223978919631
0.792207792207792
0.792207792207792
0.792207792207792
0.544272539055148
Gen 172
0.792207792207792
0.76019273480143
0.792207792207792
0.792207792207792
0.792207792207792
0.664147562582345
Gen 173
0.792207792207792
0.718890269151138
0.792207792207792
0.792207792207792
0.792207792207792
0.498937699981178
Gen 174
0.792207792207792
0.771444381705251
0.792207792207792
0.792207792207792
0.792207792207792
0.709154150197629
Gen 175
0.792207792207792
0.75183850931677
0.792207792207792
0.792207792207792
0.792207792207792
0.630730660643704
Gen 176
0.792207792207792
0.752351966873705
0.792207792207792
0.792207792207792
0.792207792207792
0.632784490871447
Gen 177
0.792207792207792
0.738292992032122
0.792207792207792
0.792207792207792
0.792207792207792
0.576548591505113
Gen 178
0.792207792207792
0.744757889453541
0.792207792207792
0.792207792207792
0.792207792207792
0.60240818119079
Gen 179
0.792207792207792
0.734632034632034
0.792207792207792
0.792207792207792
0.792207792207792
0.561904761904762
Gen 180
0.792207792207792
0.727190664408055
0.792207792207792
0.792207792207792
0.792207792207792
0.532139281008846
Gen 181
0.792207792207792
0.743770750988142
0.792207792207792
0.792207792207792
0.792207792207792
0.598459627329193
Gen 182
0.792207792207792
0.750314323357801
0.792207792207792
0.792207792207792
0.792207792207792
0.62463391680783
Gen 183
0.792207792207792
0.755351151264194
0.792207792207792
0.792207792207792
0.792207792207792
0.644781228433402
Gen 184
0.792207792207792
0.764398017441495
0.792207792207792
0.792207792207792
0.792207792207792
0.680968693142606
Gen 185
0.792207792207792
0.747125290168768
0.792207792207792
0.792207792207792
0.792207792207792
0.611877784051697
Gen 186
0.792207792207792
0.741287031808771
0.792207792207792
0.792207792207792
0.792207792207792
0.588524750611707
Gen 187
0.792207792207792
0.752972081059037
0.792207792207792
0.792207792207792
0.792207792207792
0.635264947612774
Gen 188
0.792207792207792
0.731007089528828
0.792207792207792
0.792207792207792
0.792207792207792
0.547404981491938
Gen 189
0.792207792207792
0.747888700671309
0.792207792207792
0.792207792207792
0.792207792207792
0.614931426061861
Gen 190
0.792207792207792
0.749902503293807
0.792207792207792
0.792207792207792
0.792207792207792
0.622986636551854
Gen 191
0.792207792207792
0.74364401781793
0.792207792207792
0.792207792207792
0.792207792207792
0.597952694648347
Gen 192
0.792207792207792
0.773505740636175
0.792207792207792
0.792207792207792
0.792207792207792
0.717399585921325
Gen 193
0.792207792207792
0.719483405483405
0.792207792207792
0.792207792207792
0.792207792207792
0.501310245310245
Gen 194
0.792207792207792
0.706234770060857
0.792207792207792
0.792207792207792
0.792207792207792
0.448315703620052
Gen 195
0.792207792207792
0.746479703871008
0.792207792207792
0.792207792207792
0.792207792207792
0.609295438860656
Gen 196
0.792207792207792
0.749096430139908
0.792207792207792
0.792207792207792
0.792207792207792
0.619762343936257
Gen 197
0.792207792207792
0.736723633854068
0.792207792207792
0.792207792207792
0.792207792207792
0.570271158792898
Gen 198
0.792207792207792
0.737025785808394
0.792207792207792
0.792207792207792
0.792207792207792
0.571479766610201
Gen 199
0.792207792207792
0.726734048560135
0.792207792207792
0.792207792207792
0.792207792207792
0.530312817617166
Gen 200
0.792207792207792
0.747875399962356
0.792207792207792
0.792207792207792
0.792207792207792
0.614878223226049
Gen 201
0.792207792207792
0.739680281071585
0.792207792207792
0.792207792207792
0.792207792207792
0.582097747662965
Gen 202
0.792207792207792
0.734251333207855
0.792207792207792
0.792207792207792
0.792207792207792
0.560381956208043
Gen 203
0.792207792207792
0.718651107346759
0.792207792207792
0.792207792207792
0.792207792207792
0.497981052763662
Gen 204
0.792207792207792
0.752905828471045
0.792207792207792
0.792207792207792
0.792207792207792
0.634999937260807
Gen 205
0.792207792207792
0.748029361942405
0.792207792207792
0.792207792207792
0.792207792207792
0.615494071146245
Gen 206
0.815458937198068
0.734503670242801
0.793137838007404
0.792207792207792
0.792207792207792
0.560461258548215
Gen 207
0.815458937198068
0.751048497396323
0.794067883807015
0.792207792207792
0.792207792207792
0.625710521362695
Gen 208
0.815458937198068
0.767735742518351
0.795927975406237
0.792207792207792
0.792207792207792
0.690599410251584
Gen 209
0.815458937198068
0.745863103080494
0.797788067005459
0.792207792207792
0.792207792207792
0.601248760900935
Gen 210
0.815458937198068
0.754160612334525
0.802438296003514
0.792207792207792
0.792207792207792
0.629788568919004
Gen 211
0.815458937198068
0.722879478009912
0.811738753999624
0.792207792207792
0.792207792207792
0.495363573624443
Gen 212
0.818181818181818
0.74449438484221
0.815567852437418
0.802438296003514
0.792207792207792
0.567763598720121
Gen 213
0.818181818181818
0.705321663843402
0.815676767676768
0.809878662400402
0.792207792207792
0.403523433088651
Gen 214
0.818181818181818
0.753175732480079
0.816112428634168
0.815458937198068
0.804298387602736
0.57683317648535
Gen 215
0.818181818181818
0.727321538365016
0.816548089591568
0.815458937198068
0.808948616600791
0.46833051006964
Gen 216
0.818181818181818
0.756970826275173
0.817528326745718
0.815458937198068
0.814528891398457
0.580367149758454
Gen 217
0.818181818181818
0.77617692452475
0.818181818181818
0.816439174352218
0.815458937198068
0.654627768366899
Gen 218
0.818181818181818
0.766077420164376
0.818181818181818
0.817419411506368
0.815458937198068
0.613249513771253
Gen 219
0.818181818181818
0.760799046364263
0.818181818181818
0.818072902942468
0.815458937198068
0.591482527134701
Gen 220
0.818181818181818
0.763903005207353
0.818181818181818
0.818181818181818
0.816983750548968
0.602264633916808
Gen 221
0.818181818181818
0.774720622372797
0.818181818181818
0.818181818181818
0.817637241985068
0.644881611142481
Gen 222
0.818181818181818
0.770530648095866
0.818181818181818
0.818181818181818
0.817746157224418
0.628012798795408
Gen 223
0.819323671497585
0.756872200263505
0.818227492314449
0.818181818181818
0.817855072463768
0.573224418093983
Gen 224
0.819323671497585
0.793705000313697
0.818227492314449
0.818181818181818
0.818181818181818
0.720228872576699
Gen 225
0.819323671497585
0.768284459501851
0.818273166447079
0.818181818181818
0.818181818181818
0.618501035196688
Gen 226
0.819323671497585
0.749070079678776
0.818364514712341
0.818181818181818
0.818181818181818
0.541552167639124
Gen 227
0.819323671497585
0.767654432523998
0.818455862977602
0.818181818181818
0.818181818181818
0.615798230754752
Gen 228
0.819323671497585
0.799120396511701
0.818821256038647
0.818181818181818
0.818181818181818
0.74129669364452
Gen 229
0.836714975845411
0.775181002572307
0.820019323671498
0.818227492314449
0.818181818181818
0.644295376121463
Gen 230
0.836714975845411
0.802370537674886
0.820714975845411
0.819095300834431
0.818181818181818
0.751490055837882
Gen 231
0.836714975845411
0.807959846916369
0.820714975845411
0.819323671497585
0.818912604303909
0.772888136018571
Gen 232
0.836714975845411
0.784779471735994
0.822106280193237
0.819323671497585
0.819140974967062
0.678546960286091
Gen 233
0.836714975845411
0.747861848296631
0.824888888888889
0.819323671497585
0.819186649099693
0.528048183700358
Gen 234
0.836714975845411
0.773272225359182
0.828367149758454
0.819323671497585
0.819323671497585
0.626074408683104
Gen 235
0.836714975845411
0.743437605872389
0.834628019323672
0.819323671497585
0.819323671497585
0.500475061170713
Gen 236
0.836714975845411
0.805440115440116
0.836714975845411
0.832541062801932
0.819323671497585
0.733180751615534
Gen 237
0.836714975845411
0.756401405357927
0.836714975845411
0.836714975845411
0.823961352657005
0.528214317083882
Gen 238
0.836714975845411
0.767806637806638
0.836714975845411
0.836714975845411
0.829062801932367
0.568733797603363
Gen 239
0.836714975845411
0.774422109291674
0.836714975845411
0.836714975845411
0.835400966183575
0.588857519292302
Gen 240
0.836714975845411
0.818855637116507
0.836714975845411
0.836714975845411
0.836714975845411
0.765277620929795
Gen 241
0.836714975845411
0.82304724261246
0.836714975845411
0.836714975845411
0.836714975845411
0.782044042913608
Gen 242
0.836714975845411
0.796289855072464
0.836714975845411
0.836714975845411
0.836714975845411
0.675014492753623
Gen 243
0.836714975845411
0.783278373800113
0.836714975845411
0.836714975845411
0.836714975845411
0.62296856766422
Gen 244
0.836714975845411
0.823294685990338
0.836714975845411
0.836714975845411
0.836714975845411
0.783033816425121
Gen 245
0.836714975845411
0.802420603551038
0.836714975845411
0.836714975845411
0.836714975845411
0.699537486667921
Gen 246
0.836714975845411
0.788201518288475
0.836714975845411
0.836714975845411
0.836714975845411
0.642661145617667
Gen 247
0.836714975845411
0.788842963799485
0.836714975845411
0.836714975845411
0.836714975845411
0.64522692766171
Gen 248
0.836714975845411
0.79582683982684
0.836714975845411
0.836714975845411
0.836714975845411
0.673162431771127
Gen 249
0.836714975845411
0.789337097684924
0.836714975845411
0.836714975845411
0.836714975845411
0.647203463203463
Gen 250
0.836714975845411
0.733891335717423
0.836714975845411
0.836714975845411
0.836714975845411
0.425420415333459
Gen 251
0.836714975845411
0.7638869439739
0.836714975845411
0.836714975845411
0.836714975845411
0.54540284835937
Gen 252
0.836714975845411
0.792768429637995
0.836714975845411
0.836714975845411
0.836714975845411
0.660928791015747
Gen 253
0.836714975845411
0.810885877407617
0.836714975845411
0.836714975845411
0.836714975845411
0.733398582094234
Gen 254
0.836714975845411
0.788415709893971
0.836714975845411
0.836714975845411
0.836714975845411
0.643517912039651
Gen 255
0.836714975845411
0.815487797226928
0.836714975845411
0.836714975845411
0.836714975845411
0.751806261371479
Gen 256
0.836714975845411
0.819745027918941
0.836714975845411
0.836714975845411
0.836714975845411
0.768835184139532
Gen 257
0.836714975845411
0.801982558504298
0.836714975845411
0.836714975845411
0.836714975845411
0.697785306480959
Gen 258
0.836714975845411
0.791193926846101
0.836714975845411
0.836714975845411
0.836714975845411
0.654630779848171
Gen 259
0.836714975845411
0.805121149382019
0.836714975845411
0.836714975845411
0.836714975845411
0.710339669991844
Gen 260
0.848484848484849
0.804375305853567
0.837185770750988
0.836714975845411
0.836714975845411
0.706885500972457
Gen 261
0.848484848484849
0.76344613840266
0.837656565656566
0.836714975845411
0.836714975845411
0.542698036263254
Gen 262
0.848484848484849
0.811549030679465
0.838127360562143
0.836714975845411
0.836714975845411
0.734638810464897
Gen 263
0.848484848484849
0.783902503293808
0.838127360562143
0.836714975845411
0.836714975845411
0.624052700922266
Gen 264
0.848484848484849
0.78798042537173
0.839539745278876
0.836714975845411
0.836714975845411
0.638952004517222
Gen 265
0.848484848484849
0.788838321099191
0.842364514712341
0.836714975845411
0.836714975845411
0.639558817993601
Gen 266
0.848484848484849
0.802270531400966
0.848014053579271
0.836714975845411
0.836714975845411
0.687638120333772
Gen 267
0.848484848484849
0.776294246815985
0.848484848484848
0.843776899429073
0.836714975845411
0.576200263504611
Gen 268
0.848484848484849
0.808823012736057
0.848484848484848
0.848484848484848
0.840952129995608
0.69737022397892
Gen 269
0.848484848484849
0.809504611330699
0.848484848484848
0.848484848484848
0.843970136144049
0.697078612209047
Gen 270
0.848484848484849
0.806959407742017
0.848484848484848
0.848484848484848
0.846324110671936
0.684543823326432
Gen 271
0.848484848484849
0.811884057971015
0.848484848484848
0.848484848484848
0.848484848484848
0.702081686429512
Gen 272
0.848484848484849
0.823982934939457
0.848484848484848
0.848484848484848
0.848484848484848
0.750477194303281
Gen 273
0.848484848484849
0.822795156534287
0.848484848484848
0.848484848484848
0.848484848484848
0.745726080682602
Gen 274
0.848484848484849
0.781662212183952
0.848484848484848
0.848484848484848
0.848484848484848
0.58119430328126
Gen 275
0.848484848484849
0.823803626325366
0.848484848484848
0.848484848484848
0.848484848484848
0.749759959846916
Gen 276
0.848484848484849
0.774198381328816
0.848484848484848
0.848484848484848
0.848484848484848
0.551338979860719
Gen 277
0.848484848484849
0.819095300834431
0.848484848484848
0.848484848484848
0.848484848484848
0.730926657883179
Gen 278
0.848484848484849
0.800988267770877
0.848484848484848
0.848484848484848
0.848484848484848
0.658498525628961
Gen 279
0.848484848484849
0.806546583850932
0.848484848484848
0.848484848484848
0.848484848484848
0.680731789949181
Gen 280
0.848484848484849
0.769037580776712
0.848484848484848
0.848484848484848
0.848484848484848
0.530695777652299
Gen 281
0.848484848484849
0.796828910220215
0.848484848484848
0.848484848484848
0.848484848484848
0.641861095426313
Gen 282
0.848484848484849
0.79396085074346
0.848484848484848
0.848484848484848
0.848484848484848
0.630388857519292
Gen 283
0.848484848484849
0.802982370286718
0.848484848484848
0.848484848484848
0.848484848484848
0.666474935692327
Gen 284
0.848484848484849
0.78204090595395
0.848484848484848
0.848484848484848
0.848484848484848
0.582709078361252
Gen 285
0.848484848484849
0.815774766296506
0.848484848484848
0.848484848484848
0.848484848484848
0.717644519731476
Gen 286
0.848484848484849
0.747004454482716
0.848484848484848
0.848484848484848
0.848484848484848
0.442563272476316
Gen 287
0.848484848484849
0.818924273793839
0.848484848484848
0.848484848484848
0.848484848484848
0.73024254972081
Gen 288
0.848484848484849
0.780369784804568
0.848484848484848
0.848484848484848
0.848484848484848
0.576024593763724
Gen 289
0.848484848484849
0.811339356295879
0.848484848484848
0.848484848484848
0.848484848484848
0.699902879728967
Gen 290
0.848484848484849
0.820570926657883
0.848484848484848
0.848484848484848
0.848484848484848
0.736829161176987
Gen 291
0.848484848484849
0.824788631658197
0.848484848484848
0.848484848484848
0.848484848484848
0.753699981178242
Gen 292
0.848484848484849
0.786659890833804
0.848484848484848
0.848484848484848
0.848484848484848
0.60118501788067
Gen 293
0.848484848484849
0.815818056339796
0.848484848484848
0.848484848484848
0.848484848484848
0.717817679904636
Gen 294
0.848484848484849
0.820827529957965
0.848484848484848
0.848484848484848
0.848484848484848
0.737855574377313
Gen 295
0.848484848484849
0.799610766045549
0.848484848484848
0.848484848484848
0.848484848484848
0.652988518727649
Gen 296
0.848484848484849
0.800780726519857
0.848484848484848
0.848484848484848
0.848484848484848
0.657668360624882
Gen 297
0.848484848484849
0.809328063241107
0.848484848484848
0.848484848484848
0.848484848484848
0.691857707509881
Gen 298
0.848484848484849
0.839124788255223
0.848484848484848
0.848484848484848
0.848484848484848
0.811044607566346
Gen 299
0.848484848484849
0.784091724700421
0.848484848484848
0.848484848484848
0.848484848484848
0.590912353347136
Gen 300
0.848484848484849
0.794853754940712
0.848484848484848
0.848484848484848
0.848484848484848
0.6339604743083
Gen 301
0.863768115942029
0.804414204153335
0.849096179183135
0.848484848484848
0.848484848484848
0.671590940460506
Gen 302
0.863768115942029
0.733345881171969
0.849707509881423
0.848484848484848
0.848484848484848
0.386706317836753
Gen 303
0.863768115942029
0.811685802120585
0.851541501976284
0.848484848484848
0.848484848484848
0.698232009536357
Gen 304
0.863768115942029
0.807341740385219
0.85459815546772
0.848484848484848
0.848484848484848
0.677799109103457
Gen 305
0.863768115942029
0.804645335340988
0.859334211682038
0.848484848484848
0.848484848484848
0.662277432712215
Gen 306
0.863768115942029
0.818788757136583
0.863768115942029
0.851386912604303
0.848484848484848
0.711515151515151
Gen 307
0.863768115942029
0.804277432712216
0.863768115942029
0.859488801054018
0.848484848484848
0.645367965367965
Gen 308
0.863768115942029
0.803983938766547
0.863768115942029
0.863768115942029
0.852764163372859
0.635635359809273
Gen 309
0.863768115942029
0.839887696844218
0.863768115942029
0.863768115942029
0.859488801054018
0.772525754438798
Gen 310
0.863768115942029
0.798899554551728
0.863768115942029
0.863768115942029
0.861206851119895
0.606855135202961
Gen 311
0.863768115942029
0.83203776899429
0.863768115942029
0.863768115942029
0.863768115942029
0.736846728151076
Gen 312
0.863768115942029
0.807339356295877
0.863768115942029
0.863768115942029
0.863768115942029
0.638053077357425
Gen 313
0.863768115942029
0.819826588870066
0.863768115942029
0.863768115942029
0.863768115942029
0.688002007654182
Gen 314
0.863768115942029
0.829792333270593
0.863768115942029
0.863768115942029
0.863768115942029
0.72786498525629
Gen 315
0.863768115942029
0.812813476378693
0.863768115942029
0.863768115942029
0.863768115942029
0.659949557688688
Gen 316
0.863768115942029
0.823608130999435
0.863768115942029
0.863768115942029
0.863768115942029
0.703128176171655
Gen 317
0.863768115942029
0.757159169333082
0.863768115942029
0.863768115942029
0.863768115942029
0.437332329506243
Gen 318
0.863768115942029
0.810656628395758
0.863768115942029
0.863768115942029
0.863768115942029
0.651322165756948
Gen 319
0.863768115942029
0.827086893782545
0.863768115942029
0.863768115942029
0.863768115942029
0.717043227304097
Gen 320
0.863768115942029
0.824593763724198
0.863768115942029
0.863768115942029
0.863768115942029
0.707070707070707
Gen 321
0.863768115942029
0.819164690382082
0.863768115942029
0.863768115942029
0.863768115942029
0.68535441370224
Gen 322
0.863768115942029
0.779477257042474
0.863768115942029
0.863768115942029
0.863768115942029
0.526604680343811
Gen 323
0.863768115942029
0.795685927598971
0.863768115942029
0.863768115942029
0.863768115942029
0.591439362569797
Gen 324
0.863768115942029
0.794049940397766
0.863768115942029
0.863768115942029
0.863768115942029
0.584895413764979
Gen 325
0.863768115942029
0.797870631783675
0.863768115942029
0.863768115942029
0.863768115942029
0.600178179308614
Gen 326
0.863768115942029
0.818530271660706
0.863768115942029
0.863768115942029
0.863768115942029
0.682816738816739
Gen 327
0.863768115942029
0.829176359872011
0.863768115942029
0.863768115942029
0.863768115942029
0.725401091661961
Gen 328
0.87012987012987
0.813363950059601
0.864022586109543
0.863768115942029
0.863768115942029
0.661896982244809
Gen 329
0.87012987012987
0.804313695965869
0.864277056277057
0.863768115942029
0.863768115942029
0.625441495702366
Gen 330
0.87012987012987
0.8091571616789
0.864785996612084
0.863768115942029
0.863768115942029
0.644306418219462
Gen 331
0.87012987012987
0.794296003513394
0.865803877282138
0.863768115942029
0.863768115942029
0.583843904887383
Gen 332
0.87012987012987
0.837017629713281
0.868094108789761
0.863768115942029
0.863768115942029
0.752440178179309
Gen 333
0.87012987012987
0.800053328314197
0.87012987012987
0.865294936947111
0.863768115942029
0.601020390237782
Gen 334
0.87012987012987
0.814284083066691
0.87012987012987
0.87012987012987
0.863768115942029
0.653108476064998
Gen 335
0.87012987012987
0.76709843779409
0.87012987012987
0.87012987012987
0.866567287784679
0.461566723131941
Gen 336
0.87012987012987
0.824957274609448
0.87012987012987
0.87012987012987
0.869366459627329
0.690202898550725
Gen 337
0.87012987012987
0.820059100319969
0.87012987012987
0.87012987012987
0.87012987012987
0.669846790890269
Gen 338
0.87012987012987
0.799450404667796
0.87012987012987
0.87012987012987
0.87012987012987
0.587412008281574
Gen 339
0.87012987012987
0.859856201769246
0.87012987012987
0.87012987012987
0.87012987012987
0.829035196687371
Gen 340
0.87012987012987
0.844210176297133
0.87012987012987
0.87012987012987
0.87012987012987
0.766451094798921
Gen 341
0.87012987012987
0.806194616977226
0.87012987012987
0.87012987012987
0.87012987012987
0.614388857519292
Gen 342
0.87012987012987
0.834469414643328
0.87012987012987
0.87012987012987
0.87012987012987
0.727488048183701
Gen 343
0.87012987012987
0.830755881799361
0.87012987012987
0.87012987012987
0.87012987012987
0.71263391680783
Gen 344
0.87012987012987
0.792221218395132
0.87012987012987
0.87012987012987
0.87012987012987
0.558495263190915
Gen 345
0.87012987012987
0.829112993286907
0.87012987012987
0.87012987012987
0.87012987012987
0.706062362758015
Gen 346
0.87012987012987
0.8385542380325
0.87012987012987
0.87012987012987
0.87012987012987
0.743827341740385
Gen 347
0.87012987012987
0.774066754501538
0.87012987012987
0.87012987012987
0.87012987012987
0.485877407616538
Gen 348
0.87012987012987
0.832641947424557
0.87012987012987
0.87012987012987
0.87012987012987
0.720178179308614
Gen 349
0.87012987012987
0.811348516218082
0.87012987012987
0.87012987012987
0.87012987012987
0.635004454482715
Gen 350
0.87012987012987
0.778727272727273
0.87012987012987
0.87012987012987
0.87012987012987
0.50451948051948
Gen 351
0.87012987012987
0.835567977915805
0.87012987012987
0.87012987012987
0.87012987012987
0.731882301273606
Gen 352
0.87012987012987
0.841500345065563
0.87012987012987
0.87012987012987
0.87012987012987
0.755611769872639
Gen 353
0.87012987012987
0.809439488048185
0.87012987012987
0.87012987012987
0.87012987012987
0.627368341803124
Gen 354
0.87012987012987
0.827988455988457
0.87012987012987
0.87012987012987
0.87012987012987
0.701564213564214
Gen 355
0.87012987012987
0.757901875901876
0.87012987012987
0.87012987012987
0.87012987012987
0.421217893217893
Gen 356
0.87012987012987
0.810806324110673
0.87012987012987
0.87012987012987
0.87012987012987
0.632835686053077
Gen 357
0.87012987012987
0.815568228872578
0.87012987012987
0.87012987012987
0.87012987012987
0.651883305100696
Gen 358
0.87012987012987
0.784588744588746
0.87012987012987
0.87012987012987
0.87012987012987
0.527965367965368
Gen 359
0.87012987012987
0.819608758391368
0.87012987012987
0.87012987012987
0.87012987012987
0.668045423175858
Gen 360
0.87012987012987
0.829405106970325
0.87012987012987
0.87012987012987
0.87012987012987
0.707230817491687
Gen 361
0.87012987012987
0.825121023903634
0.87012987012987
0.87012987012987
0.87012987012987
0.69009448522492
Gen 362
0.87012987012987
0.846806826024218
0.87012987012987
0.87012987012987
0.87012987012987
0.776837693707259
Gen 363
0.87012987012987
0.811875023527198
0.87012987012987
0.87012987012987
0.87012987012987
0.637110483719179
Gen 364
0.87012987012987
0.779675387414518
0.87012987012987
0.87012987012987
0.87012987012987
0.508311939268461
Gen 365
0.87012987012987
0.81971277997365
0.87012987012987
0.87012987012987
0.87012987012987
0.668461509504988
Gen 366
0.87012987012987
0.815270719618547
0.87012987012987
0.87012987012987
0.87012987012987
0.650693268084573
Gen 367
0.87012987012987
0.815049250266643
0.87012987012987
0.87012987012987
0.87012987012987
0.649807390676956
Gen 368
0.87012987012987
0.821857582031496
0.87012987012987
0.87012987012987
0.87012987012987
0.67704071773637
Gen 369
0.87012987012987
0.832069013112492
0.87012987012987
0.87012987012987
0.87012987012987
0.717886442060355
Gen 370
0.87012987012987
0.751544137022399
0.87012987012987
0.87012987012987
0.87012987012987
0.395786937699981
Gen 371
0.87012987012987
0.81904761904762
0.87012987012987
0.87012987012987
0.87012987012987
0.665800865800866
Gen 372
0.87012987012987
0.837835497835499
0.87012987012987
0.87012987012987
0.87012987012987
0.740952380952381
Gen 373
0.87012987012987
0.816929041972521
0.87012987012987
0.87012987012987
0.87012987012987
0.657326557500471
Gen 374
0.87012987012987
0.806564276303407
0.87012987012987
0.87012987012987
0.87012987012987
0.615867494824016
Gen 375
0.87012987012987
0.830639061421671
0.87012987012987
0.87012987012987
0.87012987012987
0.71216663529707
Gen 376
0.87012987012987
0.851269088399524
0.87012987012987
0.87012987012987
0.87012987012987
0.794686743208483
Gen 377
0.87012987012987
0.811395445134576
0.87012987012987
0.87012987012987
0.87012987012987
0.635192170148692
Gen 378
0.87012987012987
0.804349080870821
0.87012987012987
0.87012987012987
0.87012987012987
0.60700671309367
Gen 379
0.87012987012987
0.840430014430015
0.87012987012987
0.87012987012987
0.87012987012987
0.751330447330447
Gen 380
0.87012987012987
0.826341050254095
0.87012987012987
0.87012987012987
0.87012987012987
0.694974590626765
Gen 381
0.87012987012987
0.820858021205848
0.87012987012987
0.87012987012987
0.87012987012987
0.673042474433779
Gen 382
0.87012987012987
0.827802246063116
0.87012987012987
0.87012987012987
0.87012987012987
0.700819373862852
Gen 383
0.87012987012987
0.825715164062991
0.87012987012987
0.87012987012987
0.87012987012987
0.69247104586235
Gen 384
0.87012987012987
0.830825145868625
0.87012987012987
0.87012987012987
0.87012987012987
0.712910973084886
Gen 385
0.87012987012987
0.811341489428447
0.87012987012987
0.87012987012987
0.87012987012987
0.634976347324174
Gen 386
0.87012987012987
0.812015433841521
0.87012987012987
0.87012987012987
0.87012987012987
0.637672124976473
Gen 387
0.87012987012987
0.834949118514337
0.87012987012987
0.87012987012987
0.87012987012987
0.729406863667733
Gen 388
0.87012987012987
0.826965179747789
0.87012987012987
0.87012987012987
0.87012987012987
0.697471108601543
Gen 389
0.87012987012987
0.814076541815673
0.87012987012987
0.87012987012987
0.87012987012987
0.645916556873079
Gen 390
0.87012987012987
0.840452098626013
0.87012987012987
0.87012987012987
0.87012987012987
0.751418784114436
Gen 391
0.87012987012987
0.774859777903257
0.87012987012987
0.87012987012987
0.87012987012987
0.489049501223414
Gen 392
0.87012987012987
0.797579396448962
0.87012987012987
0.87012987012987
0.87012987012987
0.579927975406236
Gen 393
0.87012987012987
0.794344689127299
0.87012987012987
0.87012987012987
0.87012987012987
0.566989146119581
Gen 394
0.87012987012987
0.792099127925216
0.87012987012987
0.87012987012987
0.87012987012987
0.558006901311249
Gen 395
0.87012987012987
0.852627893845286
0.87012987012987
0.87012987012987
0.87012987012987
0.80012196499153
Gen 396
0.87012987012987
0.796557124035386
0.87012987012987
0.87012987012987
0.87012987012987
0.575838885751929
Gen 397
0.87012987012987
0.841135077482905
0.87012987012987
0.87012987012987
0.87012987012987
0.754150699542004
Gen 398
0.87012987012987
0.844880356358618
0.87012987012987
0.87012987012987
0.87012987012987
0.769131815044859
Gen 399
0.87012987012987
0.826268900181945
0.87012987012987
0.87012987012987
0.87012987012987
0.694685990338164
Gen 400
0.87012987012987
0.827372106154716
0.87012987012987
0.87012987012987
0.87012987012987
0.699098814229249
Gen 401
0.882125603864734
0.842023213501475
0.870609699479264
0.87012987012987
0.87012987012987
0.757223414266892
Gen 402
0.882125603864734
0.83279816801556
0.871089528828659
0.87012987012987
0.87012987012987
0.719843402973838
Gen 403
0.882125603864734
0.764815860468035
0.871089528828659
0.87012987012987
0.87012987012987
0.447914172783738
Gen 404
0.882125603864734
0.812624756885627
0.872049187527448
0.87012987012987
0.87012987012987
0.638190099755317
Gen 405
0.882125603864734
0.809040592257984
0.873488675575632
0.87012987012987
0.87012987012987
0.622413953196562
Gen 406
0.882125603864734
0.813184641445512
0.877327310370788
0.87012987012987
0.87012987012987
0.635151515151515
Gen 407
0.882125603864734
0.785883179622311
0.882125603864734
0.873008846226237
0.87012987012987
0.518268398268398
Gen 408
0.882125603864734
0.812842461885941
0.882125603864734
0.882125603864734
0.872313194052324
0.614805445761968
Gen 409
0.882125603864734
0.791169458560764
0.882125603864734
0.882125603864734
0.874100508187465
0.526326118326118
Gen 410
0.882125603864734
0.812370537674886
0.882125603864734
0.882125603864734
0.881645774515339
0.603585168454734
Gen 411
0.885024154589372
0.835464709203841
0.88224154589372
0.882125603864734
0.882125603864734
0.69536608319217
Gen 412
0.885024154589372
0.842723131940524
0.882357487922705
0.882125603864734
0.882125603864734
0.724283832109919
Gen 413
0.885024154589372
0.85283631344501
0.882589371980676
0.882125603864734
0.882125603864734
0.764504674069892
Gen 414
0.885024154589372
0.808759018759019
0.882705314009661
0.882125603864734
0.882125603864734
0.588079553296945
Gen 415
0.885024154589372
0.796162745467094
0.883285024154589
0.882125603864734
0.882125603864734
0.537114749984315
Gen 416
0.885024154589372
0.813734613212875
0.88456038647343
0.882125603864734
0.882125603864734
0.606126858648598
Gen 417
0.885024154589372
0.822734926908841
0.885024154589372
0.883632850241545
0.882125603864734
0.640157098939708
Gen 418
0.885024154589372
0.85437179245875
0.885024154589372
0.885024154589372
0.883053140096618
0.764385720559634
Gen 419
0.885024154589372
0.797307484785747
0.885024154589372
0.885024154589372
0.883169082125604
0.536012547838635
Gen 420
0.885024154589372
0.812705314009663
0.885024154589372
0.885024154589372
0.884676328502415
0.596096618357488
Gen 421
0.885024154589372
0.810175293305729
0.885024154589372
0.885024154589372
0.885024154589372
0.585628709454797
Gen 422
0.885024154589372
0.804743961352658
0.885024154589372
0.885024154589372
0.885024154589372
0.563903381642512
Gen 423
0.885024154589372
0.821594202898552
0.885024154589372
0.885024154589372
0.885024154589372
0.631304347826087
Gen 424
0.885024154589372
0.848111926720624
0.885024154589372
0.885024154589372
0.885024154589372
0.737375243114373
Gen 425
0.885024154589372
0.801985820942344
0.885024154589372
0.885024154589372
0.885024154589372
0.552870820001255
Gen 426
0.885024154589372
0.791562456866806
0.885024154589372
0.885024154589372
0.885024154589372
0.511177363699103
Gen 427
0.885024154589372
0.826944099378883
0.885024154589372
0.885024154589372
0.885024154589372
0.652703933747412
Gen 428
0.885024154589372
0.830401656314701
0.885024154589372
0.885024154589372
0.885024154589372
0.666534161490683
Gen 429
0.885024154589372
0.855899240855764
0.885024154589372
0.885024154589372
0.885024154589372
0.768524499654935
Gen 430
0.885024154589372
0.794734801430455
0.885024154589372
0.885024154589372
0.885024154589372
0.523866741953699
Gen 431
0.885024154589372
0.837715665976537
0.885024154589372
0.885024154589372
0.885024154589372
0.695790200138026
Gen 432
0.885024154589372
0.831910282953762
0.885024154589372
0.885024154589372
0.885024154589372
0.672568668046929
Gen 433
0.885024154589372
0.854783988957903
0.885024154589372
0.885024154589372
0.885024154589372
0.764063492063492
Gen 434
0.885024154589372
0.845798481711526
0.885024154589372
0.885024154589372
0.885024154589372
0.728121463077985
Gen 435
0.885024154589372
0.819845410628021
0.885024154589372
0.885024154589372
0.885024154589372
0.624309178743961
Gen 436
0.885024154589372
0.823599849425938
0.885024154589372
0.885024154589372
0.885024154589372
0.63932693393563
Gen 437
0.885024154589372
0.857000815609513
0.885024154589372
0.885024154589372
0.885024154589372
0.772930798669929
Gen 438
0.885024154589372
0.864146433276869
0.885024154589372
0.885024154589372
0.885024154589372
0.801513269339356
Gen 439
0.885024154589372
0.811251897860594
0.885024154589372
0.885024154589372
0.885024154589372
0.589935127674258
Gen 440
0.885024154589372
0.839120772946861
0.885024154589372
0.885024154589372
0.885024154589372
0.701410628019324
Gen 441
0.885024154589372
0.828894409937889
0.885024154589372
0.885024154589372
0.885024154589372
0.660505175983437
Gen 442
0.885024154589372
0.85713043478261
0.885024154589372
0.885024154589372
0.885024154589372
0.773449275362319
Gen 443
0.885024154589372
0.82169082125604
0.885024154589372
0.885024154589372
0.885024154589372
0.631690821256039
Gen 444
0.885024154589372
0.839541752933059
0.885024154589372
0.885024154589372
0.885024154589372
0.703094547964113
Gen 445
0.885024154589372
0.791678398895791
0.885024154589372
0.885024154589372
0.885024154589372
0.511641131815045
Gen 446
0.885024154589372
0.835650793650795
0.885024154589372
0.885024154589372
0.885024154589372
0.687530710835059
Gen 447
0.885024154589372
0.83912905452036
0.885024154589372
0.885024154589372
0.885024154589372
0.70144375431332
Gen 448
0.885024154589372
0.799859213250519
0.885024154589372
0.885024154589372
0.885024154589372
0.544364389233954
Gen 449
0.885024154589372
0.844501035196689
0.885024154589372
0.885024154589372
0.885024154589372
0.722931677018634
Gen 450
0.885024154589372
0.796324487107097
0.885024154589372
0.885024154589372
0.885024154589372
0.530225484660267
Gen 451
0.885024154589372
0.835673128803565
0.885024154589372
0.885024154589372
0.885024154589372
0.687620051446138
Gen 452
0.885024154589372
0.830527385657822
0.885024154589372
0.885024154589372
0.885024154589372
0.667037078863166
Gen 453
0.885024154589372
0.848111926720624
0.885024154589372
0.885024154589372
0.885024154589372
0.737375243114373
Gen 454
0.885024154589372
0.858247192421107
0.885024154589372
0.885024154589372
0.885024154589372
0.777916305916306
Gen 455
0.885024154589372
0.843548779722694
0.885024154589372
0.885024154589372
0.885024154589372
0.719122655122655
Gen 456
0.885024154589372
0.869094673442501
0.885024154589372
0.885024154589372
0.885024154589372
0.821306230001882
Gen 457
0.885024154589372
0.806610201392811
0.885024154589372
0.885024154589372
0.885024154589372
0.571368341803124
Gen 458
0.885024154589372
0.83374201643767
0.885024154589372
0.885024154589372
0.885024154589372
0.679895601982559
Gen 459
0.885024154589372
0.803683919944791
0.885024154589372
0.885024154589372
0.885024154589372
0.559663216011042
Gen 460
0.885024154589372
0.834216952129997
0.885024154589372
0.885024154589372
0.885024154589372
0.681795344751866
Gen 461
0.885024154589372
0.849819185645274
0.885024154589372
0.885024154589372
0.885024154589372
0.744204278812975
Gen 462
0.885024154589372
0.832310559006212
0.885024154589372
0.885024154589372
0.885024154589372
0.674169772256729
Gen 463
0.885024154589372
0.810743961352658
0.885024154589372
0.885024154589372
0.885024154589372
0.587903381642512
Gen 464
0.885024154589372
0.841091787439615
0.885024154589372
0.885024154589372
0.885024154589372
0.709294685990338
Gen 465
0.885024154589372
0.810945479641133
0.885024154589372
0.885024154589372
0.885024154589372
0.588709454796411
Gen 466
0.885024154589372
0.830007026789637
0.885024154589372
0.885024154589372
0.885024154589372
0.664955643390426
Gen 467
0.885024154589372
0.791272727272728
0.885024154589372
0.885024154589372
0.885024154589372
0.510018445322793
Gen 468
0.885024154589372
0.848770311813791
0.885024154589372
0.885024154589372
0.885024154589372
0.740008783487044
Gen 469
0.885024154589372
0.840305163435599
0.885024154589372
0.885024154589372
0.885024154589372
0.706148189974277
Gen 470
0.885024154589372
0.827218897044985
0.885024154589372
0.885024154589372
0.885024154589372
0.65380312441182
Gen 471
0.885024154589372
0.863628834933184
0.885024154589372
0.885024154589372
0.885024154589372
0.799442875964615
Gen 472
0.885024154589372
0.827566723131942
0.885024154589372
0.885024154589372
0.885024154589372
0.655194428759646
Gen 473
0.885024154589372
0.834788129744653
0.885024154589372
0.885024154589372
0.885024154589372
0.68408005521049
Gen 474
0.885024154589372
0.792821381517035
0.885024154589372
0.885024154589372
0.885024154589372
0.516213062300019
Gen 475
0.885024154589372
0.820998055085013
0.885024154589372
0.885024154589372
0.885024154589372
0.628919756571931
Gen 476
0.885024154589372
0.818154589371982
0.885024154589372
0.885024154589372
0.885024154589372
0.617545893719807
Gen 477
0.885024154589372
0.820160110420981
0.885024154589372
0.885024154589372
0.885024154589372
0.625567977915804
Gen 478
0.885024154589372
0.801773762469416
0.885024154589372
0.885024154589372
0.885024154589372
0.552022586109543
Gen 479
0.885024154589372
0.838672313194054
0.885024154589372
0.885024154589372
0.885024154589372
0.699616789008093
Gen 480
0.885024154589372
0.872289855072465
0.885024154589372
0.885024154589372
0.885024154589372
0.834086956521739
Gen 481
0.885024154589372
0.854589371980678
0.885024154589372
0.885024154589372
0.885024154589372
0.763285024154589
Gen 482
0.885024154589372
0.838772946859905
0.885024154589372
0.885024154589372
0.885024154589372
0.700019323671498
Gen 483
0.885024154589372
0.853758454106282
0.885024154589372
0.885024154589372
0.885024154589372
0.759961352657005
Gen 484
0.885024154589372
0.790575569358179
0.885024154589372
0.885024154589372
0.885024154589372
0.507229813664596
Gen 485
0.885024154589372
0.867159420289856
0.885024154589372
0.885024154589372
0.885024154589372
0.813565217391304
Gen 486
0.885024154589372
0.829178743961354
0.885024154589372
0.885024154589372
0.885024154589372
0.661642512077295
Gen 487
0.885024154589372
0.82738779095301
0.885024154589372
0.885024154589372
0.885024154589372
0.654478700043918
Gen 488
0.885024154589372
0.806115942028987
0.885024154589372
0.885024154589372
0.885024154589372
0.569391304347826
Gen 489
0.885024154589372
0.876144927536233
0.885024154589372
0.885024154589372
0.885024154589372
0.849507246376812
Gen 490
0.885024154589372
0.798793650793652
0.885024154589372
0.885024154589372
0.885024154589372
0.540102139406487
Gen 491
0.885024154589372
0.816069013112493
0.885024154589372
0.885024154589372
0.885024154589372
0.60920358868185
Gen 492
0.885024154589372
0.832218081435474
0.885024154589372
0.885024154589372
0.885024154589372
0.673799861973775
Gen 493
0.885024154589372
0.833062425497209
0.885024154589372
0.885024154589372
0.885024154589372
0.677177238220717
Gen 494
0.885024154589372
0.810571052136271
0.885024154589372
0.885024154589372
0.885024154589372
0.587211744776962
Gen 495
0.885024154589372
0.811016876842965
0.885024154589372
0.885024154589372
0.885024154589372
0.588995043603739
Gen 496
0.885024154589372
0.832690131124915
0.885024154589372
0.885024154589372
0.885024154589372
0.675688060731539
Gen 497
0.885024154589372
0.806833678398897
0.885024154589372
0.885024154589372
0.885024154589372
0.572262249827467
Gen 498
0.885024154589372
0.857464458247068
0.885024154589372
0.885024154589372
0.885024154589372
0.774785369220152
Gen 499
0.885024154589372
0.806550724637682
0.885024154589372
0.885024154589372
0.885024154589372
0.571130434782609
Gen 500
0.885024154589372
0.839396825396827
0.885024154589372
0.885024154589372
0.885024154589372
0.702514837819186
