Gen 1
0,0476190476190476
0,0303030303030303
0,0144927536231884
0
0
0
0
0
0
0
0
0
0
0
0
0
0
0
0
0
Gen 2
0,0476190476190476
0,0476190476190476
0,0476190476190476
0,0476190476190476
0,0476190476190476
0,0476190476190476
0,0476190476190476
0,0303030303030303
0,0144927536231884
0
0
0
0
0
0
0
0
0
0
0
Gen 3
0,0476190476190476
0,0476190476190476
0,0476190476190476
0,0476190476190476
0,0476190476190476
0,0476190476190476
0,0476190476190476
0,0476190476190476
0,0476190476190476
0,0476190476190476
0,0476190476190476
0,0476190476190476
0,0476190476190476
0,0476190476190476
0,0476190476190476
0,0476190476190476
0,0476190476190476
0,0476190476190476
0
0
Gen 4
0,0476190476190476
0,0476190476190476
0,0476190476190476
0,0476190476190476
0,0476190476190476
0,0476190476190476
0,0476190476190476
0,0476190476190476
0,0476190476190476
0,0476190476190476
0,0476190476190476
0,0476190476190476
0,0476190476190476
0,0476190476190476
0,0476190476190476
0,0476190476190476
0,0476190476190476
0,0476190476190476
0,0476190476190476
0,0476190476190476
Gen 5
0,0476190476190476
0,0476190476190476
0,0476190476190476
0,0476190476190476
0,0476190476190476
0,0476190476190476
0,0476190476190476
0,0476190476190476
0,0476190476190476
0,0476190476190476
0,0476190476190476
0,0476190476190476
0,0476190476190476
0,0476190476190476
0,0476190476190476
0,0476190476190476
0,0476190476190476
0,0476190476190476
0,0476190476190476
0,0476190476190476
Gen 6
0,0476190476190476
0,0476190476190476
0,0476190476190476
0,0476190476190476
0,0476190476190476
0,0476190476190476
0,0476190476190476
0,0476190476190476
0,0476190476190476
0,0476190476190476
0,0476190476190476
0,0476190476190476
0,0476190476190476
0,0476190476190476
0,0476190476190476
0,0476190476190476
0,0476190476190476
0,0476190476190476
0,0476190476190476
0,0476190476190476
Gen 7
0,0476190476190476
0,0476190476190476
0,0476190476190476
0,0476190476190476
0,0476190476190476
0,0476190476190476
0,0476190476190476
0,0476190476190476
0,0476190476190476
0,0476190476190476
0,0476190476190476
0,0476190476190476
0,0476190476190476
0,0476190476190476
0,0476190476190476
0,0476190476190476
0,0476190476190476
0,0476190476190476
0,0476190476190476
0,0476190476190476
Gen 8
0,0476190476190476
0,0476190476190476
0,0476190476190476
0,0476190476190476
0,0476190476190476
0,0476190476190476
0,0476190476190476
0,0476190476190476
0,0476190476190476
0,0476190476190476
0,0476190476190476
0,0476190476190476
0,0476190476190476
0,0476190476190476
0,0476190476190476
0,0476190476190476
0,0476190476190476
0,0476190476190476
0,0476190476190476
0,0476190476190476
Gen 9
0,0476190476190476
0,0476190476190476
0,0476190476190476
0,0476190476190476
0,0476190476190476
0,0476190476190476
0,0476190476190476
0,0476190476190476
0,0476190476190476
0,0476190476190476
0,0476190476190476
0,0476190476190476
0,0476190476190476
0,0476190476190476
0,0476190476190476
0,0476190476190476
0,0476190476190476
0,0476190476190476
0,0476190476190476
0,0476190476190476
Gen 10
0,0476190476190476
0,0476190476190476
0,0476190476190476
0,0476190476190476
0,0476190476190476
0,0476190476190476
0,0476190476190476
0,0476190476190476
0,0476190476190476
0,0476190476190476
0,0476190476190476
0,0476190476190476
0,0476190476190476
0,0476190476190476
0,0476190476190476
0,0476190476190476
0,0476190476190476
0,0476190476190476
0
0
Gen 11
0,0476190476190476
0,0476190476190476
0,0476190476190476
0,0476190476190476
0,0476190476190476
0,0476190476190476
0,0476190476190476
0,0476190476190476
0,0476190476190476
0,0476190476190476
0,0476190476190476
0,0476190476190476
0,0476190476190476
0,0476190476190476
0,0476190476190476
0,0476190476190476
0,0476190476190476
0,0476190476190476
0,0476190476190476
0,0476190476190476
Gen 12
0,0952380952380952
0,0476190476190476
0,0476190476190476
0,0476190476190476
0,0476190476190476
0,0476190476190476
0,0476190476190476
0,0476190476190476
0,0476190476190476
0,0476190476190476
0,0476190476190476
0,0476190476190476
0,0476190476190476
0,0476190476190476
0,0476190476190476
0,0476190476190476
0,0476190476190476
0,0476190476190476
0,0476190476190476
0,0476190476190476
Gen 13
0,0952380952380952
0,0952380952380952
0,0952380952380952
0,0952380952380952
0,0952380952380952
0,0952380952380952
0,0952380952380952
0,0952380952380952
0,0476190476190476
0,0476190476190476
0,0476190476190476
0,0476190476190476
0,0476190476190476
0,0476190476190476
0,0476190476190476
0,0476190476190476
0,0476190476190476
0,0476190476190476
0,0476190476190476
0,0476190476190476
Gen 14
0,0952380952380952
0,0952380952380952
0,0952380952380952
0,0952380952380952
0,0952380952380952
0,0952380952380952
0,0952380952380952
0,0952380952380952
0,0952380952380952
0,0952380952380952
0,0952380952380952
0,0952380952380952
0,0952380952380952
0,0952380952380952
0,0952380952380952
0,0952380952380952
0,0952380952380952
0,0952380952380952
0,0952380952380952
0,0952380952380952
Gen 15
0,0952380952380952
0,0952380952380952
0,0952380952380952
0,0952380952380952
0,0952380952380952
0,0952380952380952
0,0952380952380952
0,0952380952380952
0,0952380952380952
0,0952380952380952
0,0952380952380952
0,0952380952380952
0,0952380952380952
0,0952380952380952
0,0952380952380952
0,0952380952380952
0,0952380952380952
0,0952380952380952
0,0952380952380952
0,0952380952380952
Gen 16
0,134199134199134
0,12987012987013
0,0952380952380952
0,0952380952380952
0,0952380952380952
0,0952380952380952
0,0952380952380952
0,0952380952380952
0,0952380952380952
0,0952380952380952
0,0952380952380952
0,0952380952380952
0,0952380952380952
0,0952380952380952
0,0952380952380952
0,0952380952380952
0,0952380952380952
0,0952380952380952
0,0952380952380952
0,0952380952380952
Gen 17
0,134199134199134
0,134199134199134
0,134199134199134
0,134199134199134
0,134199134199134
0,134199134199134
0,134199134199134
0,134199134199134
0,134199134199134
0,134199134199134
0,134199134199134
0,12987012987013
0,12987012987013
0,12987012987013
0,0952380952380952
0,0952380952380952
0,0952380952380952
0,0952380952380952
0,0952380952380952
0
Gen 18
0,134199134199134
0,134199134199134
0,134199134199134
0,134199134199134
0,134199134199134
0,134199134199134
0,134199134199134
0,134199134199134
0,134199134199134
0,134199134199134
0,134199134199134
0,134199134199134
0,134199134199134
0,134199134199134
0,134199134199134
0,134199134199134
0,134199134199134
0,134199134199134
0,134199134199134
0,0995670995670996
Gen 19
0,134199134199134
0,134199134199134
0,134199134199134
0,134199134199134
0,134199134199134
0,134199134199134
0,134199134199134
0,134199134199134
0,134199134199134
0,134199134199134
0,134199134199134
0,134199134199134
0,134199134199134
0,134199134199134
0,134199134199134
0,134199134199134
0,134199134199134
0,134199134199134
0,134199134199134
0
Gen 20
0,134199134199134
0,134199134199134
0,134199134199134
0,134199134199134
0,134199134199134
0,134199134199134
0,134199134199134
0,134199134199134
0,134199134199134
0,134199134199134
0,134199134199134
0,134199134199134
0,134199134199134
0,134199134199134
0,134199134199134
0,134199134199134
0,134199134199134
0,134199134199134
0,134199134199134
0,0995670995670996
Gen 21
0,134199134199134
0,134199134199134
0,134199134199134
0,134199134199134
0,134199134199134
0,134199134199134
0,134199134199134
0,134199134199134
0,134199134199134
0,134199134199134
0,134199134199134
0,134199134199134
0,134199134199134
0,134199134199134
0,134199134199134
0,134199134199134
0,134199134199134
0,134199134199134
0,134199134199134
0,116883116883117
Gen 22
0,134199134199134
0,134199134199134
0,134199134199134
0,134199134199134
0,134199134199134
0,134199134199134
0,134199134199134
0,134199134199134
0,134199134199134
0,134199134199134
0,134199134199134
0,134199134199134
0,134199134199134
0,134199134199134
0,134199134199134
0,134199134199134
0,134199134199134
0,134199134199134
0,134199134199134
0,134199134199134
Gen 23
0,134199134199134
0,134199134199134
0,134199134199134
0,134199134199134
0,134199134199134
0,134199134199134
0,134199134199134
0,134199134199134
0,134199134199134
0,134199134199134
0,134199134199134
0,134199134199134
0,134199134199134
0,134199134199134
0,134199134199134
0,134199134199134
0,134199134199134
0,134199134199134
0,134199134199134
0,134199134199134
Gen 24
0,134199134199134
0,134199134199134
0,134199134199134
0,134199134199134
0,134199134199134
0,134199134199134
0,134199134199134
0,134199134199134
0,134199134199134
0,134199134199134
0,134199134199134
0,134199134199134
0,134199134199134
0,134199134199134
0,134199134199134
0,134199134199134
0,134199134199134
0,134199134199134
0,134199134199134
0,134199134199134
Gen 25
0,138528138528139
0,134199134199134
0,134199134199134
0,134199134199134
0,134199134199134
0,134199134199134
0,134199134199134
0,134199134199134
0,134199134199134
0,134199134199134
0,134199134199134
0,134199134199134
0,134199134199134
0,134199134199134
0,134199134199134
0,134199134199134
0,134199134199134
0,0608695652173913
0
0
Gen 26
0,138528138528139
0,138528138528139
0,138528138528139
0,138528138528139
0,138528138528139
0,138528138528139
0,138528138528139
0,138528138528139
0,138528138528139
0,138528138528139
0,138528138528139
0,138528138528139
0,134199134199134
0,134199134199134
0,134199134199134
0,134199134199134
0,134199134199134
0,134199134199134
0,134199134199134
0,134199134199134
Gen 27
0,138528138528139
0,138528138528139
0,138528138528139
0,138528138528139
0,138528138528139
0,138528138528139
0,138528138528139
0,138528138528139
0,138528138528139
0,138528138528139
0,138528138528139
0,138528138528139
0,138528138528139
0,138528138528139
0,138528138528139
0,138528138528139
0,138528138528139
0,138528138528139
0,138528138528139
0,103896103896104
Gen 28
0,138528138528139
0,138528138528139
0,138528138528139
0,138528138528139
0,138528138528139
0,138528138528139
0,138528138528139
0,138528138528139
0,138528138528139
0,138528138528139
0,138528138528139
0,138528138528139
0,138528138528139
0,138528138528139
0,138528138528139
0,138528138528139
0,138528138528139
0,138528138528139
0,138528138528139
0,138528138528139
Gen 29
0,138528138528139
0,138528138528139
0,138528138528139
0,138528138528139
0,138528138528139
0,138528138528139
0,138528138528139
0,138528138528139
0,138528138528139
0,138528138528139
0,138528138528139
0,138528138528139
0,138528138528139
0,138528138528139
0,138528138528139
0,138528138528139
0,138528138528139
0,138528138528139
0,138528138528139
0,138528138528139
Gen 30
0,138528138528139
0,138528138528139
0,138528138528139
0,138528138528139
0,138528138528139
0,138528138528139
0,138528138528139
0,138528138528139
0,138528138528139
0,138528138528139
0,138528138528139
0,138528138528139
0,138528138528139
0,138528138528139
0,138528138528139
0,138528138528139
0,138528138528139
0,138528138528139
0,138528138528139
0,138528138528139
Gen 31
0,138528138528139
0,138528138528139
0,138528138528139
0,138528138528139
0,138528138528139
0,138528138528139
0,138528138528139
0,138528138528139
0,138528138528139
0,138528138528139
0,138528138528139
0,138528138528139
0,138528138528139
0,138528138528139
0,138528138528139
0,138528138528139
0,138528138528139
0,138528138528139
0,138528138528139
0,0241545893719807
Gen 32
0,138528138528139
0,138528138528139
0,138528138528139
0,138528138528139
0,138528138528139
0,138528138528139
0,138528138528139
0,138528138528139
0,138528138528139
0,138528138528139
0,138528138528139
0,138528138528139
0,138528138528139
0,138528138528139
0,138528138528139
0,138528138528139
0,138528138528139
0,138528138528139
0,138528138528139
0,138528138528139
Gen 33
0,138528138528139
0,138528138528139
0,138528138528139
0,138528138528139
0,138528138528139
0,138528138528139
0,138528138528139
0,138528138528139
0,138528138528139
0,138528138528139
0,138528138528139
0,138528138528139
0,138528138528139
0,138528138528139
0,138528138528139
0,138528138528139
0,138528138528139
0,138528138528139
0,138528138528139
0
Gen 34
0,138528138528139
0,138528138528139
0,138528138528139
0,138528138528139
0,138528138528139
0,138528138528139
0,138528138528139
0,138528138528139
0,138528138528139
0,138528138528139
0,138528138528139
0,138528138528139
0,138528138528139
0,138528138528139
0,138528138528139
0,138528138528139
0,138528138528139
0,138528138528139
0,138528138528139
0
Gen 35
0,138528138528139
0,138528138528139
0,138528138528139
0,138528138528139
0,138528138528139
0,138528138528139
0,138528138528139
0,138528138528139
0,138528138528139
0,138528138528139
0,138528138528139
0,138528138528139
0,138528138528139
0,138528138528139
0,138528138528139
0,138528138528139
0,138528138528139
0,138528138528139
0,138528138528139
0,138528138528139
Gen 36
0,138528138528139
0,138528138528139
0,138528138528139
0,138528138528139
0,138528138528139
0,138528138528139
0,138528138528139
0,138528138528139
0,138528138528139
0,138528138528139
0,138528138528139
0,138528138528139
0,138528138528139
0,138528138528139
0,138528138528139
0,138528138528139
0,138528138528139
0,138528138528139
0,0216450216450216
0
Gen 37
0,138528138528139
0,138528138528139
0,138528138528139
0,138528138528139
0,138528138528139
0,138528138528139
0,138528138528139
0,138528138528139
0,138528138528139
0,138528138528139
0,138528138528139
0,138528138528139
0,138528138528139
0,138528138528139
0,138528138528139
0,138528138528139
0,138528138528139
0,138528138528139
0,103896103896104
0
Gen 38
0,138528138528139
0,138528138528139
0,138528138528139
0,138528138528139
0,138528138528139
0,138528138528139
0,138528138528139
0,138528138528139
0,138528138528139
0,138528138528139
0,138528138528139
0,138528138528139
0,138528138528139
0,138528138528139
0,138528138528139
0,138528138528139
0,138528138528139
0,138528138528139
0,138528138528139
0
Gen 39
0,138528138528139
0,138528138528139
0,138528138528139
0,138528138528139
0,138528138528139
0,138528138528139
0,138528138528139
0,138528138528139
0,138528138528139
0,138528138528139
0,138528138528139
0,138528138528139
0,138528138528139
0,138528138528139
0,138528138528139
0,138528138528139
0,138528138528139
0,138528138528139
0,138528138528139
0
Gen 40
0,138528138528139
0,138528138528139
0,138528138528139
0,138528138528139
0,138528138528139
0,138528138528139
0,138528138528139
0,138528138528139
0,138528138528139
0,138528138528139
0,138528138528139
0,138528138528139
0,138528138528139
0,138528138528139
0,138528138528139
0,138528138528139
0,138528138528139
0,138528138528139
0,138528138528139
0,138528138528139
Gen 41
0,138528138528139
0,138528138528139
0,138528138528139
0,138528138528139
0,138528138528139
0,138528138528139
0,138528138528139
0,138528138528139
0,138528138528139
0,138528138528139
0,138528138528139
0,138528138528139
0,138528138528139
0,138528138528139
0,138528138528139
0,138528138528139
0,138528138528139
0,138528138528139
0,138528138528139
0,138528138528139
Gen 42
0,138528138528139
0,138528138528139
0,138528138528139
0,138528138528139
0,138528138528139
0,138528138528139
0,138528138528139
0,138528138528139
0,138528138528139
0,138528138528139
0,138528138528139
0,138528138528139
0,138528138528139
0,138528138528139
0,138528138528139
0,138528138528139
0,138528138528139
0,138528138528139
0,138528138528139
0,138528138528139
Gen 43
0,138528138528139
0,138528138528139
0,138528138528139
0,138528138528139
0,138528138528139
0,138528138528139
0,138528138528139
0,138528138528139
0,138528138528139
0,138528138528139
0,138528138528139
0,138528138528139
0,138528138528139
0,138528138528139
0,138528138528139
0,138528138528139
0,138528138528139
0,138528138528139
0,138528138528139
0,138528138528139
Gen 44
0,138528138528139
0,138528138528139
0,138528138528139
0,138528138528139
0,138528138528139
0,138528138528139
0,138528138528139
0,138528138528139
0,138528138528139
0,138528138528139
0,138528138528139
0,138528138528139
0,138528138528139
0,138528138528139
0,138528138528139
0,138528138528139
0,138528138528139
0,0952380952380952
0,0241545893719807
0,0241545893719807
Gen 45
0,138528138528139
0,138528138528139
0,138528138528139
0,138528138528139
0,138528138528139
0,138528138528139
0,138528138528139
0,138528138528139
0,138528138528139
0,138528138528139
0,138528138528139
0,138528138528139
0,138528138528139
0,138528138528139
0,138528138528139
0,138528138528139
0,138528138528139
0,138528138528139
0,138528138528139
0,138528138528139
Gen 46
0,138528138528139
0,138528138528139
0,138528138528139
0,138528138528139
0,138528138528139
0,138528138528139
0,138528138528139
0,138528138528139
0,138528138528139
0,138528138528139
0,138528138528139
0,138528138528139
0,138528138528139
0,138528138528139
0,138528138528139
0,138528138528139
0,138528138528139
0,138528138528139
0,138528138528139
0
Gen 47
0,138528138528139
0,138528138528139
0,138528138528139
0,138528138528139
0,138528138528139
0,138528138528139
0,138528138528139
0,138528138528139
0,138528138528139
0,138528138528139
0,138528138528139
0,138528138528139
0,138528138528139
0,138528138528139
0,138528138528139
0,138528138528139
0,138528138528139
0,138528138528139
0,138528138528139
0,138528138528139
Gen 48
0,138528138528139
0,138528138528139
0,138528138528139
0,138528138528139
0,138528138528139
0,138528138528139
0,138528138528139
0,138528138528139
0,138528138528139
0,138528138528139
0,138528138528139
0,138528138528139
0,138528138528139
0,138528138528139
0,138528138528139
0,138528138528139
0,138528138528139
0,138528138528139
0,138528138528139
0,138528138528139
Gen 49
0,138528138528139
0,138528138528139
0,138528138528139
0,138528138528139
0,138528138528139
0,138528138528139
0,138528138528139
0,138528138528139
0,138528138528139
0,138528138528139
0,138528138528139
0,138528138528139
0,138528138528139
0,138528138528139
0,138528138528139
0,138528138528139
0,138528138528139
0,138528138528139
0
0
Gen 50
0,138528138528139
0,138528138528139
0,138528138528139
0,138528138528139
0,138528138528139
0,138528138528139
0,138528138528139
0,138528138528139
0,138528138528139
0,138528138528139
0,138528138528139
0,138528138528139
0,138528138528139
0,138528138528139
0,138528138528139
0,138528138528139
0,138528138528139
0,138528138528139
0,138528138528139
0,138528138528139
Gen 51
0,138528138528139
0,138528138528139
0,138528138528139
0,138528138528139
0,138528138528139
0,138528138528139
0,138528138528139
0,138528138528139
0,138528138528139
0,138528138528139
0,138528138528139
0,138528138528139
0,138528138528139
0,138528138528139
0,138528138528139
0,138528138528139
0,138528138528139
0,138528138528139
0,138528138528139
0
Gen 52
0,138528138528139
0,138528138528139
0,138528138528139
0,138528138528139
0,138528138528139
0,138528138528139
0,138528138528139
0,138528138528139
0,138528138528139
0,138528138528139
0,138528138528139
0,138528138528139
0,138528138528139
0,138528138528139
0,138528138528139
0,138528138528139
0,138528138528139
0,138528138528139
0,138528138528139
0,138528138528139
Gen 53
0,138528138528139
0,138528138528139
0,138528138528139
0,138528138528139
0,138528138528139
0,138528138528139
0,138528138528139
0,138528138528139
0,138528138528139
0,138528138528139
0,138528138528139
0,138528138528139
0,138528138528139
0,138528138528139
0,138528138528139
0,138528138528139
0,138528138528139
0,138528138528139
0,138528138528139
0
Gen 54
0,138528138528139
0,138528138528139
0,138528138528139
0,138528138528139
0,138528138528139
0,138528138528139
0,138528138528139
0,138528138528139
0,138528138528139
0,138528138528139
0,138528138528139
0,138528138528139
0,138528138528139
0,138528138528139
0,138528138528139
0,138528138528139
0,138528138528139
0,138528138528139
0,138528138528139
0,138528138528139
Gen 55
0,138528138528139
0,138528138528139
0,138528138528139
0,138528138528139
0,138528138528139
0,138528138528139
0,138528138528139
0,138528138528139
0,138528138528139
0,138528138528139
0,138528138528139
0,138528138528139
0,138528138528139
0,138528138528139
0,138528138528139
0,138528138528139
0,138528138528139
0,138528138528139
0,138528138528139
0,138528138528139
Gen 56
0,138528138528139
0,138528138528139
0,138528138528139
0,138528138528139
0,138528138528139
0,138528138528139
0,138528138528139
0,138528138528139
0,138528138528139
0,138528138528139
0,138528138528139
0,138528138528139
0,138528138528139
0,138528138528139
0,138528138528139
0,138528138528139
0,138528138528139
0,138528138528139
0,138528138528139
0,0952380952380952
Gen 57
0,138528138528139
0,138528138528139
0,138528138528139
0,138528138528139
0,138528138528139
0,138528138528139
0,138528138528139
0,138528138528139
0,138528138528139
0,138528138528139
0,138528138528139
0,138528138528139
0,138528138528139
0,138528138528139
0,138528138528139
0,138528138528139
0,138528138528139
0,138528138528139
0,138528138528139
0
Gen 58
0,138528138528139
0,138528138528139
0,138528138528139
0,138528138528139
0,138528138528139
0,138528138528139
0,138528138528139
0,138528138528139
0,138528138528139
0,138528138528139
0,138528138528139
0,138528138528139
0,138528138528139
0,138528138528139
0,138528138528139
0,138528138528139
0,138528138528139
0,138528138528139
0,138528138528139
0,138528138528139
Gen 59
0,138528138528139
0,138528138528139
0,138528138528139
0,138528138528139
0,138528138528139
0,138528138528139
0,138528138528139
0,138528138528139
0,138528138528139
0,138528138528139
0,138528138528139
0,138528138528139
0,138528138528139
0,138528138528139
0,138528138528139
0,138528138528139
0,138528138528139
0,138528138528139
0,138528138528139
0,138528138528139
Gen 60
0,138528138528139
0,138528138528139
0,138528138528139
0,138528138528139
0,138528138528139
0,138528138528139
0,138528138528139
0,138528138528139
0,138528138528139
0,138528138528139
0,138528138528139
0,138528138528139
0,138528138528139
0,138528138528139
0,138528138528139
0,138528138528139
0,138528138528139
0,138528138528139
0,138528138528139
0,138528138528139
Gen 61
0,138528138528139
0,138528138528139
0,138528138528139
0,138528138528139
0,138528138528139
0,138528138528139
0,138528138528139
0,138528138528139
0,138528138528139
0,138528138528139
0,138528138528139
0,138528138528139
0,138528138528139
0,138528138528139
0,138528138528139
0,138528138528139
0,138528138528139
0,138528138528139
0,138528138528139
0
Gen 62
0,138528138528139
0,138528138528139
0,138528138528139
0,138528138528139
0,138528138528139
0,138528138528139
0,138528138528139
0,138528138528139
0,138528138528139
0,138528138528139
0,138528138528139
0,138528138528139
0,138528138528139
0,138528138528139
0,138528138528139
0,138528138528139
0,138528138528139
0,138528138528139
0,138528138528139
0
Gen 63
0,138528138528139
0,138528138528139
0,138528138528139
0,138528138528139
0,138528138528139
0,138528138528139
0,138528138528139
0,138528138528139
0,138528138528139
0,138528138528139
0,138528138528139
0,138528138528139
0,138528138528139
0,138528138528139
0,138528138528139
0,138528138528139
0,138528138528139
0,138528138528139
0,138528138528139
0,138528138528139
Gen 64
0,142857142857143
0,138528138528139
0,138528138528139
0,138528138528139
0,138528138528139
0,138528138528139
0,138528138528139
0,138528138528139
0,138528138528139
0,138528138528139
0,138528138528139
0,138528138528139
0,138528138528139
0,138528138528139
0,138528138528139
0,138528138528139
0,138528138528139
0,138528138528139
0,138528138528139
0,138528138528139
Gen 65
0,142857142857143
0,142857142857143
0,142857142857143
0,142857142857143
0,142857142857143
0,142857142857143
0,142857142857143
0,142857142857143
0,142857142857143
0,142857142857143
0,142857142857143
0,138528138528139
0,138528138528139
0,138528138528139
0,138528138528139
0,138528138528139
0,138528138528139
0,138528138528139
0,138528138528139
0,138528138528139
Gen 66
0,142857142857143
0,142857142857143
0,142857142857143
0,142857142857143
0,142857142857143
0,142857142857143
0,142857142857143
0,142857142857143
0,142857142857143
0,142857142857143
0,142857142857143
0,142857142857143
0,142857142857143
0,142857142857143
0,142857142857143
0,142857142857143
0,142857142857143
0,142857142857143
0,142857142857143
0,121212121212121
Gen 67
0,142857142857143
0,142857142857143
0,142857142857143
0,142857142857143
0,142857142857143
0,142857142857143
0,142857142857143
0,142857142857143
0,142857142857143
0,142857142857143
0,142857142857143
0,142857142857143
0,142857142857143
0,142857142857143
0,142857142857143
0,142857142857143
0,142857142857143
0,142857142857143
0,121212121212121
0,025974025974026
Gen 68
0,142857142857143
0,142857142857143
0,142857142857143
0,142857142857143
0,142857142857143
0,142857142857143
0,142857142857143
0,142857142857143
0,142857142857143
0,142857142857143
0,142857142857143
0,142857142857143
0,142857142857143
0,142857142857143
0,142857142857143
0,142857142857143
0,142857142857143
0,142857142857143
0,142857142857143
0,142857142857143
Gen 69
0,142857142857143
0,142857142857143
0,142857142857143
0,142857142857143
0,142857142857143
0,142857142857143
0,142857142857143
0,142857142857143
0,142857142857143
0,142857142857143
0,142857142857143
0,142857142857143
0,142857142857143
0,142857142857143
0,142857142857143
0,142857142857143
0,142857142857143
0,142857142857143
0,142857142857143
0,142857142857143
Gen 70
0,142857142857143
0,142857142857143
0,142857142857143
0,142857142857143
0,142857142857143
0,142857142857143
0,142857142857143
0,142857142857143
0,142857142857143
0,142857142857143
0,142857142857143
0,142857142857143
0,142857142857143
0,142857142857143
0,142857142857143
0,142857142857143
0,142857142857143
0,142857142857143
0,142857142857143
0,142857142857143
Gen 71
0,142857142857143
0,142857142857143
0,142857142857143
0,142857142857143
0,142857142857143
0,142857142857143
0,142857142857143
0,142857142857143
0,142857142857143
0,142857142857143
0,142857142857143
0,142857142857143
0,142857142857143
0,142857142857143
0,142857142857143
0,142857142857143
0,142857142857143
0,142857142857143
0,142857142857143
0,121212121212121
Gen 72
0,142857142857143
0,142857142857143
0,142857142857143
0,142857142857143
0,142857142857143
0,142857142857143
0,142857142857143
0,142857142857143
0,142857142857143
0,142857142857143
0,142857142857143
0,142857142857143
0,142857142857143
0,142857142857143
0,142857142857143
0,142857142857143
0,142857142857143
0,142857142857143
0,142857142857143
0
Gen 73
0,142857142857143
0,142857142857143
0,142857142857143
0,142857142857143
0,142857142857143
0,142857142857143
0,142857142857143
0,142857142857143
0,142857142857143
0,142857142857143
0,142857142857143
0,142857142857143
0,142857142857143
0,142857142857143
0,142857142857143
0,142857142857143
0,142857142857143
0,142857142857143
0,142857142857143
0
Gen 74
0,142857142857143
0,142857142857143
0,142857142857143
0,142857142857143
0,142857142857143
0,142857142857143
0,142857142857143
0,142857142857143
0,142857142857143
0,142857142857143
0,142857142857143
0,142857142857143
0,142857142857143
0,142857142857143
0,142857142857143
0,142857142857143
0,142857142857143
0,142857142857143
0,142857142857143
0
Gen 75
0,142857142857143
0,142857142857143
0,142857142857143
0,142857142857143
0,142857142857143
0,142857142857143
0,142857142857143
0,142857142857143
0,142857142857143
0,142857142857143
0,142857142857143
0,142857142857143
0,142857142857143
0,142857142857143
0,142857142857143
0,142857142857143
0,142857142857143
0,142857142857143
0,142857142857143
0,142857142857143
Gen 76
0,142857142857143
0,142857142857143
0,142857142857143
0,142857142857143
0,142857142857143
0,142857142857143
0,142857142857143
0,142857142857143
0,142857142857143
0,142857142857143
0,142857142857143
0,142857142857143
0,142857142857143
0,142857142857143
0,142857142857143
0,142857142857143
0,142857142857143
0,142857142857143
0,142857142857143
0,121212121212121
Gen 77
0,142857142857143
0,142857142857143
0,142857142857143
0,142857142857143
0,142857142857143
0,142857142857143
0,142857142857143
0,142857142857143
0,142857142857143
0,142857142857143
0,142857142857143
0,142857142857143
0,142857142857143
0,142857142857143
0,142857142857143
0,142857142857143
0,142857142857143
0,142857142857143
0,142857142857143
0,142857142857143
Gen 78
0,142857142857143
0,142857142857143
0,142857142857143
0,142857142857143
0,142857142857143
0,142857142857143
0,142857142857143
0,142857142857143
0,142857142857143
0,142857142857143
0,142857142857143
0,142857142857143
0,142857142857143
0,142857142857143
0,142857142857143
0,142857142857143
0,142857142857143
0,142857142857143
0,142857142857143
0,0995670995670996
Gen 79
0,142857142857143
0,142857142857143
0,142857142857143
0,142857142857143
0,142857142857143
0,142857142857143
0,142857142857143
0,142857142857143
0,142857142857143
0,142857142857143
0,142857142857143
0,142857142857143
0,142857142857143
0,142857142857143
0,142857142857143
0,142857142857143
0,142857142857143
0,142857142857143
0,142857142857143
0
Gen 80
0,142857142857143
0,142857142857143
0,142857142857143
0,142857142857143
0,142857142857143
0,142857142857143
0,142857142857143
0,142857142857143
0,142857142857143
0,142857142857143
0,142857142857143
0,142857142857143
0,142857142857143
0,142857142857143
0,142857142857143
0,142857142857143
0,142857142857143
0,142857142857143
0,142857142857143
0
Gen 81
0,142857142857143
0,142857142857143
0,142857142857143
0,142857142857143
0,142857142857143
0,142857142857143
0,142857142857143
0,142857142857143
0,142857142857143
0,142857142857143
0,142857142857143
0,142857142857143
0,142857142857143
0,142857142857143
0,142857142857143
0,142857142857143
0,142857142857143
0,142857142857143
0,142857142857143
0,142857142857143
Gen 82
0,142857142857143
0,142857142857143
0,142857142857143
0,142857142857143
0,142857142857143
0,142857142857143
0,142857142857143
0,142857142857143
0,142857142857143
0,142857142857143
0,142857142857143
0,142857142857143
0,142857142857143
0,142857142857143
0,142857142857143
0,142857142857143
0,142857142857143
0,142857142857143
0,0649350649350649
0
Gen 83
0,142857142857143
0,142857142857143
0,142857142857143
0,142857142857143
0,142857142857143
0,142857142857143
0,142857142857143
0,142857142857143
0,142857142857143
0,142857142857143
0,142857142857143
0,142857142857143
0,142857142857143
0,142857142857143
0,142857142857143
0,142857142857143
0,142857142857143
0,142857142857143
0,142857142857143
0,142857142857143
Gen 84
0,142857142857143
0,142857142857143
0,142857142857143
0,142857142857143
0,142857142857143
0,142857142857143
0,142857142857143
0,142857142857143
0,142857142857143
0,142857142857143
0,142857142857143
0,142857142857143
0,142857142857143
0,142857142857143
0,142857142857143
0,142857142857143
0,142857142857143
0,142857142857143
0,142857142857143
0
Gen 85
0,142857142857143
0,142857142857143
0,142857142857143
0,142857142857143
0,142857142857143
0,142857142857143
0,142857142857143
0,142857142857143
0,142857142857143
0,142857142857143
0,142857142857143
0,142857142857143
0,142857142857143
0,142857142857143
0,142857142857143
0,142857142857143
0,142857142857143
0,0995670995670996
0,0649350649350649
0
Gen 86
0,142857142857143
0,142857142857143
0,142857142857143
0,142857142857143
0,142857142857143
0,142857142857143
0,142857142857143
0,142857142857143
0,142857142857143
0,142857142857143
0,142857142857143
0,142857142857143
0,142857142857143
0,142857142857143
0,142857142857143
0,142857142857143
0,142857142857143
0,142857142857143
0,142857142857143
0,142857142857143
Gen 87
0,142857142857143
0,142857142857143
0,142857142857143
0,142857142857143
0,142857142857143
0,142857142857143
0,142857142857143
0,142857142857143
0,142857142857143
0,142857142857143
0,142857142857143
0,142857142857143
0,142857142857143
0,142857142857143
0,142857142857143
0,142857142857143
0,142857142857143
0,142857142857143
0,142857142857143
0
Gen 88
0,142857142857143
0,142857142857143
0,142857142857143
0,142857142857143
0,142857142857143
0,142857142857143
0,142857142857143
0,142857142857143
0,142857142857143
0,142857142857143
0,142857142857143
0,142857142857143
0,142857142857143
0,142857142857143
0,142857142857143
0,142857142857143
0,142857142857143
0,142857142857143
0,142857142857143
0,142857142857143
Gen 89
0,142857142857143
0,142857142857143
0,142857142857143
0,142857142857143
0,142857142857143
0,142857142857143
0,142857142857143
0,142857142857143
0,142857142857143
0,142857142857143
0,142857142857143
0,142857142857143
0,142857142857143
0,142857142857143
0,142857142857143
0,142857142857143
0,142857142857143
0,142857142857143
0,142857142857143
0,142857142857143
Gen 90
0,142857142857143
0,142857142857143
0,142857142857143
0,142857142857143
0,142857142857143
0,142857142857143
0,142857142857143
0,142857142857143
0,142857142857143
0,142857142857143
0,142857142857143
0,142857142857143
0,142857142857143
0,142857142857143
0,142857142857143
0,142857142857143
0,142857142857143
0,142857142857143
0,142857142857143
0,0995670995670996
Gen 91
0,142857142857143
0,142857142857143
0,142857142857143
0,142857142857143
0,142857142857143
0,142857142857143
0,142857142857143
0,142857142857143
0,142857142857143
0,142857142857143
0,142857142857143
0,142857142857143
0,142857142857143
0,142857142857143
0,142857142857143
0,142857142857143
0,142857142857143
0,142857142857143
0,142857142857143
0,0599033816425121
Gen 92
0,142857142857143
0,142857142857143
0,142857142857143
0,142857142857143
0,142857142857143
0,142857142857143
0,142857142857143
0,142857142857143
0,142857142857143
0,142857142857143
0,142857142857143
0,142857142857143
0,142857142857143
0,142857142857143
0,142857142857143
0,142857142857143
0,142857142857143
0,142857142857143
0,142857142857143
0,121212121212121
Gen 93
0,142857142857143
0,142857142857143
0,142857142857143
0,142857142857143
0,142857142857143
0,142857142857143
0,142857142857143
0,142857142857143
0,142857142857143
0,142857142857143
0,142857142857143
0,142857142857143
0,142857142857143
0,142857142857143
0,142857142857143
0,142857142857143
0,142857142857143
0,142857142857143
0,142857142857143
0,142857142857143
Gen 94
0,142857142857143
0,142857142857143
0,142857142857143
0,142857142857143
0,142857142857143
0,142857142857143
0,142857142857143
0,142857142857143
0,142857142857143
0,142857142857143
0,142857142857143
0,142857142857143
0,142857142857143
0,142857142857143
0,142857142857143
0,142857142857143
0,142857142857143
0,142857142857143
0,142857142857143
0
Gen 95
0,142857142857143
0,142857142857143
0,142857142857143
0,142857142857143
0,142857142857143
0,142857142857143
0,142857142857143
0,142857142857143
0,142857142857143
0,142857142857143
0,142857142857143
0,142857142857143
0,142857142857143
0,142857142857143
0,142857142857143
0,142857142857143
0,142857142857143
0,142857142857143
0,142857142857143
0,0434782608695652
Gen 96
0,142857142857143
0,142857142857143
0,142857142857143
0,142857142857143
0,142857142857143
0,142857142857143
0,142857142857143
0,142857142857143
0,142857142857143
0,142857142857143
0,142857142857143
0,142857142857143
0,142857142857143
0,142857142857143
0,142857142857143
0,142857142857143
0,142857142857143
0,142857142857143
0,142857142857143
0
Gen 97
0,142857142857143
0,142857142857143
0,142857142857143
0,142857142857143
0,142857142857143
0,142857142857143
0,142857142857143
0,142857142857143
0,142857142857143
0,142857142857143
0,142857142857143
0,142857142857143
0,142857142857143
0,142857142857143
0,142857142857143
0,142857142857143
0,142857142857143
0,0599033816425121
0,025974025974026
0
Gen 98
0,142857142857143
0,142857142857143
0,142857142857143
0,142857142857143
0,142857142857143
0,142857142857143
0,142857142857143
0,142857142857143
0,142857142857143
0,142857142857143
0,142857142857143
0,142857142857143
0,142857142857143
0,142857142857143
0,142857142857143
0,142857142857143
0,142857142857143
0,142857142857143
0,0952380952380952
0
Gen 99
0,142857142857143
0,142857142857143
0,142857142857143
0,142857142857143
0,142857142857143
0,142857142857143
0,142857142857143
0,142857142857143
0,142857142857143
0,142857142857143
0,142857142857143
0,142857142857143
0,142857142857143
0,142857142857143
0,142857142857143
0,142857142857143
0,142857142857143
0,142857142857143
0,142857142857143
0,142857142857143
Gen 100
0,142857142857143
0,142857142857143
0,142857142857143
0,142857142857143
0,142857142857143
0,142857142857143
0,142857142857143
0,142857142857143
0,142857142857143
0,142857142857143
0,142857142857143
0,142857142857143
0,142857142857143
0,142857142857143
0,142857142857143
0,142857142857143
0,142857142857143
0,142857142857143
0,142857142857143
0,0952380952380952
Gen 101
0,142857142857143
0,142857142857143
0,142857142857143
0,142857142857143
0,142857142857143
0,142857142857143
0,142857142857143
0,142857142857143
0,142857142857143
0,142857142857143
0,142857142857143
0,142857142857143
0,142857142857143
0,142857142857143
0,142857142857143
0,142857142857143
0,142857142857143
0,142857142857143
0,142857142857143
0,0599033816425121
Gen 102
0,142857142857143
0,142857142857143
0,142857142857143
0,142857142857143
0,142857142857143
0,142857142857143
0,142857142857143
0,142857142857143
0,142857142857143
0,142857142857143
0,142857142857143
0,142857142857143
0,142857142857143
0,142857142857143
0,142857142857143
0,142857142857143
0,142857142857143
0,142857142857143
0,142857142857143
0,142857142857143
Gen 103
0,142857142857143
0,142857142857143
0,142857142857143
0,142857142857143
0,142857142857143
0,142857142857143
0,142857142857143
0,142857142857143
0,142857142857143
0,142857142857143
0,142857142857143
0,142857142857143
0,142857142857143
0,142857142857143
0,142857142857143
0,142857142857143
0,142857142857143
0,142857142857143
0,142857142857143
0,142857142857143
Gen 104
0,142857142857143
0,142857142857143
0,142857142857143
0,142857142857143
0,142857142857143
0,142857142857143
0,142857142857143
0,142857142857143
0,142857142857143
0,142857142857143
0,142857142857143
0,142857142857143
0,142857142857143
0,142857142857143
0,142857142857143
0,142857142857143
0,142857142857143
0,142857142857143
0,142857142857143
0,025974025974026
Gen 105
0,142857142857143
0,142857142857143
0,142857142857143
0,142857142857143
0,142857142857143
0,142857142857143
0,142857142857143
0,142857142857143
0,142857142857143
0,142857142857143
0,142857142857143
0,142857142857143
0,142857142857143
0,142857142857143
0,142857142857143
0,142857142857143
0,142857142857143
0,142857142857143
0,142857142857143
0,142857142857143
Gen 106
0,142857142857143
0,142857142857143
0,142857142857143
0,142857142857143
0,142857142857143
0,142857142857143
0,142857142857143
0,142857142857143
0,142857142857143
0,142857142857143
0,142857142857143
0,142857142857143
0,142857142857143
0,142857142857143
0,142857142857143
0,142857142857143
0,142857142857143
0,142857142857143
0,142857142857143
0,0952380952380952
Gen 107
0,142857142857143
0,142857142857143
0,142857142857143
0,142857142857143
0,142857142857143
0,142857142857143
0,142857142857143
0,142857142857143
0,142857142857143
0,142857142857143
0,142857142857143
0,142857142857143
0,142857142857143
0,142857142857143
0,142857142857143
0,142857142857143
0,142857142857143
0,142857142857143
0,142857142857143
0,142857142857143
Gen 108
0,142857142857143
0,142857142857143
0,142857142857143
0,142857142857143
0,142857142857143
0,142857142857143
0,142857142857143
0,142857142857143
0,142857142857143
0,142857142857143
0,142857142857143
0,142857142857143
0,142857142857143
0,142857142857143
0,142857142857143
0,142857142857143
0,142857142857143
0,142857142857143
0,142857142857143
0,142857142857143
Gen 109
0,142857142857143
0,142857142857143
0,142857142857143
0,142857142857143
0,142857142857143
0,142857142857143
0,142857142857143
0,142857142857143
0,142857142857143
0,142857142857143
0,142857142857143
0,142857142857143
0,142857142857143
0,142857142857143
0,142857142857143
0,142857142857143
0,142857142857143
0,142857142857143
0,142857142857143
0,142857142857143
Gen 110
0,142857142857143
0,142857142857143
0,142857142857143
0,142857142857143
0,142857142857143
0,142857142857143
0,142857142857143
0,142857142857143
0,142857142857143
0,142857142857143
0,142857142857143
0,142857142857143
0,142857142857143
0,142857142857143
0,142857142857143
0,142857142857143
0,142857142857143
0,142857142857143
0,142857142857143
0,142857142857143
Gen 111
0,142857142857143
0,142857142857143
0,142857142857143
0,142857142857143
0,142857142857143
0,142857142857143
0,142857142857143
0,142857142857143
0,142857142857143
0,142857142857143
0,142857142857143
0,142857142857143
0,142857142857143
0,142857142857143
0,142857142857143
0,142857142857143
0,142857142857143
0,142857142857143
0,142857142857143
0,142857142857143
Gen 112
0,142857142857143
0,142857142857143
0,142857142857143
0,142857142857143
0,142857142857143
0,142857142857143
0,142857142857143
0,142857142857143
0,142857142857143
0,142857142857143
0,142857142857143
0,142857142857143
0,142857142857143
0,142857142857143
0,142857142857143
0,142857142857143
0,142857142857143
0,142857142857143
0,0952380952380952
0,025974025974026
Gen 113
0,142857142857143
0,142857142857143
0,142857142857143
0,142857142857143
0,142857142857143
0,142857142857143
0,142857142857143
0,142857142857143
0,142857142857143
0,142857142857143
0,142857142857143
0,142857142857143
0,142857142857143
0,142857142857143
0,142857142857143
0,142857142857143
0,142857142857143
0,142857142857143
0,142857142857143
0,0952380952380952
Gen 114
0,142857142857143
0,142857142857143
0,142857142857143
0,142857142857143
0,142857142857143
0,142857142857143
0,142857142857143
0,142857142857143
0,142857142857143
0,142857142857143
0,142857142857143
0,142857142857143
0,142857142857143
0,142857142857143
0,142857142857143
0,142857142857143
0,142857142857143
0,142857142857143
0,142857142857143
0
