Gen 1
0,0476190476190476
0,00462074157726332
0,0184829663090533
0
0
0
Gen 2
0,0476190476190476
0,0189064558629776
0,0476190476190476
0,0280067758328628
0
0
Gen 3
0,0476190476190476
0,0428571428571429
0,0476190476190476
0,0476190476190476
0,0476190476190476
0,0285714285714286
Gen 4
0,0476190476190476
0,0476190476190476
0,0476190476190476
0,0476190476190476
0,0476190476190476
0,0476190476190476
Gen 5
0,0476190476190476
0,0476190476190476
0,0476190476190476
0,0476190476190476
0,0476190476190476
0,0476190476190476
Gen 6
0,0476190476190476
0,0476190476190476
0,0476190476190476
0,0476190476190476
0,0476190476190476
0,0476190476190476
Gen 7
0,0476190476190476
0,0476190476190476
0,0476190476190476
0,0476190476190476
0,0476190476190476
0,0476190476190476
Gen 8
0,0476190476190476
0,0476190476190476
0,0476190476190476
0,0476190476190476
0,0476190476190476
0,0476190476190476
Gen 9
0,0476190476190476
0,0476190476190476
0,0476190476190476
0,0476190476190476
0,0476190476190476
0,0476190476190476
Gen 10
0,0476190476190476
0,0428571428571429
0,0476190476190476
0,0476190476190476
0,0476190476190476
0,0285714285714286
Gen 11
0,0476190476190476
0,0476190476190476
0,0476190476190476
0,0476190476190476
0,0476190476190476
0,0476190476190476
Gen 12
0,0952380952380952
0,05
0,0571428571428571
0,0476190476190476
0,0476190476190476
0,0476190476190476
Gen 13
0,0952380952380952
0,0666666666666667
0,0952380952380952
0,0761904761904762
0,0476190476190476
0,0476190476190476
Gen 14
0,0952380952380952
0,0952380952380953
0,0952380952380952
0,0952380952380952
0,0952380952380952
0,0952380952380952
Gen 15
0,0952380952380952
0,0952380952380953
0,0952380952380952
0,0952380952380952
0,0952380952380952
0,0952380952380952
Gen 16
0,134199134199134
0,098917748917749
0,10995670995671
0,0952380952380952
0,0952380952380952
0,0952380952380952
Gen 17
0,134199134199134
0,117099567099567
0,134199134199134
0,134199134199134
0,123809523809524
0,0761904761904762
Gen 18
0,134199134199134
0,132467532467532
0,134199134199134
0,134199134199134
0,134199134199134
0,127272727272727
Gen 19
0,134199134199134
0,127489177489177
0,134199134199134
0,134199134199134
0,134199134199134
0,107359307359307
Gen 20
0,134199134199134
0,132467532467532
0,134199134199134
0,134199134199134
0,134199134199134
0,127272727272727
Gen 21
0,134199134199134
0,133333333333333
0,134199134199134
0,134199134199134
0,134199134199134
0,130735930735931
Gen 22
0,134199134199134
0,134199134199134
0,134199134199134
0,134199134199134
0,134199134199134
0,134199134199134
Gen 23
0,134199134199134
0,134199134199134
0,134199134199134
0,134199134199134
0,134199134199134
0,134199134199134
Gen 24
0,134199134199134
0,134199134199134
0,134199134199134
0,134199134199134
0,134199134199134
0,134199134199134
Gen 25
0,138528138528139
0,117329192546584
0,135064935064935
0,134199134199134
0,134199134199134
0,0658535667231319
Gen 26
0,138528138528139
0,136796536796537
0,138528138528139
0,138528138528139
0,135930735930736
0,134199134199134
Gen 27
0,138528138528139
0,136796536796537
0,138528138528139
0,138528138528139
0,138528138528139
0,131601731601732
Gen 28
0,138528138528139
0,138528138528139
0,138528138528139
0,138528138528139
0,138528138528139
0,138528138528139
Gen 29
0,138528138528139
0,138528138528139
0,138528138528139
0,138528138528139
0,138528138528139
0,138528138528139
Gen 30
0,138528138528139
0,138528138528139
0,138528138528139
0,138528138528139
0,138528138528139
0,138528138528139
Gen 31
0,138528138528139
0,132809461070331
0,138528138528139
0,138528138528139
0,138528138528139
0,115653428696907
Gen 32
0,138528138528139
0,138528138528139
0,138528138528139
0,138528138528139
0,138528138528139
0,138528138528139
Gen 33
0,138528138528139
0,131601731601732
0,138528138528139
0,138528138528139
0,138528138528139
0,110822510822511
Gen 34
0,138528138528139
0,131601731601732
0,138528138528139
0,138528138528139
0,138528138528139
0,110822510822511
Gen 35
0,138528138528139
0,138528138528139
0,138528138528139
0,138528138528139
0,138528138528139
0,138528138528139
Gen 36
0,138528138528139
0,125757575757576
0,138528138528139
0,138528138528139
0,138528138528139
0,0874458874458875
Gen 37
0,138528138528139
0,12987012987013
0,138528138528139
0,138528138528139
0,138528138528139
0,103896103896104
Gen 38
0,138528138528139
0,131601731601732
0,138528138528139
0,138528138528139
0,138528138528139
0,110822510822511
Gen 39
0,138528138528139
0,131601731601732
0,138528138528139
0,138528138528139
0,138528138528139
0,110822510822511
Gen 40
0,138528138528139
0,138528138528139
0,138528138528139
0,138528138528139
0,138528138528139
0,138528138528139
Gen 41
0,138528138528139
0,138528138528139
0,138528138528139
0,138528138528139
0,138528138528139
0,138528138528139
Gen 42
0,138528138528139
0,138528138528139
0,138528138528139
0,138528138528139
0,138528138528139
0,138528138528139
Gen 43
0,138528138528139
0,138528138528139
0,138528138528139
0,138528138528139
0,138528138528139
0,138528138528139
Gen 44
0,138528138528139
0,124926281448021
0,138528138528139
0,138528138528139
0,138528138528139
0,0841207102076667
Gen 45
0,138528138528139
0,138528138528139
0,138528138528139
0,138528138528139
0,138528138528139
0,138528138528139
Gen 46
0,138528138528139
0,131601731601732
0,138528138528139
0,138528138528139
0,138528138528139
0,110822510822511
Gen 47
0,138528138528139
0,138528138528139
0,138528138528139
0,138528138528139
0,138528138528139
0,138528138528139
Gen 48
0,138528138528139
0,138528138528139
0,138528138528139
0,138528138528139
0,138528138528139
0,138528138528139
Gen 49
0,138528138528139
0,124675324675325
0,138528138528139
0,138528138528139
0,138528138528139
0,0831168831168831
Gen 50
0,138528138528139
0,138528138528139
0,138528138528139
0,138528138528139
0,138528138528139
0,138528138528139
Gen 51
0,138528138528139
0,131601731601732
0,138528138528139
0,138528138528139
0,138528138528139
0,110822510822511
Gen 52
0,138528138528139
0,138528138528139
0,138528138528139
0,138528138528139
0,138528138528139
0,138528138528139
Gen 53
0,138528138528139
0,131601731601732
0,138528138528139
0,138528138528139
0,138528138528139
0,110822510822511
Gen 54
0,138528138528139
0,138528138528139
0,138528138528139
0,138528138528139
0,138528138528139
0,138528138528139
Gen 55
0,138528138528139
0,138528138528139
0,138528138528139
0,138528138528139
0,138528138528139
0,138528138528139
Gen 56
0,138528138528139
0,136363636363636
0,138528138528139
0,138528138528139
0,138528138528139
0,12987012987013
Gen 57
0,138528138528139
0,131601731601732
0,138528138528139
0,138528138528139
0,138528138528139
0,110822510822511
Gen 58
0,138528138528139
0,138528138528139
0,138528138528139
0,138528138528139
0,138528138528139
0,138528138528139
Gen 59
0,138528138528139
0,138528138528139
0,138528138528139
0,138528138528139
0,138528138528139
0,138528138528139
Gen 60
0,138528138528139
0,138528138528139
0,138528138528139
0,138528138528139
0,138528138528139
0,138528138528139
Gen 61
0,138528138528139
0,131601731601732
0,138528138528139
0,138528138528139
0,138528138528139
0,110822510822511
Gen 62
0,138528138528139
0,131601731601732
0,138528138528139
0,138528138528139
0,138528138528139
0,110822510822511
Gen 63
0,138528138528139
0,138528138528139
0,138528138528139
0,138528138528139
0,138528138528139
0,138528138528139
Gen 64
0,142857142857143
0,138744588744589
0,139393939393939
0,138528138528139
0,138528138528139
0,138528138528139
Gen 65
0,142857142857143
0,140909090909091
0,142857142857143
0,142857142857143
0,139393939393939
0,138528138528139
Gen 66
0,142857142857143
0,141774891774892
0,142857142857143
0,142857142857143
0,142857142857143
0,138528138528139
Gen 67
0,142857142857143
0,135930735930736
0,142857142857143
0,142857142857143
0,142857142857143
0,115151515151515
Gen 68
0,142857142857143
0,142857142857143
0,142857142857143
0,142857142857143
0,142857142857143
0,142857142857143
Gen 69
0,142857142857143
0,142857142857143
0,142857142857143
0,142857142857143
0,142857142857143
0,142857142857143
Gen 70
0,142857142857143
0,142857142857143
0,142857142857143
0,142857142857143
0,142857142857143
0,142857142857143
Gen 71
0,142857142857143
0,141774891774892
0,142857142857143
0,142857142857143
0,142857142857143
0,138528138528139
Gen 72
0,142857142857143
0,135714285714286
0,142857142857143
0,142857142857143
0,142857142857143
0,114285714285714
Gen 73
0,142857142857143
0,135714285714286
0,142857142857143
0,142857142857143
0,142857142857143
0,114285714285714
Gen 74
0,142857142857143
0,135714285714286
0,142857142857143
0,142857142857143
0,142857142857143
0,114285714285714
Gen 75
0,142857142857143
0,142857142857143
0,142857142857143
0,142857142857143
0,142857142857143
0,142857142857143
Gen 76
0,142857142857143
0,141774891774892
0,142857142857143
0,142857142857143
0,142857142857143
0,138528138528139
Gen 77
0,142857142857143
0,142857142857143
0,142857142857143
0,142857142857143
0,142857142857143
0,142857142857143
Gen 78
0,142857142857143
0,140692640692641
0,142857142857143
0,142857142857143
0,142857142857143
0,134199134199134
Gen 79
0,142857142857143
0,135714285714286
0,142857142857143
0,142857142857143
0,142857142857143
0,114285714285714
Gen 80
0,142857142857143
0,135714285714286
0,142857142857143
0,142857142857143
0,142857142857143
0,114285714285714
Gen 81
0,142857142857143
0,142857142857143
0,142857142857143
0,142857142857143
0,142857142857143
0,142857142857143
Gen 82
0,142857142857143
0,131818181818182
0,142857142857143
0,142857142857143
0,142857142857143
0,0987012987012987
Gen 83
0,142857142857143
0,142857142857143
0,142857142857143
0,142857142857143
0,142857142857143
0,142857142857143
Gen 84
0,142857142857143
0,135714285714286
0,142857142857143
0,142857142857143
0,142857142857143
0,114285714285714
Gen 85
0,142857142857143
0,12965367965368
0,142857142857143
0,142857142857143
0,142857142857143
0,09004329004329
Gen 86
0,142857142857143
0,142857142857143
0,142857142857143
0,142857142857143
0,142857142857143
0,142857142857143
Gen 87
0,142857142857143
0,135714285714286
0,142857142857143
0,142857142857143
0,142857142857143
0,114285714285714
Gen 88
0,142857142857143
0,142857142857143
0,142857142857143
0,142857142857143
0,142857142857143
0,142857142857143
Gen 89
0,142857142857143
0,142857142857143
0,142857142857143
0,142857142857143
0,142857142857143
0,142857142857143
Gen 90
0,142857142857143
0,140692640692641
0,142857142857143
0,142857142857143
0,142857142857143
0,134199134199134
Gen 91
0,142857142857143
0,138709454796411
0,142857142857143
0,142857142857143
0,142857142857143
0,126266390614217
Gen 92
0,142857142857143
0,141774891774892
0,142857142857143
0,142857142857143
0,142857142857143
0,138528138528139
Gen 93
0,142857142857143
0,142857142857143
0,142857142857143
0,142857142857143
0,142857142857143
0,142857142857143
Gen 94
0,142857142857143
0,135714285714286
0,142857142857143
0,142857142857143
0,142857142857143
0,114285714285714
Gen 95
0,142857142857143
0,137888198757764
0,142857142857143
0,142857142857143
0,142857142857143
0,122981366459627
Gen 96
0,142857142857143
0,135714285714286
0,142857142857143
0,142857142857143
0,142857142857143
0,114285714285714
Gen 97
0,142857142857143
0,125722441809398
0,142857142857143
0,142857142857143
0,142857142857143
0,0743183386661647
Gen 98
0,142857142857143
0,133333333333333
0,142857142857143
0,142857142857143
0,142857142857143
0,104761904761905
Gen 99
0,142857142857143
0,142857142857143
0,142857142857143
0,142857142857143
0,142857142857143
0,142857142857143
Gen 100
0,142857142857143
0,14047619047619
0,142857142857143
0,142857142857143
0,142857142857143
0,133333333333333
Gen 101
0,142857142857143
0,138709454796411
0,142857142857143
0,142857142857143
0,142857142857143
0,126266390614217
Gen 102
0,142857142857143
0,142857142857143
0,142857142857143
0,142857142857143
0,142857142857143
0,142857142857143
Gen 103
0,142857142857143
0,142857142857143
0,142857142857143
0,142857142857143
0,142857142857143
0,142857142857143
Gen 104
0,142857142857143
0,137012987012987
0,142857142857143
0,142857142857143
0,142857142857143
0,119480519480519
Gen 105
0,142857142857143
0,142857142857143
0,142857142857143
0,142857142857143
0,142857142857143
0,142857142857143
Gen 106
0,142857142857143
0,14047619047619
0,142857142857143
0,142857142857143
0,142857142857143
0,133333333333333
Gen 107
0,142857142857143
0,142857142857143
0,142857142857143
0,142857142857143
0,142857142857143
0,142857142857143
Gen 108
0,142857142857143
0,142857142857143
0,142857142857143
0,142857142857143
0,142857142857143
0,142857142857143
Gen 109
0,142857142857143
0,142857142857143
0,142857142857143
0,142857142857143
0,142857142857143
0,142857142857143
Gen 110
0,142857142857143
0,142857142857143
0,142857142857143
0,142857142857143
0,142857142857143
0,142857142857143
Gen 111
0,142857142857143
0,142857142857143
0,142857142857143
0,142857142857143
0,142857142857143
0,142857142857143
Gen 112
0,142857142857143
0,134632034632035
0,142857142857143
0,142857142857143
0,142857142857143
0,10995670995671
Gen 113
0,142857142857143
0,14047619047619
0,142857142857143
0,142857142857143
0,142857142857143
0,133333333333333
Gen 114
0,142857142857143
0,135714285714286
0,142857142857143
0,142857142857143
0,142857142857143
0,114285714285714
