Gen 1
2E-10
1,06E-10
1,24E-10
1E-10
1E-10
1E-10
Gen 2
2E-10
1,11E-10
1,44E-10
1E-10
1E-10
1E-10
Gen 3
2E-10
1,14E-10
1,56E-10
1E-10
1E-10
1E-10
Gen 4
2E-10
1,07E-10
1,28E-10
1E-10
1E-10
1E-10
Gen 5
0,051948052048052
0,00190112314355782
0,00760449227423126
1E-10
1E-10
1E-10
Gen 6
0,0898550726637681
0,00176435169843855
0,00705740649375419
1E-10
1E-10
1E-10
Gen 7
2E-10
1,09E-10
1,36E-10
1E-10
1E-10
1E-10
Gen 8
0,0432900433900433
0,000461886045146811
0,00184754388058724
1E-10
1E-10
1E-10
Gen 9
2E-10
1,05E-10
1,2E-10
1E-10
1E-10
1E-10
Gen 10
2E-10
1,07E-10
1,28E-10
1E-10
1E-10
1E-10
Gen 11
0,0405797103449275
0,00157487933905315
0,00629951705621256
1E-10
1E-10
1E-10
Gen 12
2E-10
1,02E-10
1,08E-10
1E-10
1E-10
1E-10
Gen 13
2E-10
1,1E-10
1,4E-10
1E-10
1E-10
1E-10
Gen 14
2E-10
1,09E-10
1,36E-10
1E-10
1E-10
1E-10
Gen 15
2E-10
1,05E-10
1,2E-10
1E-10
1E-10
1E-10
Gen 16
0,0432900433900433
0,00101574764148666
0,00406299026594667
1E-10
1E-10
1E-10
Gen 17
2E-10
1,03E-10
1,12E-10
1E-10
1E-10
1E-10
Gen 18
0,0840579712144927
0,00194165265734821
0,00776661032939281
1E-10
1E-10
1E-10
Gen 19
1E-10
9,99999999999998E-11
1E-10
1E-10
1E-10
1E-10
Gen 20
2E-10
1,09E-10
1,36E-10
1E-10
1E-10
1E-10
Gen 21
2E-10
1,1E-10
1,4E-10
1E-10
1E-10
1E-10
Gen 22
2E-10
1,02E-10
1,08E-10
1E-10
1E-10
1E-10
Gen 23
0,0115942030985507
0,000115942145985507
0,000463768283942028
1E-10
1E-10
1E-10
Gen 24
2E-10
1,02E-10
1,08E-10
1E-10
1E-10
1E-10
Gen 25
1E-10
9,99999999999998E-11
1E-10
1E-10
1E-10
1E-10
Gen 26
2E-10
1,02E-10
1,08E-10
1E-10
1E-10
1E-10
Gen 27
1E-10
9,99999999999998E-11
1E-10
1E-10
1E-10
1E-10
Gen 28
2E-10
1,05E-10
1,2E-10
1E-10
1E-10
1E-10
Gen 29
2E-10
1,02E-10
1,08E-10
1E-10
1E-10
1E-10
Gen 30
2E-10
1,03E-10
1,12E-10
1E-10
1E-10
1E-10
Gen 31
1E-10
9,99999999999998E-11
1E-10
1E-10
1E-10
1E-10
Gen 32
2E-10
1,09E-10
1,36E-10
1E-10
1E-10
1E-10
Gen 33
2E-10
1,01E-10
1,04E-10
1E-10
1E-10
1E-10
Gen 34
0,0657004832917874
0,000657004933917869
0,00262801943567149
1E-10
1E-10
1E-10
Gen 35
0,00289855092463768
2,89856112463768E-05
0,000115942144985507
1E-10
1E-10
1E-10
Gen 36
0,0222222224222222
0,000628019430671493
0,00251207742268599
1E-10
1E-10
1E-10
Gen 37
0,00966183594879227
0,000386473536951692
0,00154589384780676
1E-10
1E-10
1E-10
Gen 38
0,0463768117942029
0,00157538124759854
0,00630152469039413
1E-10
1E-10
1E-10
Gen 39
0,0492753625188406
0,000782608804652169
0,00313043491860869
1E-10
1E-10
1E-10
Gen 40
2E-10
1,05E-10
1,2E-10
1E-10
1E-10
1E-10
Gen 41
0,000966183774879227
9,6619407487923E-06
3,86474629951691E-05
1E-10
1E-10
1E-10
Gen 42
2E-10
1,04E-10
1,16E-10
1E-10
1E-10
1E-10
Gen 43
2E-10
1,04E-10
1,16E-10
1E-10
1E-10
1E-10
Gen 44
2E-10
1,07E-10
1,28E-10
1E-10
1E-10
1E-10
Gen 45
2E-10
1,02E-10
1,08E-10
1E-10
1E-10
1E-10
Gen 46
2E-10
1,03E-10
1,12E-10
1E-10
1E-10
1E-10
Gen 47
2E-10
1,14E-10
1,56E-10
1E-10
1E-10
1E-10
Gen 48
1E-10
9,99999999999998E-11
1E-10
1E-10
1E-10
1E-10
Gen 49
2E-10
1,11E-10
1,44E-10
1E-10
1E-10
1E-10
Gen 50
2E-10
1,12E-10
1,48E-10
1E-10
1E-10
1E-10
Gen 51
0,0115942030985507
0,000202522219565595
0,000810088578262376
1E-10
1E-10
1E-10
Gen 52
2E-10
1,02E-10
1,08E-10
1E-10
1E-10
1E-10
Gen 53
2E-10
1,05E-10
1,2E-10
1E-10
1E-10
1E-10
Gen 54
2E-10
1,03E-10
1,12E-10
1E-10
1E-10
1E-10
Gen 55
0,00869565237391304
8,695662873913E-05
0,000347826214956521
1E-10
1E-10
1E-10
Gen 56
2E-10
1,1E-10
1,4E-10
1E-10
1E-10
1E-10
Gen 57
2E-10
1,11E-10
1,44E-10
1E-10
1E-10
1E-10
Gen 58
0,0115942030985507
0,000115942141985507
0,000463768267942028
1E-10
1E-10
1E-10
Gen 59
2E-10
1,09E-10
1,36E-10
1E-10
1E-10
1E-10
Gen 60
0,0376811596202899
0,0003768116982029
0,0015072464928116
1E-10
1E-10
1E-10
Gen 61
2E-10
1,04E-10
1,16E-10
1E-10
1E-10
1E-10
Gen 62
2E-10
1,01E-10
1,04E-10
1E-10
1E-10
1E-10
Gen 63
0,012987013087013
0,000607566453696783
0,00243026551478713
1E-10
1E-10
1E-10
Gen 64
0,029951691021256
0,000299517017212562
0,00119806776885024
1E-10
1E-10
1E-10
Gen 65
2E-10
1,04E-10
1,16E-10
1E-10
1E-10
1E-10
Gen 66
2E-10
1,06E-10
1,24E-10
1E-10
1E-10
1E-10
Gen 67
0,0251207731468599
0,000502415564937199
0,00200966195974879
1E-10
1E-10
1E-10
Gen 68
0,00289855092463768
5,79711194927532E-05
0,000231884177971014
1E-10
1E-10
1E-10
Gen 69
0,051948052048052
0,000865800968800861
0,00346320357520346
1E-10
1E-10
1E-10
Gen 70
2E-10
1,02E-10
1,08E-10
1E-10
1E-10
1E-10
Gen 71
0,0115942030985507
0,000115942131985507
0,000463768227942029
1E-10
1E-10
1E-10
Gen 72
2E-10
1,03E-10
1,12E-10
1E-10
1E-10
1E-10
Gen 73
2E-10
1,1E-10
1,4E-10
1E-10
1E-10
1E-10
Gen 74
2E-10
1,03E-10
1,12E-10
1E-10
1E-10
1E-10
Gen 75
0,0173913045478261
0,000347826194956523
0,00139130447982609
1E-10
1E-10
1E-10
Gen 76
2E-10
1,09E-10
1,36E-10
1E-10
1E-10
1E-10
Gen 77
0,0606060607060606
0,00271798742968299
0,0108719494187319
1E-10
1E-10
1E-10
Gen 78
0,00386473449951691
7,72947949903378E-05
0,000309178879961352
1E-10
1E-10
1E-10
Gen 79
2E-10
1,04E-10
1,16E-10
1E-10
1E-10
1E-10
Gen 80
2E-10
1,02E-10
1,08E-10
1E-10
1E-10
1E-10
Gen 81
2E-10
1,06E-10
1,24E-10
1E-10
1E-10
1E-10
Gen 82
2E-10
1,02E-10
1,08E-10
1E-10
1E-10
1E-10
Gen 83
0,0476190477190476
0,000476190584190478
0,00190476203676191
1E-10
1E-10
1E-10
Gen 84
2E-10
1,01E-10
1,04E-10
1E-10
1E-10
1E-10
Gen 85
0,0434782610695652
0,000434782714695654
0,00173913055878261
1E-10
1E-10
1E-10
Gen 86
2E-10
1,1E-10
1,4E-10
1E-10
1E-10
1E-10
Gen 87
2E-10
1,03E-10
1,12E-10
1E-10
1E-10
1E-10
Gen 88
2E-10
1,04E-10
1,16E-10
1E-10
1E-10
1E-10
Gen 89
2E-10
1,1E-10
1,4E-10
1E-10
1E-10
1E-10
Gen 90
0,0367149760454106
0,000367149864454108
0,00146859915781643
1E-10
1E-10
1E-10
Gen 91
2E-10
1,01E-10
1,04E-10
1E-10
1E-10
1E-10
Gen 92
2E-10
1,1E-10
1,4E-10
1E-10
1E-10
1E-10
Gen 93
2E-10
1,01E-10
1,04E-10
1E-10
1E-10
1E-10
Gen 94
0,00289855092463768
5,79711224927533E-05
0,000231884189971014
1E-10
1E-10
1E-10
Gen 95
0,0502415460937198
0,000835560680691004
0,00334224242276403
1E-10
1E-10
1E-10
Gen 96
2E-10
1,07E-10
1,28E-10
1E-10
1E-10
1E-10
Gen 97
0,000966183774879227
1,93237774975846E-05
7,72948099903382E-05
1E-10
1E-10
1E-10
Gen 98
2E-10
1,05E-10
1,2E-10
1E-10
1E-10
1E-10
Gen 99
2E-10
1,03E-10
1,12E-10
1E-10
1E-10
1E-10
Gen 100
0,0231884059971015
0,000695652278913038
0,00278260881565217
1E-10
1E-10
1E-10
Gen 101
2E-10
1,04E-10
1,16E-10
1E-10
1E-10
1E-10
Gen 102
2E-10
1,14E-10
1,56E-10
1E-10
1E-10
1E-10
Gen 103
0,0289855074463768
0,000318840683710146
0,00127536243484058
1E-10
1E-10
1E-10
Gen 104
0,00865800875800866
0,000259740361740261
0,00103896114696104
1E-10
1E-10
1E-10
Gen 105
2E-10
1,1E-10
1,4E-10
1E-10
1E-10
1E-10
Gen 106
2E-10
1,05E-10
1,2E-10
1E-10
1E-10
1E-10
Gen 107
2E-10
1,04E-10
1,16E-10
1E-10
1E-10
1E-10
Gen 108
0,0927536233884058
0,000927536344884053
0,00371014507953623
1E-10
1E-10
1E-10
Gen 109
2E-10
1,01E-10
1,04E-10
1E-10
1E-10
1E-10
Gen 110
2E-10
1,02E-10
1,08E-10
1E-10
1E-10
1E-10
Gen 111
2E-10
1,03E-10
1,12E-10
1E-10
1E-10
1E-10
Gen 112
1E-10
9,99999999999998E-11
1E-10
1E-10
1E-10
1E-10
Gen 113
2E-10
1,04E-10
1,16E-10
1E-10
1E-10
1E-10
Gen 114
2E-10
1,07E-10
1,28E-10
1E-10
1E-10
1E-10
Gen 115
2E-10
1,03E-10
1,12E-10
1E-10
1E-10
1E-10
Gen 116
0,00865800875800866
8,65801905800862E-05
0,000346320462320346
1E-10
1E-10
1E-10
Gen 117
2E-10
1,03E-10
1,12E-10
1E-10
1E-10
1E-10
Gen 118
1E-10
9,99999999999998E-11
1E-10
1E-10
1E-10
1E-10
Gen 119
2E-10
1,04E-10
1,16E-10
1E-10
1E-10
1E-10
Gen 120
2E-10
1,02E-10
1,08E-10
1E-10
1E-10
1E-10
Gen 121
0,00966183594879227
0,000193236829975846
0,000772947019903382
1E-10
1E-10
1E-10
Gen 122
2E-10
1,08E-10
1,32E-10
1E-10
1E-10
1E-10
Gen 123
2E-10
1,06E-10
1,24E-10
1E-10
1E-10
1E-10
Gen 124
2E-10
1,05E-10
1,2E-10
1E-10
1E-10
1E-10
Gen 125
2E-10
1,07E-10
1,28E-10
1E-10
1E-10
1E-10
Gen 126
1E-10
9,99999999999998E-11
1E-10
1E-10
1E-10
1E-10
Gen 127
2E-10
1,04E-10
1,16E-10
1E-10
1E-10
1E-10
Gen 128
2E-10
1,02E-10
1,08E-10
1E-10
1E-10
1E-10
Gen 129
2E-10
1,13E-10
1,52E-10
1E-10
1E-10
1E-10
Gen 130
0,0346320347320346
0,000692640792640687
0,00277056287056277
1E-10
1E-10
1E-10
Gen 131
0,0347826088956522
0,000347826191956523
0,00139130446782609
1E-10
1E-10
1E-10
Gen 132
0,00865800875800866
0,000288725867986638
0,00115490317194655
1E-10
1E-10
1E-10
Gen 133
0,0666666668666667
0,00141916065559534
0,00567664232238133
1E-10
1E-10
1E-10
Gen 134
2E-10
1,05E-10
1,2E-10
1E-10
1E-10
1E-10
Gen 135
2E-10
1,06E-10
1,24E-10
1E-10
1E-10
1E-10
Gen 136
2E-10
1,02E-10
1,08E-10
1E-10
1E-10
1E-10
Gen 137
1E-10
9,99999999999998E-11
1E-10
1E-10
1E-10
1E-10
Gen 138
1E-10
9,99999999999998E-11
1E-10
1E-10
1E-10
1E-10
Gen 139
1E-10
9,99999999999998E-11
1E-10
1E-10
1E-10
1E-10
Gen 140
0,021256038847343
0,000728904050295245
0,002915615901181
1E-10
1E-10
1E-10
Gen 141
2E-10
1,03E-10
1,12E-10
1E-10
1E-10
1E-10
Gen 142
2E-10
1,03E-10
1,12E-10
1E-10
1E-10
1E-10
Gen 143
2E-10
1,01E-10
1,04E-10
1E-10
1E-10
1E-10
Gen 144
0,00865800875800866
0,000346320451320348
0,00138528150528139
1E-10
1E-10
1E-10
Gen 145
2E-10
1,12E-10
1,48E-10
1E-10
1E-10
1E-10
Gen 146
0,0173160174160173
0,000173160278160174
0,000692640812640694
1E-10
1E-10
1E-10
Gen 147
2E-10
1,01E-10
1,04E-10
1E-10
1E-10
1E-10
Gen 148
2E-10
1,13E-10
1,52E-10
1E-10
1E-10
1E-10
Gen 149
0,0260869567217391
0,000550724756681161
0,00220289872672464
1E-10
1E-10
1E-10
Gen 150
2E-10
1,09E-10
1,36E-10
1E-10
1E-10
1E-10
Gen 151
0,012987013087013
0,000486228856098314
0,00194491512439325
1E-10
1E-10
1E-10
Gen 152
2E-10
1,04E-10
1,16E-10
1E-10
1E-10
1E-10
Gen 153
1E-10
9,99999999999998E-11
1E-10
1E-10
1E-10
1E-10
Gen 154
2E-10
1,12E-10
1,48E-10
1E-10
1E-10
1E-10
Gen 155
0,012987013087013
0,000129870234870129
0,000519480639480519
1E-10
1E-10
1E-10
Gen 156
0,0173160174160173
0,000432900534900434
0,00173160183960173
1E-10
1E-10
1E-10
Gen 157
0,0231884059971015
0,00249200086587033
0,00996800316348128
1E-10
1E-10
1E-10
Gen 158
2E-10
1,12E-10
1,48E-10
1E-10
1E-10
1E-10
Gen 159
2E-10
1,03E-10
1,12E-10
1E-10
1E-10
1E-10
Gen 160
0,0743961354657005
0,00148792281131402
0,00595169094525604
1E-10
1E-10
1E-10
Gen 161
2E-10
1,02E-10
1,08E-10
1E-10
1E-10
1E-10
Gen 162
2E-10
1,14E-10
1,56E-10
1E-10
1E-10
1E-10
Gen 163
0,00386473449951691
5,79711324927533E-05
0,000231884229971014
1E-10
1E-10
1E-10
Gen 164
2E-10
1,09E-10
1,36E-10
1E-10
1E-10
1E-10
Gen 165
0,00966183594879227
9,66184644879223E-05
0,00038647355795169
1E-10
1E-10
1E-10
Gen 166
0,00289855092463768
2,89856112463768E-05
0,000115942144985507
1E-10
1E-10
1E-10
Gen 167
2E-10
1,07E-10
1,28E-10
1E-10
1E-10
1E-10
Gen 168
0,0135265702483092
0,000357488038705315
0,00142995185482126
1E-10
1E-10
1E-10
Gen 169
2E-10
1,09E-10
1,36E-10
1E-10
1E-10
1E-10
Gen 170
0,012987013087013
0,000259740364740261
0,00103896115896104
1E-10
1E-10
1E-10
Gen 171
2E-10
1,03E-10
1,12E-10
1E-10
1E-10
1E-10
Gen 172
2E-10
1,07E-10
1,28E-10
1E-10
1E-10
1E-10
Gen 173
2E-10
1,07E-10
1,28E-10
1E-10
1E-10
1E-10
Gen 174
2E-10
1,01E-10
1,04E-10
1E-10
1E-10
1E-10
Gen 175
2E-10
1,05E-10
1,2E-10
1E-10
1E-10
1E-10
Gen 176
0,0483091789439614
0,000483091889439615
0,00193236725775846
1E-10
1E-10
1E-10
Gen 177
0,00432900442900433
4,32901482900429E-05
0,000173160293160173
1E-10
1E-10
1E-10
Gen 178
2E-10
1,05E-10
1,2E-10
1E-10
1E-10
1E-10
Gen 179
2E-10
1,03E-10
1,12E-10
1E-10
1E-10
1E-10
Gen 180
2E-10
1,07E-10
1,28E-10
1E-10
1E-10
1E-10
Gen 181
2E-10
1,02E-10
1,08E-10
1E-10
1E-10
1E-10
Gen 182
2E-10
1,04E-10
1,16E-10
1E-10
1E-10
1E-10
Gen 183
2E-10
1,02E-10
1,08E-10
1E-10
1E-10
1E-10
Gen 184
2E-10
1,02E-10
1,08E-10
1E-10
1E-10
1E-10
Gen 185
2E-10
1,01E-10
1,04E-10
1E-10
1E-10
1E-10
Gen 186
2E-10
1,1E-10
1,4E-10
1E-10
1E-10
1E-10
Gen 187
2E-10
1,03E-10
1,12E-10
1E-10
1E-10
1E-10
Gen 188
2E-10
1,03E-10
1,12E-10
1E-10
1E-10
1E-10
Gen 189
2E-10
1,08E-10
1,32E-10
1E-10
1E-10
1E-10
Gen 190
2E-10
1,06E-10
1,24E-10
1E-10
1E-10
1E-10
Gen 191
0,00432900442900433
4,32901502900429E-05
0,000173160301160173
1E-10
1E-10
1E-10
Gen 192
0,0222222224222222
0,00106204917104906
0,00424819638419625
1E-10
1E-10
1E-10
Gen 193
2E-10
1,08E-10
1,32E-10
1E-10
1E-10
1E-10
Gen 194
2E-10
1,02E-10
1,08E-10
1E-10
1E-10
1E-10
Gen 195
2E-10
1,1E-10
1,4E-10
1E-10
1E-10
1E-10
Gen 196
2E-10
1,03E-10
1,12E-10
1E-10
1E-10
1E-10
Gen 197
2E-10
1,05E-10
1,2E-10
1E-10
1E-10
1E-10
Gen 198
2E-10
1,02E-10
1,08E-10
1E-10
1E-10
1E-10
Gen 199
2E-10
1,03E-10
1,12E-10
1E-10
1E-10
1E-10
Gen 200
2E-10
1,03E-10
1,12E-10
1E-10
1E-10
1E-10
