Gen 1
0.311360448807854
0.00717327553232181
0.0286931021292873
0
0
0
Gen 2
0.311360448807854
0.0465472395766926
0.150401632028561
0.0327680734412852
0.00301925283692465
0
Gen 3
0.314165497896213
0.189005482595945
0.311584852734923
0.311360448807854
0.110875940328956
0.022200688512049
Gen 4
0.403927068723703
0.300617110799439
0.316746143057504
0.311360448807854
0.311360448807854
0.263001402524544
Gen 5
0.403927068723703
0.308322070636236
0.357251051893408
0.314165497896213
0.313604488078541
0.248267244676782
Gen 6
0.451612903225806
0.358441922733648
0.407293127629734
0.403927068723703
0.375203366058906
0.247344128522249
Gen 7
0.605890603085554
0.41593267882188
0.451949509116409
0.403927068723703
0.403927068723703
0.403927068723703
Gen 8
0.633941093969144
0.441165370393983
0.539354838709677
0.451612903225806
0.44914446002805
0.324549279612393
Gen 9
0.723702664796634
0.553842917251052
0.629621318373071
0.605890603085554
0.572061711079944
0.407798036465638
Gen 10
0.723702664796634
0.626521739130435
0.694754558204768
0.633941093969144
0.624740532959327
0.552650771388499
Gen 11
0.723702664796634
0.682075736325385
0.723702664796634
0.723702664796634
0.71124824684432
0.569649368863955
Gen 12
0.741935483870968
0.716129032258064
0.724431977559607
0.723702664796634
0.723702664796634
0.692678821879383
Gen 13
0.741935483870968
0.710490883590462
0.728807854137447
0.723702664796634
0.723702664796634
0.665750350631136
Gen 14
0.741935483870968
0.718373071528751
0.741935483870968
0.741935483870968
0.726619915848527
0.663001402524544
Gen 15
0.741935483870968
0.701051893408134
0.741935483870968
0.741935483870968
0.741935483870968
0.578401122019635
Gen 16
0.741935483870968
0.724572230014025
0.741935483870968
0.741935483870968
0.741935483870968
0.672482468443198
Gen 17
0.741935483870968
0.70562412342216
0.741935483870968
0.741935483870968
0.741935483870968
0.596690042075737
Gen 18
0.741935483870968
0.715175315568022
0.741935483870968
0.741935483870968
0.741935483870968
0.634894810659187
Gen 19
0.741935483870968
0.722291215096264
0.741935483870968
0.741935483870968
0.741935483870968
0.663358408772153
Gen 20
0.741935483870968
0.712847124824684
0.741935483870968
0.741935483870968
0.741935483870968
0.625582047685835
Gen 21
0.741935483870968
0.727419354838709
0.741935483870968
0.741935483870968
0.741935483870968
0.683870967741936
Gen 22
0.741935483870968
0.68969144460028
0.741935483870968
0.741935483870968
0.741935483870968
0.532959326788219
Gen 23
0.741935483870968
0.719088359046283
0.741935483870968
0.741935483870968
0.741935483870968
0.65054698457223
Gen 24
0.741935483870968
0.685834502103787
0.741935483870968
0.741935483870968
0.741935483870968
0.517531556802244
Gen 25
0.741935483870968
0.723856942496493
0.741935483870968
0.741935483870968
0.741935483870968
0.669621318373072
Gen 26
0.741935483870968
0.711991584852734
0.741935483870968
0.741935483870968
0.741935483870968
0.622159887798037
Gen 27
0.741935483870968
0.701263547112074
0.741935483870968
0.741935483870968
0.741935483870968
0.579247736835395
Gen 28
0.741935483870968
0.722245314293
0.741935483870968
0.741935483870968
0.741935483870968
0.663174805559097
Gen 29
0.762973352033661
0.727279102384291
0.742776998597476
0.741935483870968
0.741935483870968
0.682468443197756
Gen 30
0.762973352033661
0.709915848527349
0.755399719495091
0.741935483870968
0.741935483870968
0.60039270687237
Gen 31
0.788218793828892
0.734081346423562
0.76398316970547
0.762973352033661
0.755175315568023
0.654193548387097
Gen 32
0.806451612903226
0.724894810659186
0.775820476858346
0.762973352033661
0.762973352033661
0.59781206171108
Gen 33
0.806451612903226
0.755539971949508
0.798429172510519
0.788218793828892
0.783169705469846
0.65234221598878
Gen 34
0.806451612903226
0.794600280504908
0.806451612903226
0.806451612903226
0.806451612903226
0.759046283309958
Gen 35
0.806451612903226
0.790532959326788
0.806451612903226
0.806451612903226
0.806451612903226
0.742776998597475
Gen 36
0.806451612903226
0.793562412342216
0.806451612903226
0.806451612903226
0.806451612903226
0.754894810659186
Gen 37
0.806451612903226
0.781290322580645
0.806451612903226
0.806451612903226
0.806451612903226
0.705806451612903
Gen 38
0.806451612903226
0.77960729312763
0.806451612903226
0.806451612903226
0.806451612903226
0.699074333800841
Gen 39
0.806451612903226
0.777741935483871
0.806451612903226
0.806451612903226
0.806451612903226
0.691612903225806
Gen 40
0.806451612903226
0.78070126227209
0.806451612903226
0.806451612903226
0.806451612903226
0.703450210378682
Gen 41
0.806451612903226
0.790645161290323
0.806451612903226
0.806451612903226
0.806451612903226
0.743225806451613
Gen 42
0.806451612903226
0.769396914446002
0.806451612903226
0.806451612903226
0.806451612903226
0.658232819074334
Gen 43
0.806451612903226
0.780465383144205
0.806451612903226
0.806451612903226
0.806451612903226
0.702506693867143
Gen 44
0.806451612903226
0.783338008415147
0.806451612903226
0.806451612903226
0.806451612903226
0.713997194950912
Gen 45
0.806451612903226
0.784936886395512
0.806451612903226
0.806451612903226
0.806451612903226
0.72039270687237
Gen 46
0.806451612903226
0.804908835904629
0.806451612903226
0.806451612903226
0.806451612903226
0.800280504908836
Gen 47
0.806451612903226
0.775161290322581
0.806451612903226
0.806451612903226
0.806451612903226
0.681290322580645
Gen 48
0.806451612903226
0.769261762080836
0.806451612903226
0.806451612903226
0.806451612903226
0.657692209613668
Gen 49
0.806451612903226
0.796227208976157
0.806451612903226
0.806451612903226
0.806451612903226
0.765553997194951
Gen 50
0.806451612903226
0.78695652173913
0.806451612903226
0.806451612903226
0.806451612903226
0.728471248246844
Gen 51
0.806451612903226
0.780084151472651
0.806451612903226
0.806451612903226
0.806451612903226
0.700981767180926
Gen 52
0.806451612903226
0.790645161290323
0.806451612903226
0.806451612903226
0.806451612903226
0.743225806451613
Gen 53
0.821879382889201
0.782173913043478
0.807068723702665
0.806451612903226
0.806451612903226
0.708723702664796
Gen 54
0.821879382889201
0.756706617365804
0.80953716690042
0.806451612903226
0.806451612903226
0.604386076756343
Gen 55
0.821879382889201
0.804544179523142
0.8218793828892
0.818176718092566
0.806451612903226
0.771669004207573
Gen 56
0.838709677419355
0.780657911513453
0.822552594670407
0.8218793828892
0.8218793828892
0.656320285604998
Gen 57
0.838709677419355
0.80350631136045
0.830631136044881
0.8218793828892
0.8218793828892
0.739635343618513
Gen 58
0.838709677419355
0.833660589060309
0.838709677419355
0.838709677419355
0.835343618513324
0.8218793828892
Gen 59
0.838709677419355
0.813548387096774
0.838709677419355
0.838709677419355
0.838709677419355
0.738064516129032
Gen 60
0.838709677419355
0.77531556802244
0.838709677419355
0.838709677419355
0.838709677419355
0.585133239831697
Gen 61
0.838709677419355
0.837377279102384
0.838709677419355
0.838709677419355
0.838709677419355
0.833380084151472
Gen 62
0.838709677419355
0.787741935483871
0.838709677419355
0.838709677419355
0.838709677419355
0.634838709677419
Gen 63
0.838709677419355
0.813408134642356
0.838709677419355
0.838709677419355
0.838709677419355
0.73750350631136
Gen 64
0.838709677419355
0.811626928471248
0.838709677419355
0.838709677419355
0.838709677419355
0.730378681626928
Gen 65
0.838709677419355
0.797321178120617
0.838709677419355
0.838709677419355
0.838709677419355
0.673155680224403
Gen 66
0.838709677419355
0.834558204768584
0.838709677419355
0.838709677419355
0.838709677419355
0.822103786816269
Gen 67
0.838709677419355
0.808218793828892
0.838709677419355
0.838709677419355
0.838709677419355
0.716746143057503
Gen 68
0.838709677419355
0.827138849929874
0.838709677419355
0.838709677419355
0.838709677419355
0.79242636746143
Gen 69
0.838709677419355
0.796451612903226
0.838709677419355
0.838709677419355
0.838709677419355
0.669677419354838
Gen 70
0.838709677419355
0.793967869437715
0.838709677419355
0.838709677419355
0.838709677419355
0.659742445492796
Gen 71
0.838709677419355
0.786961621828382
0.838709677419355
0.838709677419355
0.838709677419355
0.631717455055463
Gen 72
0.838709677419355
0.797096774193548
0.838709677419355
0.838709677419355
0.838709677419355
0.672258064516129
Gen 73
0.838709677419355
0.829817671809257
0.838709677419355
0.838709677419355
0.838709677419355
0.803141654978962
Gen 74
0.838709677419355
0.805777126099707
0.838709677419355
0.838709677419355
0.838709677419355
0.706979472140762
Gen 75
0.838709677419355
0.800098176718092
0.838709677419355
0.838709677419355
0.838709677419355
0.684263674614305
Gen 76
0.838709677419355
0.829396914446003
0.838709677419355
0.838709677419355
0.838709677419355
0.801458625525946
Gen 77
0.838709677419355
0.815147265077139
0.838709677419355
0.838709677419355
0.838709677419355
0.744460028050491
Gen 78
0.838709677419355
0.806058906030855
0.838709677419355
0.838709677419355
0.838709677419355
0.708106591865357
Gen 79
0.838709677419355
0.820028050490884
0.838709677419355
0.838709677419355
0.838709677419355
0.76398316970547
Gen 80
0.838709677419355
0.797086574015045
0.838709677419355
0.838709677419355
0.838709677419355
0.672217263802116
Gen 81
0.838709677419355
0.822185388244294
0.838709677419355
0.838709677419355
0.838709677419355
0.772612520719112
Gen 82
0.838709677419355
0.801683029453015
0.838709677419355
0.838709677419355
0.838709677419355
0.690603085553997
Gen 83
0.838709677419355
0.817376004080071
0.838709677419355
0.838709677419355
0.838709677419355
0.753374984062221
Gen 84
0.838709677419355
0.820631136044881
0.838709677419355
0.838709677419355
0.838709677419355
0.766395511921458
Gen 85
0.838709677419355
0.813506311360449
0.838709677419355
0.838709677419355
0.838709677419355
0.737896213183731
Gen 86
0.838709677419355
0.832762973352034
0.838709677419355
0.838709677419355
0.838709677419355
0.81492286115007
Gen 87
0.838709677419355
0.833352033660589
0.838709677419355
0.838709677419355
0.838709677419355
0.817279102384291
Gen 88
0.838709677419355
0.826984572230014
0.838709677419355
0.838709677419355
0.838709677419355
0.791809256661991
Gen 89
0.838709677419355
0.807251051893408
0.838709677419355
0.838709677419355
0.838709677419355
0.712875175315568
Gen 90
0.838709677419355
0.801809256661991
0.838709677419355
0.838709677419355
0.838709677419355
0.691107994389901
Gen 91
0.838709677419355
0.82562412342216
0.838709677419355
0.838709677419355
0.838709677419355
0.786367461430575
Gen 92
0.838709677419355
0.819382889200561
0.838709677419355
0.838709677419355
0.838709677419355
0.761402524544179
Gen 93
0.838709677419355
0.83312762973352
0.838709677419355
0.838709677419355
0.838709677419355
0.816381486676017
Gen 94
0.838709677419355
0.809046283309958
0.838709677419355
0.838709677419355
0.838709677419355
0.720056100981767
Gen 95
0.838709677419355
0.802608695652174
0.838709677419355
0.838709677419355
0.838709677419355
0.694305750350631
Gen 96
0.838709677419355
0.820785413744741
0.838709677419355
0.838709677419355
0.838709677419355
0.767012622720897
Gen 97
0.838709677419355
0.820729312762973
0.838709677419355
0.838709677419355
0.838709677419355
0.766788218793829
Gen 98
0.838709677419355
0.82258064516129
0.838709677419355
0.838709677419355
0.838709677419355
0.774193548387097
Gen 99
0.838709677419355
0.814893535636874
0.838709677419355
0.838709677419355
0.838709677419355
0.74344511028943
Gen 100
0.838709677419355
0.816650516384036
0.838709677419355
0.838709677419355
0.838709677419355
0.750473033278082
Gen 101
0.838709677419355
0.82
0.838709677419355
0.838709677419355
0.838709677419355
0.763870967741935
Gen 102
0.838709677419355
0.830322580645161
0.838709677419355
0.838709677419355
0.838709677419355
0.805161290322581
Gen 103
0.838709677419355
0.79788728802754
0.838709677419355
0.838709677419355
0.838709677419355
0.675420119852097
Gen 104
0.838709677419355
0.830322580645161
0.838709677419355
0.838709677419355
0.838709677419355
0.80516129032258
Gen 105
0.838709677419355
0.82656381486676
0.838709677419355
0.838709677419355
0.838709677419355
0.790126227208976
Gen 106
0.838709677419355
0.798513323983169
0.838709677419355
0.838709677419355
0.838709677419355
0.677924263674614
Gen 107
0.838709677419355
0.824516129032258
0.838709677419355
0.838709677419355
0.838709677419355
0.781935483870968
Gen 108
0.838709677419355
0.813604488078541
0.838709677419355
0.838709677419355
0.838709677419355
0.738288920056101
Gen 109
0.838709677419355
0.832608695652174
0.838709677419355
0.838709677419355
0.838709677419355
0.814305750350631
Gen 110
0.838709677419355
0.795539971949509
0.838709677419355
0.838709677419355
0.838709677419355
0.666030855539971
Gen 111
0.838709677419355
0.813562412342216
0.838709677419355
0.838709677419355
0.838709677419355
0.738120617110799
Gen 112
0.838709677419355
0.8190603085554
0.838709677419355
0.838709677419355
0.838709677419355
0.760112201963534
Gen 113
0.838709677419355
0.804558204768583
0.838709677419355
0.838709677419355
0.838709677419355
0.702103786816269
Gen 114
0.838709677419355
0.822258064516129
0.838709677419355
0.838709677419355
0.838709677419355
0.772903225806451
Gen 115
0.838709677419355
0.799929873772791
0.838709677419355
0.838709677419355
0.838709677419355
0.683590462833099
Gen 116
0.838709677419355
0.801449700369756
0.838709677419355
0.838709677419355
0.838709677419355
0.689669769220961
Gen 117
0.838709677419355
0.830322580645161
0.838709677419355
0.838709677419355
0.838709677419355
0.805161290322581
Gen 118
0.838709677419355
0.820322580645161
0.838709677419355
0.838709677419355
0.838709677419355
0.76516129032258
Gen 119
0.838709677419355
0.794460028050491
0.838709677419355
0.838709677419355
0.838709677419355
0.661711079943899
Gen 120
0.838709677419355
0.795539971949509
0.838709677419355
0.838709677419355
0.838709677419355
0.666030855539972
Gen 121
0.838709677419355
0.838709677419355
0.838709677419355
0.838709677419355
0.838709677419355
0.838709677419355
Gen 122
0.838709677419355
0.814361851332398
0.838709677419355
0.838709677419355
0.838709677419355
0.741318373071528
Gen 123
0.838709677419355
0.814025245441795
0.838709677419355
0.838709677419355
0.838709677419355
0.739971949509116
Gen 124
0.838709677419355
0.838709677419355
0.838709677419355
0.838709677419355
0.838709677419355
0.838709677419355
Gen 125
0.838709677419355
0.790715287517531
0.838709677419355
0.838709677419355
0.838709677419355
0.646732117812062
Gen 126
0.838709677419355
0.838541374474054
0.838709677419355
0.838709677419355
0.838709677419355
0.838036465638148
Gen 127
0.838709677419355
0.820911640953717
0.838709677419355
0.838709677419355
0.838709677419355
0.767517531556802
Gen 128
0.838709677419355
0.808948106591865
0.838709677419355
0.838709677419355
0.838709677419355
0.719663394109397
Gen 129
0.838709677419355
0.820322580645161
0.838709677419355
0.838709677419355
0.838709677419355
0.76516129032258
Gen 130
0.838709677419355
0.829144460028051
0.838709677419355
0.838709677419355
0.838709677419355
0.800448807854137
Gen 131
0.838709677419355
0.825245441795232
0.838709677419355
0.838709677419355
0.838709677419355
0.784852734922861
Gen 132
0.838709677419355
0.779371413999745
0.838709677419355
0.838709677419355
0.838709677419355
0.601356623740915
Gen 133
0.838709677419355
0.830322580645161
0.838709677419355
0.838709677419355
0.838709677419355
0.805161290322581
Gen 134
0.838709677419355
0.7973492286115
0.838709677419355
0.838709677419355
0.838709677419355
0.673267882187938
Gen 135
0.838709677419355
0.81179523141655
0.838709677419355
0.838709677419355
0.838709677419355
0.731051893408134
Gen 136
0.838709677419355
0.800028050490884
0.838709677419355
0.838709677419355
0.838709677419355
0.683983169705469
Gen 137
0.838709677419355
0.817828637001147
0.838709677419355
0.838709677419355
0.838709677419355
0.755185515746525
Gen 138
0.838709677419355
0.813295932678822
0.838709677419355
0.838709677419355
0.838709677419355
0.737054698457223
Gen 139
0.838709677419355
0.80258064516129
0.838709677419355
0.838709677419355
0.838709677419355
0.694193548387096
Gen 140
0.838709677419355
0.820322580645161
0.838709677419355
0.838709677419355
0.838709677419355
0.76516129032258
Gen 141
0.838709677419355
0.796157082748948
0.838709677419355
0.838709677419355
0.838709677419355
0.668499298737728
Gen 142
0.838709677419355
0.804586255259467
0.838709677419355
0.838709677419355
0.838709677419355
0.702215988779803
Gen 143
0.838709677419355
0.805203366058906
0.838709677419355
0.838709677419355
0.838709677419355
0.704684431977559
Gen 144
0.838709677419355
0.792075736325385
0.838709677419355
0.838709677419355
0.838709677419355
0.652173913043478
Gen 145
0.838709677419355
0.829396914446003
0.838709677419355
0.838709677419355
0.838709677419355
0.801458625525946
Gen 146
0.838709677419355
0.808106591865358
0.838709677419355
0.838709677419355
0.838709677419355
0.716297335203366
Gen 147
0.838709677419355
0.804319775596073
0.838709677419355
0.838709677419355
0.838709677419355
0.701150070126227
Gen 148
0.838709677419355
0.81258064516129
0.838709677419355
0.838709677419355
0.838709677419355
0.734193548387096
Gen 149
0.838709677419355
0.811152620170853
0.838709677419355
0.838709677419355
0.838709677419355
0.728481448425347
Gen 150
0.838709677419355
0.820799438990182
0.838709677419355
0.838709677419355
0.838709677419355
0.767068723702664
Gen 151
0.838709677419355
0.804193548387097
0.838709677419355
0.838709677419355
0.838709677419355
0.700645161290322
Gen 152
0.838709677419355
0.820448807854138
0.838709677419355
0.838709677419355
0.838709677419355
0.765666199158485
Gen 153
0.838709677419355
0.838457223001403
0.838709677419355
0.838709677419355
0.838709677419355
0.837699859747545
Gen 154
0.838709677419355
0.816844319775596
0.838709677419355
0.838709677419355
0.838709677419355
0.751248246844319
Gen 155
0.838709677419355
0.814039270687237
0.838709677419355
0.838709677419355
0.838709677419355
0.740028050490883
Gen 156
0.838709677419355
0.811346423562412
0.838709677419355
0.838709677419355
0.838709677419355
0.729256661991584
Gen 157
0.838709677419355
0.793688639551192
0.838709677419355
0.838709677419355
0.838709677419355
0.658625525946704
Gen 158
0.838709677419355
0.820821114369501
0.838709677419355
0.838709677419355
0.838709677419355
0.767155425219941
Gen 159
0.838709677419355
0.795497896213184
0.838709677419355
0.838709677419355
0.838709677419355
0.66586255259467
Gen 160
0.838709677419355
0.821654978962132
0.838709677419355
0.838709677419355
0.838709677419355
0.770490883590462
Gen 161
0.838709677419355
0.829957924263675
0.838709677419355
0.838709677419355
0.838709677419355
0.803702664796634
Gen 162
0.838709677419355
0.820573760040801
0.838709677419355
0.838709677419355
0.838709677419355
0.766166007905138
Gen 163
0.838709677419355
0.800378681626928
0.838709677419355
0.838709677419355
0.838709677419355
0.685385694249649
Gen 164
0.838709677419355
0.834908835904628
0.838709677419355
0.838709677419355
0.838709677419355
0.823506311360449
Gen 165
0.838709677419355
0.822244039270687
0.838709677419355
0.838709677419355
0.838709677419355
0.772847124824684
Gen 166
0.838709677419355
0.838709677419355
0.838709677419355
0.838709677419355
0.838709677419355
0.838709677419355
Gen 167
0.838709677419355
0.817994389901823
0.838709677419355
0.838709677419355
0.838709677419355
0.755848527349228
Gen 168
0.838709677419355
0.818134642356241
0.838709677419355
0.838709677419355
0.838709677419355
0.7564095371669
Gen 169
0.838709677419355
0.826129032258065
0.838709677419355
0.838709677419355
0.838709677419355
0.788387096774193
Gen 170
0.838709677419355
0.812170087976539
0.838709677419355
0.838709677419355
0.838709677419355
0.732551319648093
Gen 171
0.838709677419355
0.830322580645161
0.838709677419355
0.838709677419355
0.838709677419355
0.805161290322581
Gen 172
0.838709677419355
0.811739130434783
0.838709677419355
0.838709677419355
0.838709677419355
0.730827489481066
Gen 173
0.838709677419355
0.811739130434782
0.838709677419355
0.838709677419355
0.838709677419355
0.730827489481066
Gen 174
0.838709677419355
0.837307152875175
0.838709677419355
0.838709677419355
0.838709677419355
0.833099579242637
Gen 175
0.838709677419355
0.821009817671809
0.838709677419355
0.838709677419355
0.838709677419355
0.767910238429172
Gen 176
0.838709677419355
0.818022440392707
0.838709677419355
0.838709677419355
0.838709677419355
0.755960729312763
Gen 177
0.838709677419355
0.7964095371669
0.838709677419355
0.838709677419355
0.838709677419355
0.669509116409537
Gen 178
0.838709677419355
0.807826086956522
0.838709677419355
0.838709677419355
0.838709677419355
0.715175315568022
Gen 179
0.838709677419355
0.801290322580645
0.838709677419355
0.838709677419355
0.838709677419355
0.689032258064516
Gen 180
0.838709677419355
0.814193548387097
0.838709677419355
0.838709677419355
0.838709677419355
0.740645161290322
Gen 181
0.838709677419355
0.813309957924264
0.838709677419355
0.838709677419355
0.838709677419355
0.73711079943899
Gen 182
0.838709677419355
0.81382889200561
0.838709677419355
0.838709677419355
0.838709677419355
0.739186535764376
Gen 183
0.838709677419355
0.825680224403927
0.838709677419355
0.838709677419355
0.838709677419355
0.786591865357643
Gen 184
0.838709677419355
0.81273492286115
0.838709677419355
0.838709677419355
0.838709677419355
0.734810659186535
Gen 185
0.838709677419355
0.830645161290323
0.838709677419355
0.838709677419355
0.838709677419355
0.806451612903226
Gen 186
0.838709677419355
0.825427769985975
0.838709677419355
0.838709677419355
0.838709677419355
0.785582047685834
Gen 187
0.838709677419355
0.829004207573632
0.838709677419355
0.838709677419355
0.838709677419355
0.799887798036465
Gen 188
0.838709677419355
0.810617110799439
0.838709677419355
0.838709677419355
0.838709677419355
0.726339410939691
Gen 189
0.838709677419355
0.794289175060563
0.838709677419355
0.838709677419355
0.838709677419355
0.66102766798419
Gen 190
0.838709677419355
0.793870967741935
0.838709677419355
0.838709677419355
0.838709677419355
0.659354838709677
Gen 191
0.838709677419355
0.814095371669004
0.838709677419355
0.838709677419355
0.838709677419355
0.740252454417952
Gen 192
0.838709677419355
0.813576437587658
0.838709677419355
0.838709677419355
0.838709677419355
0.738176718092566
Gen 193
0.838709677419355
0.799569042458243
0.838709677419355
0.838709677419355
0.838709677419355
0.682147137574907
Gen 194
0.838709677419355
0.814516129032258
0.838709677419355
0.838709677419355
0.838709677419355
0.741935483870967
Gen 195
0.838709677419355
0.803225806451613
0.838709677419355
0.838709677419355
0.838709677419355
0.696774193548387
Gen 196
0.838709677419355
0.795750350631136
0.838709677419355
0.838709677419355
0.838709677419355
0.666872370266479
Gen 197
0.838709677419355
0.807474180798164
0.838709677419355
0.838709677419355
0.838709677419355
0.713767690934591
Gen 198
0.838709677419355
0.803985719750095
0.838709677419355
0.838709677419355
0.838709677419355
0.699813846742318
Gen 199
0.838709677419355
0.81258064516129
0.838709677419355
0.838709677419355
0.838709677419355
0.734193548387097
Gen 200
0.838709677419355
0.807629733520336
0.838709677419355
0.838709677419355
0.838709677419355
0.714389901823282
Gen 201
0.838709677419355
0.821262272089762
0.838709677419355
0.838709677419355
0.838709677419355
0.768920056100982
Gen 202
0.838709677419355
0.814193548387097
0.838709677419355
0.838709677419355
0.838709677419355
0.740645161290322
Gen 203
0.838709677419355
0.813782991202346
0.838709677419355
0.838709677419355
0.838709677419355
0.739002932551319
Gen 204
0.838709677419355
0.816381486676017
0.838709677419355
0.838709677419355
0.838709677419355
0.749396914446002
Gen 205
0.838709677419355
0.815582047685834
0.838709677419355
0.838709677419355
0.838709677419355
0.746199158485273
Gen 206
0.838709677419355
0.834011220196354
0.838709677419355
0.838709677419355
0.838709677419355
0.819915848527349
Gen 207
0.838709677419355
0.830645161290323
0.838709677419355
0.838709677419355
0.838709677419355
0.806451612903226
Gen 208
0.838709677419355
0.838401122019635
0.838709677419355
0.838709677419355
0.838709677419355
0.837475455820477
Gen 209
0.838709677419355
0.822052785923754
0.838709677419355
0.838709677419355
0.838709677419355
0.77208211143695
Gen 210
0.838709677419355
0.817952314165498
0.838709677419355
0.838709677419355
0.838709677419355
0.755680224403927
Gen 211
0.838709677419355
0.821318373071529
0.838709677419355
0.838709677419355
0.838709677419355
0.76914446002805
Gen 212
0.838709677419355
0.806423562412342
0.838709677419355
0.838709677419355
0.838709677419355
0.709565217391304
Gen 213
0.838709677419355
0.781977559607293
0.838709677419355
0.838709677419355
0.838709677419355
0.611781206171108
Gen 214
0.838709677419355
0.811234221598878
0.838709677419355
0.838709677419355
0.838709677419355
0.728807854137447
Gen 215
0.838709677419355
0.820406732117812
0.838709677419355
0.838709677419355
0.838709677419355
0.765497896213184
Gen 216
0.838709677419355
0.820571209996175
0.838709677419355
0.838709677419355
0.838709677419355
0.766155807726635
Gen 217
0.838709677419355
0.821597602958052
0.838709677419355
0.838709677419355
0.838709677419355
0.770261379574142
Gen 218
0.838709677419355
0.800266479663394
0.838709677419355
0.838709677419355
0.838709677419355
0.684936886395512
Gen 219
0.838709677419355
0.82070126227209
0.838709677419355
0.838709677419355
0.838709677419355
0.766676016830294
Gen 220
0.838709677419355
0.819747545582048
0.838709677419355
0.838709677419355
0.838709677419355
0.762861150070126
Gen 221
0.838709677419355
0.817559607293128
0.838709677419355
0.838709677419355
0.838709677419355
0.754109396914446
Gen 222
0.838709677419355
0.810781588677802
0.838709677419355
0.838709677419355
0.838709677419355
0.726997322453143
Gen 223
0.838709677419355
0.81
0.838709677419355
0.838709677419355
0.838709677419355
0.723870967741935
Gen 224
0.838709677419355
0.830645161290323
0.838709677419355
0.838709677419355
0.838709677419355
0.806451612903226
Gen 225
0.838709677419355
0.804486803519061
0.838709677419355
0.838709677419355
0.838709677419355
0.701818181818181
Gen 226
0.838709677419355
0.780645161290322
0.838709677419355
0.838709677419355
0.838709677419355
0.606451612903226
Gen 227
0.838709677419355
0.837784011220196
0.838709677419355
0.838709677419355
0.838709677419355
0.835007012622721
Gen 228
0.838709677419355
0.813562412342216
0.838709677419355
0.838709677419355
0.838709677419355
0.738120617110799
Gen 229
0.838709677419355
0.808260869565217
0.838709677419355
0.838709677419355
0.838709677419355
0.716914446002805
Gen 230
0.838709677419355
0.809677419354839
0.838709677419355
0.838709677419355
0.838709677419355
0.72258064516129
Gen 231
0.838709677419355
0.828821879382889
0.838709677419355
0.838709677419355
0.838709677419355
0.799158485273492
Gen 232
0.838709677419355
0.814080071401249
0.838709677419355
0.838709677419355
0.838709677419355
0.740191253346933
Gen 233
0.838709677419355
0.820557184750733
0.838709677419355
0.838709677419355
0.838709677419355
0.766099706744868
Gen 234
0.838709677419355
0.819649368863955
0.838709677419355
0.838709677419355
0.838709677419355
0.762468443197756
Gen 235
0.838709677419355
0.826213183730715
0.838709677419355
0.838709677419355
0.838709677419355
0.788723702664797
Gen 236
0.838709677419355
0.811048068341196
0.838709677419355
0.838709677419355
0.838709677419355
0.728063241106719
Gen 237
0.838709677419355
0.827531556802244
0.838709677419355
0.838709677419355
0.838709677419355
0.793997194950911
Gen 238
0.838709677419355
0.811289047558332
0.838709677419355
0.838709677419355
0.838709677419355
0.729027157975264
Gen 239
0.838709677419355
0.830280504908836
0.838709677419355
0.838709677419355
0.838709677419355
0.804992987377279
Gen 240
0.838709677419355
0.819579242636746
0.838709677419355
0.838709677419355
0.838709677419355
0.76218793828892
Gen 241
0.838709677419355
0.800645161290322
0.838709677419355
0.838709677419355
0.838709677419355
0.686451612903225
Gen 242
0.838709677419355
0.819074333800841
0.838709677419355
0.838709677419355
0.838709677419355
0.760168302945301
Gen 243
0.838709677419355
0.819200561009818
0.838709677419355
0.838709677419355
0.838709677419355
0.760673211781206
Gen 244
0.838709677419355
0.83179523141655
0.838709677419355
0.838709677419355
0.838709677419355
0.811051893408134
Gen 245
0.838709677419355
0.804992987377279
0.838709677419355
0.838709677419355
0.838709677419355
0.703842917251052
Gen 246
0.838709677419355
0.813870967741936
0.838709677419355
0.838709677419355
0.838709677419355
0.739354838709677
Gen 247
0.838709677419355
0.82850439882698
0.838709677419355
0.838709677419355
0.838709677419355
0.797888563049853
Gen 248
0.838709677419355
0.8264095371669
0.838709677419355
0.838709677419355
0.838709677419355
0.789509116409537
Gen 249
0.838709677419355
0.838709677419355
0.838709677419355
0.838709677419355
0.838709677419355
0.838709677419355
Gen 250
0.838709677419355
0.822258064516129
0.838709677419355
0.838709677419355
0.838709677419355
0.772903225806451
Gen 251
0.838709677419355
0.813197755960729
0.838709677419355
0.838709677419355
0.838709677419355
0.736661991584852
Gen 252
0.838709677419355
0.828934081346424
0.838709677419355
0.838709677419355
0.838709677419355
0.799607293127629
Gen 253
0.838709677419355
0.832650771388499
0.838709677419355
0.838709677419355
0.838709677419355
0.814474053295932
Gen 254
0.838709677419355
0.829957924263675
0.838709677419355
0.838709677419355
0.838709677419355
0.803702664796634
Gen 255
0.838709677419355
0.819396914446003
0.838709677419355
0.838709677419355
0.838709677419355
0.761458625525946
Gen 256
0.838709677419355
0.795946704067321
0.838709677419355
0.838709677419355
0.838709677419355
0.66765778401122
Gen 257
0.838709677419355
0.819008032640571
0.838709677419355
0.838709677419355
0.838709677419355
0.75990309830422
Gen 258
0.838709677419355
0.781598877980364
0.838709677419355
0.838709677419355
0.838709677419355
0.610266479663394
Gen 259
0.838709677419355
0.819186535764376
0.838709677419355
0.838709677419355
0.838709677419355
0.760617110799439
Gen 260
0.838709677419355
0.809941348973607
0.838709677419355
0.838709677419355
0.838709677419355
0.723636363636363
Gen 261
0.838709677419355
0.814193548387097
0.838709677419355
0.838709677419355
0.838709677419355
0.740645161290322
Gen 262
0.838709677419355
0.809168685451995
0.838709677419355
0.838709677419355
0.838709677419355
0.720545709549917
Gen 263
0.838709677419355
0.796129032258064
0.838709677419355
0.838709677419355
0.838709677419355
0.668387096774193
Gen 264
0.838709677419355
0.795259467040673
0.838709677419355
0.838709677419355
0.838709677419355
0.664908835904628
Gen 265
0.838709677419355
0.805105189340813
0.838709677419355
0.838709677419355
0.838709677419355
0.704291725105189
Gen 266
0.838709677419355
0.810322580645161
0.838709677419355
0.838709677419355
0.838709677419355
0.72516129032258
Gen 267
0.838709677419355
0.809256661991585
0.838709677419355
0.838709677419355
0.838709677419355
0.720897615708274
Gen 268
0.838709677419355
0.820112201963534
0.838709677419355
0.838709677419355
0.838709677419355
0.764319775596073
Gen 269
0.838709677419355
0.8141642228739
0.838709677419355
0.838709677419355
0.838709677419355
0.740527859237537
Gen 270
0.838709677419355
0.82015427769986
0.838709677419355
0.838709677419355
0.838709677419355
0.764488078541374
Gen 271
0.838709677419355
0.803183730715287
0.838709677419355
0.838709677419355
0.838709677419355
0.696605890603085
Gen 272
0.838709677419355
0.826129032258065
0.838709677419355
0.838709677419355
0.838709677419355
0.788387096774193
Gen 273
0.838709677419355
0.824992987377279
0.838709677419355
0.838709677419355
0.838709677419355
0.783842917251052
Gen 274
0.838709677419355
0.830195078413872
0.838709677419355
0.838709677419355
0.838709677419355
0.804651281397424
Gen 275
0.838709677419355
0.8209396914446
0.838709677419355
0.838709677419355
0.838709677419355
0.767629733520336
Gen 276
0.838709677419355
0.797741935483871
0.838709677419355
0.838709677419355
0.838709677419355
0.674838709677419
Gen 277
0.838709677419355
0.834992987377279
0.838709677419355
0.838709677419355
0.838709677419355
0.823842917251052
Gen 278
0.838709677419355
0.805806451612903
0.838709677419355
0.838709677419355
0.838709677419355
0.707096774193548
Gen 279
0.838709677419355
0.811963534361851
0.838709677419355
0.838709677419355
0.838709677419355
0.73172510518934
Gen 280
0.838709677419355
0.805441795231416
0.838709677419355
0.838709677419355
0.838709677419355
0.705638148667601
Gen 281
0.838709677419355
0.811963534361851
0.838709677419355
0.838709677419355
0.838709677419355
0.73172510518934
Gen 282
0.838709677419355
0.772622720897615
0.838709677419355
0.838709677419355
0.838709677419355
0.574361851332398
Gen 283
0.838709677419355
0.81492286115007
0.838709677419355
0.838709677419355
0.838709677419355
0.743562412342216
