Gen 1
0.063768115942029
0.00259690068385721
0.0103876027354288
0
0
0
Gen 2
0.114975845410628
0.0490883995231821
0.0658164251207729
0.0593969508752118
0.0481385281385282
0.0230016939582157
Gen 3
0.114975845410628
0.0579671246627767
0.0760579710144927
0.063768115942029
0.0583740510697033
0.0336683606248824
Gen 4
0.114975845410628
0.0703150762281196
0.110028985507246
0.063768115942029
0.063768115942029
0.0436950875211745
Gen 5
0.114975845410628
0.0889262814480206
0.114975845410628
0.114975845410628
0.0718454106280193
0.053908024342807
Gen 6
0.114975845410628
0.101251772382207
0.114975845410628
0.114975845410628
0.114975845410628
0.0600795532969446
Gen 7
0.114975845410628
0.110908087082
0.114975845410628
0.114975845410628
0.114975845410628
0.0987048120961165
Gen 8
0.116908212560386
0.112338038772821
0.115053140096618
0.114975845410628
0.114975845410628
0.104347324173411
Gen 9
0.116908212560386
0.113036702428007
0.115130434782609
0.114975845410628
0.114975845410628
0.107064684108162
Gen 10
0.116908212560386
0.114797540623628
0.115130434782609
0.114975845410628
0.114975845410628
0.114108036890646
Gen 11
0.116908212560386
0.111348265261309
0.115130434782609
0.114975845410628
0.114975845410628
0.10031093544137
Gen 12
0.116908212560386
0.113377250768555
0.115285024154589
0.114975845410628
0.114975845410628
0.108272288098375
Gen 13
0.116908212560386
0.114329757199322
0.115594202898551
0.114975845410628
0.114975845410628
0.111773135077483
Gen 14
0.116908212560386
0.114392496392496
0.116135265700483
0.114975845410628
0.114975845410628
0.111483029048246
Gen 15
0.116908212560386
0.115054143923709
0.116908212560387
0.115129430955518
0.114975845410628
0.113203086768304
Gen 16
0.116908212560386
0.114642072902943
0.116908212560387
0.116674320848234
0.114975845410628
0.110009912792521
Gen 17
0.118840579710145
0.113719179371353
0.116985507246377
0.116908212560387
0.115745780789259
0.105237216889391
Gen 18
0.118840579710145
0.113589560198256
0.117140096618358
0.116908212560387
0.116132254219211
0.104177677395069
Gen 19
0.118840579710145
0.115394064872326
0.117294685990338
0.116908212560387
0.116442436790263
0.110930924148315
Gen 20
0.118840579710145
0.11473216638434
0.11768115942029
0.116908212560387
0.116908212560387
0.107431080996298
Gen 21
0.12987012987013
0.115093167701863
0.118740698914612
0.116908212560387
0.116908212560387
0.107815546772068
Gen 22
0.12987012987013
0.11384917497961
0.119281761716544
0.117178743961353
0.116908212560387
0.102027981680156
Gen 23
0.12987012987013
0.11549595332204
0.119722943722944
0.118570048309179
0.116908212560387
0.106782608695652
Gen 24
0.12987012987013
0.117809272852751
0.120164125729343
0.118840579710145
0.11768115942029
0.114551226551227
Gen 25
0.12987012987013
0.116424493381015
0.120164125729343
0.118840579710145
0.118222222222222
0.10847104586235
Gen 26
0.12987012987013
0.115591191417278
0.12158253340862
0.118840579710145
0.118685990338164
0.103255662212184
Gen 27
0.12987012987013
0.11827417027417
0.124670807453416
0.118840579710145
0.118840579710145
0.110744714222975
Gen 28
0.12987012987013
0.119957964740573
0.12987012987013
0.119471485036702
0.118840579710145
0.111649664345316
Gen 29
0.12987012987013
0.12351176359872
0.12987012987013
0.129523809523809
0.119030303030303
0.115622811970638
Gen 30
0.12987012987013
0.124922391618044
0.12987012987013
0.12987012987013
0.125648033126294
0.114301273605621
Gen 31
0.12987012987013
0.123686178555744
0.12987012987013
0.12987012987013
0.12942894786373
0.105575506618985
Gen 32
0.12987012987013
0.127633352155091
0.12987012987013
0.12987012987013
0.12987012987013
0.120923019009975
Gen 33
0.140096618357488
0.127987828596524
0.130625509755945
0.12987012987013
0.12987012987013
0.121585544889893
Gen 34
0.140096618357488
0.129279126670431
0.131789949181253
0.12987012987013
0.12987012987013
0.125586297760211
Gen 35
0.140096618357488
0.126752493882929
0.133363448146057
0.12987012987013
0.12987012987013
0.113906267645398
Gen 36
0.140096618357488
0.126653742392873
0.13780036388732
0.12987012987013
0.12987012987013
0.109074345943911
Gen 37
0.140096618357488
0.129506368028107
0.140096618357488
0.134560511951816
0.12987012987013
0.113498211932995
Gen 38
0.140096618357488
0.129816299642386
0.140096618357488
0.139782922391618
0.130909090909091
0.10847656691135
Gen 39
0.140096618357488
0.135183512140034
0.140096618357488
0.140096618357488
0.136384967689315
0.124155844155844
Gen 40
0.159420289855072
0.137563837129054
0.140869565217391
0.140096618357488
0.140096618357488
0.129192546583851
Gen 41
0.159420289855072
0.138137147876278
0.143652173913044
0.140096618357488
0.140096618357488
0.128703180877094
Gen 42
0.159420289855072
0.136966434531652
0.14751690821256
0.140096618357488
0.140096618357488
0.120155593199071
Gen 43
0.159420289855072
0.140706694271911
0.15648309178744
0.140096618357488
0.140096618357488
0.126150448585231
Gen 44
0.16017316017316
0.143989961729092
0.159450404667796
0.149990338164251
0.140096618357488
0.126422485726834
Gen 45
0.16017316017316
0.147384403036577
0.159480519480519
0.159420289855072
0.146512077294686
0.12412472551603
Gen 46
0.181818181818182
0.153700985005333
0.160406549971767
0.159420289855072
0.159188405797101
0.13578869439739
Gen 47
0.181818181818182
0.150803187151013
0.162348955392434
0.159420289855072
0.159420289855072
0.122023213501474
Gen 48
0.181818181818182
0.155189911537737
0.163546019198193
0.159420289855072
0.159420289855072
0.138373047242612
Gen 49
0.181818181818182
0.152059602233515
0.166233766233766
0.159902126858649
0.159420289855072
0.122682225986574
Gen 50
0.181818181818182
0.158721124286342
0.173151640629901
0.16017316017316
0.159751552795031
0.141808143547274
Gen 51
0.181818181818182
0.163224794529142
0.181818181818182
0.165350900307422
0.159962356484096
0.14576773950687
Gen 52
0.181818181818182
0.170633665851057
0.181818181818182
0.181818181818182
0.162753497710019
0.156144802057845
Gen 53
0.181818181818182
0.166191981931112
0.181818181818182
0.181818181818182
0.168039651170086
0.133091912918
Gen 54
0.181818181818182
0.170431143735492
0.181818181818182
0.181818181818182
0.180606060606061
0.137482150699542
Gen 55
0.181818181818182
0.172516092603049
0.181818181818182
0.181818181818182
0.181818181818182
0.144609824957651
Gen 56
0.181818181818182
0.170792270531401
0.181818181818182
0.181818181818182
0.181818181818182
0.137714536671058
Gen 57
0.181818181818182
0.17499466716858
0.181818181818182
0.181818181818182
0.181818181818182
0.154524123219775
Gen 58
0.181818181818182
0.179761967501098
0.181818181818182
0.181818181818182
0.181818181818182
0.173593324549846
Gen 59
0.194202898550725
0.178990777338603
0.182313570487483
0.181818181818182
0.181818181818182
0.170013175230567
Gen 60
0.194202898550725
0.175458184327749
0.182808959156785
0.181818181818182
0.181818181818182
0.155387414517849
Gen 61
0.194202898550725
0.17728088336784
0.183799736495389
0.181818181818182
0.181818181818182
0.161687433339607
Gen 62
0.194202898550725
0.176717359934751
0.185285902503294
0.181818181818182
0.181818181818182
0.157947173599347
Gen 63
0.194202898550725
0.178552104899931
0.188258234519104
0.181818181818182
0.181818181818182
0.162313821444256
Gen 64
0.199134199134199
0.180477696216827
0.192913984566158
0.181818181818182
0.181818181818182
0.165360436664784
Gen 65
0.199134199134199
0.180244808331765
0.194597402597403
0.183799736495389
0.181818181818182
0.160763912416086
Gen 66
0.199134199134199
0.18392784992785
0.194991906644081
0.192221343873518
0.181818181818182
0.16667996737562
Gen 67
0.199134199134199
0.182710835058661
0.195386410690758
0.194202898550725
0.186276679841897
0.154977351151264
Gen 68
0.199134199134199
0.178540184453228
0.196372670807453
0.194202898550725
0.188862538427756
0.134722630026978
Gen 69
0.199134199134199
0.184156722504549
0.198739695087521
0.194202898550725
0.192676579459188
0.15100771692076
Gen 70
0.199134199134199
0.185200953635736
0.199134199134199
0.197358930924148
0.194053830227743
0.150256854256854
Gen 71
0.208695652173913
0.190514210427254
0.199516657255788
0.199134199134199
0.194597402597403
0.168808582721626
Gen 72
0.208695652173913
0.191247506117071
0.199516657255788
0.199134199134199
0.195583662714097
0.170755505364201
Gen 73
0.208695652173913
0.192683982683983
0.199899115377376
0.199134199134199
0.198147939017504
0.173554677206851
Gen 74
0.208695652173913
0.194584603801995
0.200281573498965
0.199134199134199
0.199134199134199
0.179788443440617
Gen 75
0.211594202898551
0.194539808018069
0.202692264257482
0.199134199134199
0.199134199134199
0.177198569546396
Gen 76
0.211594202898551
0.193773009599097
0.207015245623941
0.199134199134199
0.199134199134199
0.169808394504047
Gen 77
0.211594202898551
0.193588305414393
0.20904347826087
0.203341238471673
0.199134199134199
0.162834305790828
Gen 78
0.211594202898551
0.200651358303532
0.209391304347826
0.208695652173913
0.203341238471673
0.181177238220716
Gen 79
0.217391304347826
0.205499466716858
0.210086956521739
0.208695652173913
0.208695652173913
0.194519605997867
Gen 80
0.217391304347826
0.20060367651672
0.211710144927536
0.208695652173913
0.208695652173913
0.173313256791518
Gen 81
0.26280193236715
0.203513520296129
0.215033816425121
0.20904347826087
0.208695652173913
0.181281134324613
Gen 82
0.26280193236715
0.206253089905264
0.217545893719807
0.210782608695652
0.208695652173913
0.187988205031683
Gen 83
0.26280193236715
0.200560888386976
0.223033816425121
0.21136231884058
0.208695652173913
0.159151766108288
Gen 84
0.26280193236715
0.206153711023276
0.228289855072464
0.212521739130435
0.209391304347826
0.17441194554238
Gen 85
0.26280193236715
0.209514022209674
0.246454106280193
0.216695652173913
0.210898550724638
0.164007779659954
Gen 86
0.26280193236715
0.227917686178555
0.26280193236715
0.230106280193237
0.214492753623189
0.204269778530648
Gen 87
0.26280193236715
0.236108036890645
0.26280193236715
0.26280193236715
0.225507246376812
0.193321036451471
Gen 88
0.26280193236715
0.240976849237719
0.26280193236715
0.26280193236715
0.251903381642512
0.186400150574064
Gen 89
0.26280193236715
0.240427128427129
0.26280193236715
0.26280193236715
0.26280193236715
0.173302716607064
Gen 90
0.271497584541063
0.246273919317398
0.263149758454106
0.26280193236715
0.26280193236715
0.196342054081184
Gen 91
0.271497584541063
0.249053642010164
0.263497584541063
0.26280193236715
0.26280193236715
0.207113118765293
Gen 92
0.271497584541063
0.240277809147375
0.264888888888889
0.26280193236715
0.26280193236715
0.170618482966309
Gen 93
0.271497584541063
0.247693832737311
0.267671497584541
0.26280193236715
0.26280193236715
0.197499968630403
Gen 94
0.271497584541063
0.253531212748604
0.270454106280193
0.26280193236715
0.26280193236715
0.218066879979923
Gen 95
0.271497584541063
0.252576824142042
0.271497584541063
0.266975845410628
0.26280193236715
0.209031934249326
Gen 96
0.271497584541063
0.255399334964552
0.271497584541063
0.271497584541063
0.263149758454106
0.215452412321978
Gen 97
0.271497584541063
0.256713344626388
0.271497584541063
0.271497584541063
0.267323671497585
0.216534537925842
Gen 98
0.271497584541063
0.264213062300019
0.271497584541063
0.271497584541063
0.271497584541063
0.242359495576887
Gen 99
0.271497584541063
0.255638998682477
0.271497584541063
0.271497584541063
0.271497584541063
0.208063241106719
Gen 100
0.271497584541063
0.267739130434783
0.271497584541063
0.271497584541063
0.271497584541063
0.256463768115942
Gen 101
0.278260869565217
0.262363385406864
0.271768115942029
0.271497584541063
0.271497584541063
0.2346902566033
Gen 102
0.278260869565217
0.260930798669929
0.272038647342995
0.271497584541063
0.271497584541063
0.228689378254596
Gen 103
0.278260869565217
0.256814856640944
0.272579710144928
0.271497584541063
0.271497584541063
0.211684547336721
Gen 104
0.278260869565217
0.258626764539808
0.273661835748792
0.271497584541063
0.271497584541063
0.217850053328314
Gen 105
0.278260869565217
0.259104209799862
0.274473429951691
0.271497584541063
0.271497584541063
0.218948240165632
Gen 106
0.318840579710145
0.257116757638497
0.27880193236715
0.271497584541063
0.271497584541063
0.206669929104712
Gen 107
0.318840579710145
0.271285275111362
0.284753623188406
0.276367149758454
0.271497584541063
0.252522742957526
Gen 108
0.318840579710145
0.266500407804756
0.292869565217391
0.278260869565218
0.272309178743961
0.222562017692452
Gen 109
0.318840579710145
0.269956208043164
0.304231884057971
0.278260869565218
0.277178743961353
0.220153334588117
Gen 110
0.318840579710145
0.278920133007089
0.318840579710145
0.289623188405797
0.278260869565218
0.228955894347199
Gen 111
0.318840579710145
0.284934563021519
0.318840579710145
0.309101449275362
0.278260869565218
0.233535353535354
Gen 112
0.328502415458937
0.287601857080117
0.319227053140096
0.318840579710145
0.286376811594203
0.225962983876027
Gen 113
0.328502415458937
0.291045736871823
0.319227053140096
0.318840579710145
0.300985507246377
0.225129807390677
Gen 114
0.328502415458937
0.291340611079741
0.319613526570048
0.318840579710145
0.307478260869565
0.219430077169208
Gen 115
0.328502415458937
0.303662337662337
0.320657004830918
0.318840579710145
0.318840579710145
0.256311186398143
Gen 116
0.328502415458937
0.304901311249137
0.322202898550725
0.318840579710145
0.318840579710145
0.259721187025535
Gen 117
0.328502415458937
0.30405910031997
0.324019323671497
0.318840579710145
0.318840579710145
0.254535918188092
Gen 118
0.328502415458937
0.305017378756509
0.328154589371981
0.319111111111111
0.318840579710145
0.2539632348328
Gen 119
0.328502415458937
0.313755568103394
0.328502415458937
0.326917874396135
0.318840579710145
0.280761402848359
Gen 120
0.328502415458937
0.307512390990652
0.328502415458937
0.328154589371981
0.31887922705314
0.25451333207855
Gen 121
0.328502415458937
0.307152518978606
0.328502415458937
0.328502415458937
0.324212560386473
0.247392684610076
Gen 122
0.328502415458937
0.307526319091537
0.328502415458937
0.328502415458937
0.327265700483092
0.24583474496518
Gen 123
0.328502415458937
0.313770876466529
0.328502415458937
0.328502415458937
0.328270531400966
0.269808143547274
Gen 124
0.328502415458937
0.303065436978481
0.328502415458937
0.328502415458937
0.328502415458937
0.22675450153711
Gen 125
0.328502415458937
0.314080557124036
0.328502415458937
0.328502415458937
0.328502415458937
0.27081498211933
Gen 126
0.328502415458937
0.318129619173098
0.328502415458937
0.328502415458937
0.328502415458937
0.287011230315578
Gen 127
0.328502415458937
0.315926720622373
0.328502415458937
0.328502415458937
0.328502415458937
0.27819963611268
Gen 128
0.328502415458937
0.320396135265701
0.328502415458937
0.328502415458937
0.328502415458937
0.29607729468599
Gen 129
0.328502415458937
0.31154614467658
0.328502415458937
0.328502415458937
0.328502415458937
0.260677332329506
Gen 130
0.328502415458937
0.320085325302717
0.328502415458937
0.328502415458937
0.328502415458937
0.294834054834055
Gen 131
0.755555555555556
0.319369094673443
0.345584541062802
0.328502415458937
0.328502415458937
0.274887006713094
Gen 132
0.755555555555556
0.334311939268461
0.413913043478261
0.328502415458937
0.328502415458937
0.266329882677709
Gen 133
0.757575757575758
0.402377689942908
0.682051822573562
0.328502415458937
0.328502415458937
0.270454106280193
Gen 134
0.757575757575758
0.535596210552731
0.755717171717172
0.755555555555556
0.36224154589372
0.268870569044482
Gen 135
0.757575757575758
0.624703682790638
0.756040404040405
0.755555555555556
0.703884057971015
0.283334713595583
Gen 136
0.757575757575758
0.682681096681096
0.756606060606061
0.755555555555556
0.755555555555556
0.463007215007215
Gen 137
0.757575757575758
0.717446263881046
0.757575757575758
0.755555555555556
0.755555555555556
0.601098186837317
Gen 138
0.757575757575758
0.727028169897735
0.757575757575758
0.757090909090909
0.755555555555556
0.637890457368718
Gen 139
0.757575757575758
0.728762908588995
0.757575757575758
0.757575757575758
0.755555555555556
0.644344563648912
Gen 140
0.757575757575758
0.719627078235773
0.757575757575758
0.757575757575758
0.756121212121213
0.607235585670369
Gen 141
0.757575757575758
0.7186534914361
0.757575757575758
0.757575757575758
0.757252525252525
0.60220992534036
Gen 142
0.757575757575758
0.737376999811783
0.757575757575758
0.757575757575758
0.757575757575758
0.676780726519857
Gen 143
0.757575757575758
0.719862977602108
0.757575757575758
0.757575757575758
0.757575757575758
0.60672463768116
Gen 144
0.757575757575758
0.713438484221093
0.757575757575758
0.757575757575758
0.757575757575758
0.581026664157099
Gen 145
0.757575757575758
0.726077420164377
0.757575757575758
0.757575757575758
0.757575757575758
0.631582407930234
Gen 146
0.757575757575758
0.74109429700734
0.757575757575758
0.757575757575758
0.757575757575758
0.691649915302089
Gen 147
0.757575757575758
0.725983185896229
0.757575757575758
0.757575757575758
0.757575757575758
0.631205470857645
Gen 148
0.757575757575758
0.734814354727398
0.757575757575758
0.757575757575758
0.757575757575758
0.66653014618232
Gen 149
0.757575757575758
0.736259489302967
0.757575757575758
0.757575757575758
0.757575757575758
0.672310684484598
Gen 150
0.757575757575758
0.716508061986323
0.757575757575758
0.757575757575758
0.757575757575758
0.593304975218019
Gen 151
0.757575757575758
0.733602609950436
0.757575757575758
0.757575757575758
0.757575757575758
0.661683167074472
Gen 152
0.757575757575758
0.69753547901374
0.757575757575758
0.757575757575758
0.757575757575758
0.517414643327687
Gen 153
0.757575757575758
0.699786686743208
0.757575757575758
0.757575757575758
0.757575757575758
0.526419474245561
Gen 154
0.805194805194805
0.742260116694899
0.75948051948052
0.757575757575758
0.757575757575758
0.694408432147563
Gen 155
0.805194805194805
0.741199196938327
0.761385281385282
0.757575757575758
0.757575757575758
0.688259991216513
Gen 156
0.805194805194805
0.749535855448898
0.763290043290043
0.757575757575758
0.757575757575758
0.719701863354037
Gen 157
0.805194805194805
0.735655938264633
0.765194805194805
0.757575757575758
0.757575757575758
0.662277432712215
Gen 158
0.805194805194805
0.715385406863667
0.770909090909091
0.757575757575758
0.757575757575758
0.575481021394065
Gen 159
0.805194805194805
0.751508752117447
0.780432900432901
0.757575757575758
0.757575757575758
0.710450592885376
Gen 160
0.805194805194805
0.730313194052324
0.795670995670996
0.757575757575758
0.757575757575758
0.610430265386787
Gen 161
0.805194805194805
0.749603990212685
0.805194805194805
0.780432900432901
0.757575757575758
0.65521249764728
Gen 162
0.805194805194805
0.749230942970072
0.805194805194805
0.805194805194805
0.761385281385282
0.625148880105402
Gen 163
0.805194805194805
0.743230190099754
0.805194805194805
0.805194805194805
0.776623376623377
0.585907773386034
Gen 164
0.805194805194805
0.76203463203463
0.805194805194805
0.805194805194805
0.797575757575758
0.64017316017316
Gen 165
0.805194805194805
0.756508940335025
0.805194805194805
0.805194805194805
0.805194805194805
0.610451345755694
Gen 166
0.805194805194805
0.784875211744775
0.805194805194805
0.805194805194805
0.805194805194805
0.723916431394692
Gen 167
0.805194805194805
0.758594767551287
0.805194805194805
0.805194805194805
0.805194805194805
0.618794654620742
Gen 168
0.805194805194805
0.748896794027227
0.805194805194805
0.805194805194805
0.805194805194805
0.5800027605245
Gen 169
0.805194805194805
0.798029989334335
0.805194805194805
0.805194805194805
0.805194805194805
0.776535541752933
Gen 170
0.805194805194805
0.78148353096179
0.805194805194805
0.805194805194805
0.805194805194805
0.710349708262752
Gen 171
0.805194805194805
0.749081247255158
0.805194805194805
0.805194805194805
0.805194805194805
0.580740573436226
Gen 172
0.805194805194805
0.769935755066188
0.805194805194805
0.805194805194805
0.805194805194805
0.664158604680344
Gen 173
0.805194805194805
0.774767551289288
0.805194805194805
0.805194805194805
0.805194805194805
0.683485789572746
Gen 174
0.805194805194805
0.788180437919566
0.805194805194805
0.805194805194805
0.805194805194805
0.737137336093858
Gen 175
0.805194805194805
0.781829474872951
0.805194805194805
0.805194805194805
0.805194805194805
0.711733483907397
Gen 176
0.805194805194805
0.791696844218581
0.805194805194805
0.805194805194805
0.805194805194805
0.751202961289918
Gen 177
0.805194805194805
0.782745969006837
0.805194805194805
0.805194805194805
0.805194805194805
0.715399460442939
Gen 178
0.805194805194805
0.762448836187965
0.805194805194805
0.805194805194805
0.805194805194805
0.634210929167451
Gen 179
0.805194805194805
0.802660267268961
0.805194805194805
0.805194805194805
0.805194805194805
0.795056653491436
Gen 180
0.805194805194805
0.781281887194929
0.805194805194805
0.805194805194805
0.805194805194805
0.709543133195307
Gen 181
0.805194805194805
0.787431457431456
0.805194805194805
0.805194805194805
0.805194805194805
0.734141414141414
Gen 182
0.805194805194805
0.758346320346319
0.805194805194805
0.805194805194805
0.805194805194805
0.617800865800866
Gen 183
0.805194805194805
0.802088462262373
0.805194805194805
0.805194805194805
0.805194805194805
0.792769433465086
Gen 184
0.805194805194805
0.755769496204277
0.805194805194805
0.805194805194805
0.805194805194805
0.6074935692327
Gen 185
0.805194805194805
0.774054708576446
0.805194805194805
0.805194805194805
0.805194805194805
0.680634418721375
Gen 186
0.805194805194805
0.774268774703556
0.805194805194805
0.805194805194805
0.805194805194805
0.681490683229814
Gen 187
0.805194805194805
0.789463203463202
0.805194805194805
0.805194805194805
0.805194805194805
0.742268398268398
Gen 188
0.805194805194805
0.79559106593889
0.805194805194805
0.805194805194805
0.805194805194805
0.766779848171152
Gen 189
0.805194805194805
0.789762343936255
0.805194805194805
0.805194805194805
0.805194805194805
0.743464960160612
Gen 190
0.805194805194805
0.773735115126418
0.805194805194805
0.805194805194805
0.805194805194805
0.679356044921262
Gen 191
0.805194805194805
0.805090909090907
0.805194805194805
0.805194805194805
0.805194805194805
0.804779220779221
Gen 192
0.805194805194805
0.755928100884621
0.805194805194805
0.805194805194805
0.805194805194805
0.608127987954075
Gen 193
0.805194805194805
0.765403977664845
0.805194805194805
0.805194805194805
0.805194805194805
0.646031495074973
Gen 194
0.805194805194805
0.787695965869877
0.805194805194805
0.805194805194805
0.805194805194805
0.7351994478951
Gen 195
0.805194805194805
0.785824832172656
0.805194805194805
0.805194805194805
0.805194805194805
0.727714913106217
Gen 196
0.805194805194805
0.774146433276866
0.805194805194805
0.805194805194805
0.805194805194805
0.681001317523057
Gen 197
0.805194805194805
0.788121964991528
0.805194805194805
0.805194805194805
0.805194805194805
0.736903444381705
Gen 198
0.805194805194805
0.794041031432334
0.805194805194805
0.805194805194805
0.805194805194805
0.760579710144928
Gen 199
0.805194805194805
0.792645209862599
0.805194805194805
0.805194805194805
0.805194805194805
0.754996423865989
Gen 200
0.805194805194805
0.768108664282575
0.805194805194805
0.805194805194805
0.805194805194805
0.656850241545894
Gen 201
0.805194805194805
0.78517635987201
0.805194805194805
0.805194805194805
0.805194805194805
0.725121023903633
Gen 202
0.805194805194805
0.757846414455108
0.805194805194805
0.805194805194805
0.805194805194805
0.615801242236025
Gen 203
0.805194805194805
0.785432461258546
0.805194805194805
0.805194805194805
0.805194805194805
0.726145429449777
Gen 204
0.805194805194805
0.778454231758578
0.805194805194805
0.805194805194805
0.805194805194805
0.698232511449903
Gen 205
0.805194805194805
0.788860405295186
0.805194805194805
0.805194805194805
0.805194805194805
0.739857205596336
Gen 206
0.805194805194805
0.766794905577512
0.805194805194805
0.805194805194805
0.805194805194805
0.651595206725642
Gen 207
0.805194805194805
0.781081498211931
0.805194805194805
0.805194805194805
0.805194805194805
0.708741577263316
Gen 208
0.805194805194805
0.793710395884307
0.805194805194805
0.805194805194805
0.805194805194805
0.75925716795282
Gen 209
0.805194805194805
0.77474069891461
0.805194805194805
0.805194805194805
0.805194805194805
0.683378380074032
Gen 210
0.805194805194805
0.75321450530146
0.805194805194805
0.805194805194805
0.805194805194805
0.597273605621432
Gen 211
0.805194805194805
0.765188531275486
0.805194805194805
0.805194805194805
0.805194805194805
0.645169709517536
Gen 212
0.805194805194805
0.774426250078422
0.805194805194805
0.805194805194805
0.805194805194805
0.68212058472928
Gen 213
0.805194805194805
0.772375682288724
0.805194805194805
0.805194805194805
0.805194805194805
0.673918313570487
Gen 214
0.805194805194805
0.802536545580022
0.805194805194805
0.805194805194805
0.805194805194805
0.79456176673568
Gen 215
0.805194805194805
0.766130623000186
0.805194805194805
0.805194805194805
0.805194805194805
0.648938076416337
Gen 216
0.805194805194805
0.765416023589935
0.805194805194805
0.805194805194805
0.805194805194805
0.646079678775331
Gen 217
0.805194805194805
0.77156220591003
0.805194805194805
0.805194805194805
0.805194805194805
0.670664408055712
Gen 218
0.805194805194805
0.771632222849612
0.805194805194805
0.805194805194805
0.805194805194805
0.670944475814041
Gen 219
0.805194805194805
0.770901813162681
0.805194805194805
0.805194805194805
0.805194805194805
0.668022837066315
Gen 220
0.805194805194805
0.783525942656376
0.805194805194805
0.805194805194805
0.805194805194805
0.718519355041094
Gen 221
0.805194805194805
0.78640604805822
0.805194805194805
0.805194805194805
0.805194805194805
0.730039776648472
Gen 222
0.805194805194805
0.804387979170586
0.805194805194805
0.805194805194805
0.805194805194805
0.801967501097936
Gen 223
0.805194805194805
0.804410941715288
0.805194805194805
0.805194805194805
0.805194805194805
0.802059351276743
Gen 224
0.805194805194805
0.766566033000814
0.805194805194805
0.805194805194805
0.805194805194805
0.650679716418847
Gen 225
0.805194805194805
0.796955643390424
0.805194805194805
0.805194805194805
0.805194805194805
0.772238157977288
Gen 226
0.805194805194805
0.774685613903003
0.805194805194805
0.805194805194805
0.805194805194805
0.683158040027605
Gen 227
0.805194805194805
0.779644017817929
0.805194805194805
0.805194805194805
0.805194805194805
0.702991655687308
Gen 228
0.805194805194805
0.775215132693392
0.805194805194805
0.805194805194805
0.805194805194805
0.685276115189159
Gen 229
0.805194805194805
0.766130873956959
0.805194805194805
0.805194805194805
0.805194805194805
0.648939080243428
Gen 230
0.805194805194805
0.78061873392308
0.805194805194805
0.805194805194805
0.805194805194805
0.706890520107911
Gen 231
0.805194805194805
0.765615157789069
0.805194805194805
0.805194805194805
0.805194805194805
0.646876215571868
Gen 232
0.805194805194805
0.789734236777713
0.805194805194805
0.805194805194805
0.805194805194805
0.743352531526445
Gen 233
0.805194805194805
0.788798795407489
0.805194805194805
0.805194805194805
0.805194805194805
0.739610766045549
Gen 234
0.805194805194805
0.77940485601355
0.805194805194805
0.805194805194805
0.805194805194805
0.702035008469791
Gen 235
0.805194805194805
0.803683919944787
0.805194805194805
0.805194805194805
0.805194805194805
0.799151264194742
Gen 236
0.805194805194805
0.777650040780474
0.805194805194805
0.805194805194805
0.805194805194805
0.695015747537487
Gen 237
0.805194805194805
0.777765982809459
0.805194805194805
0.805194805194805
0.805194805194805
0.695479515653429
Gen 238
0.805194805194805
0.785817930861407
0.805194805194805
0.805194805194805
0.805194805194805
0.727687307861221
Gen 239
0.805194805194805
0.781071334462637
0.805194805194805
0.805194805194805
0.805194805194805
0.70870092226614
Gen 240
0.805194805194805
0.788510822510821
0.805194805194805
0.805194805194805
0.805194805194805
0.738458874458875
Gen 241
0.805194805194805
0.776284334023463
0.805194805194805
0.805194805194805
0.805194805194805
0.689552920509442
Gen 242
0.805194805194805
0.773806888763409
0.805194805194805
0.805194805194805
0.805194805194805
0.679643139469227
Gen 243
0.805194805194805
0.797529832486352
0.805194805194805
0.805194805194805
0.805194805194805
0.774534914361001
Gen 244
0.805194805194805
0.797511512641945
0.805194805194805
0.805194805194805
0.805194805194805
0.774461634983374
Gen 245
0.805194805194805
0.757016123972644
0.805194805194805
0.805194805194805
0.805194805194805
0.612480080306167
Gen 246
0.805194805194805
0.77371579145492
0.805194805194805
0.805194805194805
0.805194805194805
0.679278750235272
Gen 247
0.805194805194805
0.796000501913543
0.805194805194805
0.805194805194805
0.805194805194805
0.768417592069766
Gen 248
0.805194805194805
0.779251521425433
0.805194805194805
0.805194805194805
0.805194805194805
0.701421670117322
Gen 249
0.805194805194805
0.796053453792582
0.805194805194805
0.805194805194805
0.805194805194805
0.768629399585921
Gen 250
0.805194805194805
0.793604241169457
0.805194805194805
0.805194805194805
0.805194805194805
0.758832549093419
Gen 251
0.805194805194805
0.780992408557624
0.805194805194805
0.805194805194805
0.805194805194805
0.708385218646088
Gen 252
0.805194805194805
0.787788945354161
0.805194805194805
0.805194805194805
0.805194805194805
0.735571365832235
Gen 253
0.805194805194805
0.788669176234392
0.805194805194805
0.805194805194805
0.805194805194805
0.739092289353159
Gen 254
0.805194805194805
0.7861304975218
0.805194805194805
0.805194805194805
0.805194805194805
0.728937574502792
Gen 255
0.805194805194805
0.771265825961476
0.805194805194805
0.805194805194805
0.805194805194805
0.669478888261497
Gen 256
0.805194805194805
0.785440742832045
0.805194805194805
0.805194805194805
0.805194805194805
0.726178555743773
Gen 257
0.805194805194805
0.789851935504108
0.805194805194805
0.805194805194805
0.805194805194805
0.743823326432022
Gen 258
0.805194805194805
0.788320346320345
0.805194805194805
0.805194805194805
0.805194805194805
0.73769696969697
Gen 259
0.805194805194805
0.797487044356608
0.805194805194805
0.805194805194805
0.805194805194805
0.774363761842023
Gen 260
0.805194805194805
0.780368655499088
0.805194805194805
0.805194805194805
0.805194805194805
0.705890206411946
Gen 261
0.805194805194805
0.78151515151515
0.805194805194805
0.805194805194805
0.805194805194805
0.71047619047619
Gen 262
0.805194805194805
0.797714662149443
0.805194805194805
0.805194805194805
0.805194805194805
0.775274233013364
Gen 263
0.805194805194805
0.762462889767236
0.805194805194805
0.805194805194805
0.805194805194805
0.634267143484535
Gen 264
0.805194805194805
0.747886943973899
0.805194805194805
0.805194805194805
0.805194805194805
0.575963360311186
Gen 265
0.805194805194805
0.765965117008593
0.805194805194805
0.805194805194805
0.805194805194805
0.648276052449965
Gen 266
0.805194805194805
0.772116318464143
0.805194805194805
0.805194805194805
0.805194805194805
0.672880858272163
Gen 267
0.805194805194805
0.779037706255096
0.805194805194805
0.805194805194805
0.805194805194805
0.700566409435975
Gen 268
0.805194805194805
0.758221469351902
0.805194805194805
0.805194805194805
0.805194805194805
0.617301461823201
Gen 269
0.805194805194805
0.767562456866803
0.805194805194805
0.805194805194805
0.805194805194805
0.654665411882803
Gen 270
0.805194805194805
0.741534851621806
0.805194805194805
0.805194805194805
0.805194805194805
0.550554990902817
Gen 271
0.805194805194805
0.770653993349644
0.805194805194805
0.805194805194805
0.805194805194805
0.667031557814167
Gen 272
0.805194805194805
0.775454545454544
0.805194805194805
0.805194805194805
0.805194805194805
0.686233766233766
Gen 273
0.805194805194805
0.797142857142855
0.805194805194805
0.805194805194805
0.805194805194805
0.772987012987013
Gen 274
0.805194805194805
0.788301022648847
0.805194805194805
0.805194805194805
0.805194805194805
0.737619675010979
Gen 275
0.805194805194805
0.767342367777149
0.805194805194805
0.805194805194805
0.805194805194805
0.653785055524186
Gen 276
0.805194805194805
0.782781855825332
0.805194805194805
0.805194805194805
0.805194805194805
0.715543007716921
Gen 277
0.805194805194805
0.768001003827089
0.805194805194805
0.805194805194805
0.805194805194805
0.656419599723948
Gen 278
0.805194805194805
0.799439237091409
0.805194805194805
0.805194805194805
0.805194805194805
0.782172532781228
Gen 279
0.805194805194805
0.748121839513142
0.805194805194805
0.805194805194805
0.805194805194805
0.57690294246816
Gen 280
0.805194805194805
0.76655963360311
0.805194805194805
0.805194805194805
0.805194805194805
0.650654118828032
Gen 281
0.805194805194805
0.780578957274607
0.805194805194805
0.805194805194805
0.805194805194805
0.706731413514022
Gen 282
0.805194805194805
0.786351966873704
0.805194805194805
0.805194805194805
0.805194805194805
0.729823451910409
Gen 283
0.805194805194805
0.782664157098938
0.805194805194805
0.805194805194805
0.805194805194805
0.715072212811343
Gen 284
0.805194805194805
0.763624694146431
0.805194805194805
0.805194805194805
0.805194805194805
0.638914361001318
Gen 285
0.805194805194805
0.744754501537109
0.805194805194805
0.805194805194805
0.805194805194805
0.563433590564025
Gen 286
0.805194805194805
0.780766923897357
0.805194805194805
0.805194805194805
0.805194805194805
0.707483280005019
