Gen 1
0.0909090909090909
0.0319938516190689
0.083917435221783
0.0440579710544928
1E-10
1E-10
Gen 2
0.0909090909090909
0.0246508564599868
0.083917435221783
0.0146859904181642
1E-10
1E-10
Gen 3
0.0909090909090909
0.0246508564599868
0.083917435221783
0.0146859904181642
1E-10
1E-10
Gen 4
0.0909090909090909
0.0246508564599868
0.083917435221783
0.0146859904181642
1E-10
1E-10
Gen 5
0.0909090909090909
0.0246508564599868
0.083917435221783
0.0146859904181642
1E-10
1E-10
Gen 6
0.0909090909090909
0.0173078613009047
0.0692314449036188
1E-10
1E-10
1E-10
Gen 7
1E-10
1E-10
1E-10
1E-10
1E-10
1E-10
Gen 8
1E-10
1E-10
1E-10
1E-10
1E-10
1E-10
Gen 9
0.0476190476190476
0.0115044859273119
0.0460179434092478
1E-10
1E-10
1E-10
Gen 10
0.0476190476190476
0.00476190485190476
0.019047619107619
1E-10
1E-10
1E-10
Gen 11
0.0476190476190476
0.00476190485190476
0.019047619107619
1E-10
1E-10
1E-10
Gen 12
0.116883116883117
0.0106060606910606
0.0424242424642424
1E-10
1E-10
1E-10
Gen 13
0.116883116883117
0.0153679654429654
0.0614718614718615
1E-10
1E-10
1E-10
Gen 14
0.116883116883117
0.012987013067013
0.0519480519680519
1E-10
1E-10
1E-10
Gen 15
0.116883116883117
0.0153679654429654
0.0614718614718615
1E-10
1E-10
1E-10
Gen 16
0.116883116883117
0.00822510831510823
0.0329004329604329
1E-10
1E-10
1E-10
Gen 17
0.116883116883117
0.00822510831510823
0.0329004329604329
1E-10
1E-10
1E-10
Gen 18
0.116883116883117
0.00861158173505992
0.0344463266402397
1E-10
1E-10
1E-10
Gen 19
0.116883116883117
0.0107371855997942
0.0429487420991769
1E-10
1E-10
1E-10
Gen 20
0.116883116883117
0.012234770140857
0.0489390802634281
1E-10
1E-10
1E-10
Gen 21
0.116883116883117
0.012234770140857
0.0489390802634281
1E-10
1E-10
1E-10
Gen 22
0.116883116883117
0.012234770140857
0.0489390802634281
1E-10
1E-10
1E-10
Gen 23
0.116883116883117
0.0139663718624588
0.0524022837066315
0.00346320354320346
1E-10
1E-10
Gen 24
0.116883116883117
0.0139663718624588
0.0524022837066315
0.00346320354320346
1E-10
1E-10
Gen 25
0.116883116883117
0.00822510831510823
0.0329004329604329
1E-10
1E-10
1E-10
Gen 26
0.116883116883117
0.00822510831510823
0.0329004329604329
1E-10
1E-10
1E-10
Gen 27
0.116883116883117
0.00822510831510823
0.0329004329604329
1E-10
1E-10
1E-10
Gen 28
0.116883116883117
0.00822510831510823
0.0329004329604329
1E-10
1E-10
1E-10
Gen 29
0.116883116883117
0.00822510831510823
0.0329004329604329
1E-10
1E-10
1E-10
Gen 30
0.116883116883117
0.00822510831510823
0.0329004329604329
1E-10
1E-10
1E-10
Gen 31
0.116883116883117
0.00822510831510823
0.0329004329604329
1E-10
1E-10
1E-10
Gen 32
0.116883116883117
0.00822510831510823
0.0329004329604329
1E-10
1E-10
1E-10
Gen 33
0.116883116883117
0.00822510831510823
0.0329004329604329
1E-10
1E-10
1E-10
Gen 34
0.116883116883117
0.00822510831510823
0.0329004329604329
1E-10
1E-10
1E-10
Gen 35
0.116883116883117
0.00822510831510823
0.0329004329604329
1E-10
1E-10
1E-10
Gen 36
0.116883116883117
0.00822510831510823
0.0329004329604329
1E-10
1E-10
1E-10
Gen 37
0.116883116883117
0.00822510831510823
0.0329004329604329
1E-10
1E-10
1E-10
Gen 38
0.116883116883117
0.00822510831510823
0.0329004329604329
1E-10
1E-10
1E-10
Gen 39
0.116883116883117
0.00822510831510823
0.0329004329604329
1E-10
1E-10
1E-10
Gen 40
0.116883116883117
0.00822510831510823
0.0329004329604329
1E-10
1E-10
1E-10
Gen 41
0.116883116883117
0.00822510831510823
0.0329004329604329
1E-10
1E-10
1E-10
Gen 42
0.116883116883117
0.00822510831510823
0.0329004329604329
1E-10
1E-10
1E-10
Gen 43
0.116883116883117
0.00822510831510823
0.0329004329604329
1E-10
1E-10
1E-10
Gen 44
0.116883116883117
0.00822510831510823
0.0329004329604329
1E-10
1E-10
1E-10
Gen 45
0.116883116883117
0.00822510831510823
0.0329004329604329
1E-10
1E-10
1E-10
Gen 46
0.116883116883117
0.00887445895445888
0.0354978355178355
1E-10
1E-10
1E-10
Gen 47
0.116883116883117
0.0106060606760606
0.0415584415584416
0.000865800945800865
1E-10
1E-10
Gen 48
0.116883116883117
0.00995671003670996
0.0398268398468398
1E-10
1E-10
1E-10
Gen 49
0.116883116883117
0.00822510831510823
0.0329004329604329
1E-10
1E-10
1E-10
Gen 50
0.116883116883117
0.00822510831510823
0.0329004329604329
1E-10
1E-10
1E-10
Gen 51
0.116883116883117
0.0155844156644156
0.0623376623576623
1E-10
1E-10
1E-10
Gen 52
0.116883116883117
0.0194805195505195
0.0701298701298701
0.00779220787220779
1E-10
1E-10
Gen 53
0.116883116883117
0.0155844156644156
0.0623376623576623
1E-10
1E-10
1E-10
Gen 54
0.116883116883117
0.00952380961380953
0.0380952381552381
1E-10
1E-10
1E-10
Gen 55
0.116883116883117
0.00952380961380953
0.0380952381552381
1E-10
1E-10
1E-10
Gen 56
0.116883116883117
0.00952380961380953
0.0380952381552381
1E-10
1E-10
1E-10
Gen 57
0.116883116883117
0.00952380961380953
0.0380952381552381
1E-10
1E-10
1E-10
Gen 58
0.116883116883117
0.00952380961380953
0.0380952381552381
1E-10
1E-10
1E-10
Gen 59
0.116883116883117
0.00952380961380953
0.0380952381552381
1E-10
1E-10
1E-10
Gen 60
1E-10
1E-10
1E-10
1E-10
1E-10
1E-10
Gen 61
1E-10
1E-10
1E-10
1E-10
1E-10
1E-10
Gen 62
1E-10
1E-10
1E-10
1E-10
1E-10
1E-10
Gen 63
0.0562770562770563
0.00281385290885282
0.0112554113354113
1E-10
1E-10
1E-10
Gen 64
0.0562770562770563
0.00281385290885282
0.0112554113354113
1E-10
1E-10
1E-10
Gen 65
0.0562770562770563
0.00281385290885282
0.0112554113354113
1E-10
1E-10
1E-10
Gen 66
0.0562770562770563
0.00281385290885282
0.0112554113354113
1E-10
1E-10
1E-10
Gen 67
0.0562770562770563
0.00281385290885282
0.0112554113354113
1E-10
1E-10
1E-10
Gen 68
1E-10
1E-10
1E-10
1E-10
1E-10
1E-10
Gen 69
1E-10
1E-10
1E-10
1E-10
1E-10
1E-10
Gen 70
1E-10
1E-10
1E-10
1E-10
1E-10
1E-10
Gen 71
1E-10
1E-10
1E-10
1E-10
1E-10
1E-10
Gen 72
1E-10
1E-10
1E-10
1E-10
1E-10
1E-10
Gen 73
1E-10
1E-10
1E-10
1E-10
1E-10
1E-10
Gen 74
1E-10
1E-10
1E-10
1E-10
1E-10
1E-10
Gen 75
1E-10
1E-10
1E-10
1E-10
1E-10
1E-10
Gen 76
1E-10
1E-10
1E-10
1E-10
1E-10
1E-10
Gen 77
1E-10
1E-10
1E-10
1E-10
1E-10
1E-10
Gen 78
0.025974025974026
0.0012987013937013
0.0051948052748052
1E-10
1E-10
1E-10
Gen 79
0.025974025974026
0.0012987013937013
0.0051948052748052
1E-10
1E-10
1E-10
Gen 80
0.025974025974026
0.0012987013937013
0.0051948052748052
1E-10
1E-10
1E-10
Gen 81
0.025974025974026
0.0012987013937013
0.0051948052748052
1E-10
1E-10
1E-10
Gen 82
0.025974025974026
0.0012987013937013
0.0051948052748052
1E-10
1E-10
1E-10
Gen 83
0.025974025974026
0.0012987013937013
0.0051948052748052
1E-10
1E-10
1E-10
Gen 84
0.025974025974026
0.0012987013937013
0.0051948052748052
1E-10
1E-10
1E-10
Gen 85
0.025974025974026
0.0012987013937013
0.0051948052748052
1E-10
1E-10
1E-10
Gen 86
0.025974025974026
0.00134701056744526
0.00538804196978104
1E-10
1E-10
1E-10
Gen 87
0.051948051948052
0.0064935065785065
0.025974026014026
1E-10
1E-10
1E-10
Gen 88
0.051948051948052
0.0064935065785065
0.025974026014026
1E-10
1E-10
1E-10
Gen 89
0.051948051948052
0.00868310440027826
0.0311688311688312
0.00356358623228183
1E-10
1E-10
Gen 90
0.051948051948052
0.00714285722285715
0.0285714285914286
1E-10
1E-10
1E-10
Gen 91
0.051948051948052
0.0119047619747619
0.045021645021645
0.0025974026774026
1E-10
1E-10
Gen 92
0.051948051948052
0.0119047619747619
0.045021645021645
0.0025974026774026
1E-10
1E-10
Gen 93
0.051948051948052
0.0112554113304113
0.045021645021645
1E-10
1E-10
1E-10
Gen 94
0.051948051948052
0.00562770571270562
0.0225108225508225
1E-10
1E-10
1E-10
Gen 95
0.051948051948052
0.00562770571270562
0.0225108225508225
1E-10
1E-10
1E-10
Gen 96
0.051948051948052
0.00562770571270562
0.0225108225508225
1E-10
1E-10
1E-10
Gen 97
0.051948051948052
0.00562770571270562
0.0225108225508225
1E-10
1E-10
1E-10
Gen 98
0.051948051948052
0.00562770571270562
0.0225108225508225
1E-10
1E-10
1E-10
Gen 99
0.051948051948052
0.0064935065735065
0.025974025994026
1E-10
1E-10
1E-10
Gen 100
0.051948051948052
0.00584415592915584
0.0233766234166234
1E-10
1E-10
1E-10
Gen 101
0.051948051948052
0.00584415592915584
0.0233766234166234
1E-10
1E-10
1E-10
Gen 102
0.051948051948052
0.00584415592915584
0.0233766234166234
1E-10
1E-10
1E-10
Gen 103
0.051948051948052
0.00584415592915584
0.0233766234166234
1E-10
1E-10
1E-10
Gen 104
0.051948051948052
0.00584415592915584
0.0233766234166234
1E-10
1E-10
1E-10
Gen 105
0.051948051948052
0.00519480528480519
0.0207792208392208
1E-10
1E-10
1E-10
Gen 106
0.051948051948052
0.00519480528480519
0.0207792208392208
1E-10
1E-10
1E-10
Gen 107
0.051948051948052
0.00519480528480519
0.0207792208392208
1E-10
1E-10
1E-10
Gen 108
0.051948051948052
0.00519480528480519
0.0207792208392208
1E-10
1E-10
1E-10
Gen 109
0.051948051948052
0.00519480528480519
0.0207792208392208
1E-10
1E-10
1E-10
Gen 110
0.051948051948052
0.00519480528480519
0.0207792208392208
1E-10
1E-10
1E-10
Gen 111
0.051948051948052
0.00519480528480519
0.0207792208392208
1E-10
1E-10
1E-10
Gen 112
0.051948051948052
0.00519480528480519
0.0207792208392208
1E-10
1E-10
1E-10
Gen 113
0.051948051948052
0.00519480528480519
0.0207792208392208
1E-10
1E-10
1E-10
Gen 114
0.051948051948052
0.00519480528480519
0.0207792208392208
1E-10
1E-10
1E-10
Gen 115
0.051948051948052
0.00519480528480519
0.0207792208392208
1E-10
1E-10
1E-10
Gen 116
0.051948051948052
0.00519480528480519
0.0207792208392208
1E-10
1E-10
1E-10
Gen 117
0.051948051948052
0.00519480528480519
0.0207792208392208
1E-10
1E-10
1E-10
Gen 118
0.051948051948052
0.00519480528480519
0.0207792208392208
1E-10
1E-10
1E-10
Gen 119
0.051948051948052
0.00519480528480519
0.0207792208392208
1E-10
1E-10
1E-10
Gen 120
0.051948051948052
0.00519480528480519
0.0207792208392208
1E-10
1E-10
1E-10
Gen 121
0.051948051948052
0.00519480528480519
0.0207792208392208
1E-10
1E-10
1E-10
Gen 122
1E-10
1E-10
1E-10
1E-10
1E-10
1E-10
Gen 123
1E-10
1E-10
1E-10
1E-10
1E-10
1E-10
Gen 124
1E-10
1E-10
1E-10
1E-10
1E-10
1E-10
Gen 125
1E-10
1E-10
1E-10
1E-10
1E-10
1E-10
Gen 126
1E-10
1E-10
1E-10
1E-10
1E-10
1E-10
Gen 127
1E-10
1E-10
1E-10
1E-10
1E-10
1E-10
Gen 128
1E-10
1E-10
1E-10
1E-10
1E-10
1E-10
Gen 129
1E-10
1E-10
1E-10
1E-10
1E-10
1E-10
Gen 130
1E-10
1E-10
1E-10
1E-10
1E-10
1E-10
Gen 131
1E-10
1E-10
1E-10
1E-10
1E-10
1E-10
Gen 132
1E-10
1E-10
1E-10
1E-10
1E-10
1E-10
Gen 133
1E-10
1E-10
1E-10
1E-10
1E-10
1E-10
Gen 134
1E-10
1E-10
1E-10
1E-10
1E-10
1E-10
Gen 135
1E-10
1E-10
1E-10
1E-10
1E-10
1E-10
Gen 136
0.025974025974026
0.00389610398110389
0.0155844156244156
1E-10
1E-10
1E-10
Gen 137
0.025974025974026
0.00389610398110389
0.0155844156244156
1E-10
1E-10
1E-10
Gen 138
0.025974025974026
0.00389610398110389
0.0155844156244156
1E-10
1E-10
1E-10
Gen 139
0.025974025974026
0.0025974026874026
0.0103896104496104
1E-10
1E-10
1E-10
Gen 140
0.025974025974026
0.0025974026874026
0.0103896104496104
1E-10
1E-10
1E-10
Gen 141
0.125541125541126
0.00995671003670996
0.0398268398468398
1E-10
1E-10
1E-10
Gen 142
0.125541125541126
0.00995671003670996
0.0398268398468398
1E-10
1E-10
1E-10
Gen 143
0.125541125541126
0.00995671003670996
0.0398268398468398
1E-10
1E-10
1E-10
Gen 144
1E-10
1E-10
1E-10
1E-10
1E-10
1E-10
Gen 145
0.0346320346320346
0.00346320355320346
0.0138528139128138
1E-10
1E-10
1E-10
Gen 146
0.0346320346320346
0.00346320355320346
0.0138528139128138
1E-10
1E-10
1E-10
Gen 147
0.0346320346320346
0.00346320355320346
0.0138528139128138
1E-10
1E-10
1E-10
Gen 148
0.0346320346320346
0.00346320355320346
0.0138528139128138
1E-10
1E-10
1E-10
Gen 149
0.0346320346320346
0.00346320355320346
0.0138528139128138
1E-10
1E-10
1E-10
Gen 150
0.0346320346320346
0.00346320355320346
0.0138528139128138
1E-10
1E-10
1E-10
Gen 151
0.0346320346320346
0.00346320355320346
0.0138528139128138
1E-10
1E-10
1E-10
Gen 152
0.0346320346320346
0.00346320355320346
0.0138528139128138
1E-10
1E-10
1E-10
Gen 153
0.0346320346320346
0.00375305861566723
0.0150122341626689
1E-10
1E-10
1E-10
Gen 154
0.0909090909090909
0.0090909091809091
0.0363636364236364
1E-10
1E-10
1E-10
Gen 155
0.0909090909090909
0.0090909091809091
0.0363636364236364
1E-10
1E-10
1E-10
Gen 156
0.0909090909090909
0.0090909091809091
0.0363636364236364
1E-10
1E-10
1E-10
Gen 157
0.0173160173160173
0.00173160182160173
0.00692640698640693
1E-10
1E-10
1E-10
Gen 158
0.0173160173160173
0.00173160182160173
0.00692640698640693
1E-10
1E-10
1E-10
Gen 159
0.0173160173160173
0.00173160182160173
0.00692640698640693
1E-10
1E-10
1E-10
Gen 160
0.0173160173160173
0.00173160182160173
0.00692640698640693
1E-10
1E-10
1E-10
Gen 161
0.0173160173160173
0.00173160182160173
0.00692640698640693
1E-10
1E-10
1E-10
Gen 162
0.0173160173160173
0.00173160182160173
0.00692640698640693
1E-10
1E-10
1E-10
Gen 163
0.0173913043478261
0.00260116703399304
0.0104046678359721
1E-10
1E-10
1E-10
Gen 164
0.0173913043478261
0.00260116703399304
0.0104046678359721
1E-10
1E-10
1E-10
Gen 165
0.156521739130435
0.00956145312471392
0.0382458121988556
1E-10
1E-10
1E-10
Gen 166
0.156521739130435
0.00869565226391305
0.0347826087556522
1E-10
1E-10
1E-10
Gen 167
0.156521739130435
0.00869565226391305
0.0347826087556522
1E-10
1E-10
1E-10
Gen 168
0.156521739130435
0.00869565226391305
0.0347826087556522
1E-10
1E-10
1E-10
Gen 169
0.156521739130435
0.00869565226391305
0.0347826087556522
1E-10
1E-10
1E-10
Gen 170
0.156521739130435
0.00869565226391305
0.0347826087556522
1E-10
1E-10
1E-10
Gen 171
0.156521739130435
0.00869565226391305
0.0347826087556522
1E-10
1E-10
1E-10
Gen 172
0.156521739130435
0.00869565226391305
0.0347826087556522
1E-10
1E-10
1E-10
Gen 173
0.156521739130435
0.00869565226391305
0.0347826087556522
1E-10
1E-10
1E-10
Gen 174
0.156521739130435
0.00869565226391305
0.0347826087556522
1E-10
1E-10
1E-10
Gen 175
0.156521739130435
0.00869565226391305
0.0347826087556522
1E-10
1E-10
1E-10
Gen 176
0.156521739130435
0.00869565226391305
0.0347826087556522
1E-10
1E-10
1E-10
Gen 177
0.156521739130435
0.00869565226391305
0.0347826087556522
1E-10
1E-10
1E-10
Gen 178
0.156521739130435
0.0088888889738889
0.0355555555955556
1E-10
1E-10
1E-10
Gen 179
0.156521739130435
0.00869565226391305
0.0347826087556522
1E-10
1E-10
1E-10
Gen 180
0.156521739130435
0.00869565226391305
0.0347826087556522
1E-10
1E-10
1E-10
Gen 181
0.156521739130435
0.00932367158258455
0.0372946860303382
1E-10
1E-10
1E-10
Gen 182
0.156521739130435
0.00932367158258455
0.0372946860303382
1E-10
1E-10
1E-10
Gen 183
0.156521739130435
0.00932367158258455
0.0372946860303382
1E-10
1E-10
1E-10
Gen 184
0.156521739130435
0.00932367158258455
0.0372946860303382
1E-10
1E-10
1E-10
Gen 185
0.156521739130435
0.00932367158258455
0.0372946860303382
1E-10
1E-10
1E-10
Gen 186
0.156521739130435
0.00932367158258455
0.0372946860303382
1E-10
1E-10
1E-10
Gen 187
0.156521739130435
0.0153842776231906
0.0555467720685112
0.00599033822425121
1E-10
1E-10
Gen 188
0.156521739130435
0.0130961792581357
0.0523847167325428
1E-10
1E-10
1E-10
Gen 189
0.156521739130435
0.00934123856167326
0.037364953946693
1E-10
1E-10
1E-10
Gen 190
0.156521739130435
0.00934123856167326
0.037364953946693
1E-10
1E-10
1E-10
Gen 191
0.156521739130435
0.0099209486966008
0.0396837944864032
1E-10
1E-10
1E-10
Gen 192
0.156521739130435
0.00963109362913703
0.0385243742165481
1E-10
1E-10
1E-10
Gen 193
0.156521739130435
0.00963109362913703
0.0385243742165481
1E-10
1E-10
1E-10
Gen 194
0.156521739130435
0.00934123856167326
0.037364953946693
1E-10
1E-10
1E-10
Gen 195
0.156521739130435
0.00934123856167326
0.037364953946693
1E-10
1E-10
1E-10
Gen 196
0.156521739130435
0.00934123856167326
0.037364953946693
1E-10
1E-10
1E-10
Gen 197
1E-10
1E-10
1E-10
1E-10
1E-10
1E-10
Gen 198
0.0173160173160173
0.000865800960800867
0.00346320354320346
1E-10
1E-10
1E-10
Gen 199
0.0173160173160173
0.000865800960800867
0.00346320354320346
1E-10
1E-10
1E-10
Gen 200
0.0173160173160173
0.000865800960800867
0.00346320354320346
1E-10
1E-10
1E-10
Gen 201
0.0173160173160173
0.000865800960800867
0.00346320354320346
1E-10
1E-10
1E-10
Gen 202
0.0173160173160173
0.000865800960800867
0.00346320354320346
1E-10
1E-10
1E-10
Gen 203
0.0173160173160173
0.000865800960800867
0.00346320354320346
1E-10
1E-10
1E-10
Gen 204
0.0173160173160173
0.000865800960800867
0.00346320354320346
1E-10
1E-10
1E-10
Gen 205
0.0173160173160173
0.0012987013837013
0.00519480523480519
1E-10
1E-10
1E-10
Gen 206
0.025974025974026
0.00389610397110389
0.0155844155844156
1E-10
1E-10
1E-10
Gen 207
0.025974025974026
0.0025974026874026
0.0103896104496104
1E-10
1E-10
1E-10
Gen 208
0.025974025974026
0.0025974026874026
0.0103896104496104
1E-10
1E-10
1E-10
Gen 209
0.025974025974026
0.0025974026874026
0.0103896104496104
1E-10
1E-10
1E-10
Gen 210
0.025974025974026
0.0025974026874026
0.0103896104496104
1E-10
1E-10
1E-10
Gen 211
0.025974025974026
0.00337034953730597
0.0134813978492239
1E-10
1E-10
1E-10
Gen 212
0.025974025974026
0.00438484229092916
0.0175393688637167
1E-10
1E-10
1E-10
Gen 213
0.025974025974026
0.00486793406836878
0.0185055524185959
0.000966183654879227
1E-10
1E-10
Gen 214
0.0396135265700483
0.0068486103918712
0.0254620741577263
0.00193236720975845
1E-10
1E-10
Gen 215
0.0396135265700483
0.00327937771720371
0.0131175105688149
1E-10
1E-10
1E-10
Gen 216
0.0396135265700483
0.00327937771720371
0.0131175105688149
1E-10
1E-10
1E-10
Gen 217
0.0396135265700483
0.00327937771720371
0.0131175105688149
1E-10
1E-10
1E-10
Gen 218
0.0396135265700483
0.00327937771720371
0.0131175105688149
1E-10
1E-10
1E-10
Gen 219
0.0396135265700483
0.00327937771720371
0.0131175105688149
1E-10
1E-10
1E-10
Gen 220
0.0396135265700483
0.00327937771720371
0.0131175105688149
1E-10
1E-10
1E-10
Gen 221
0.0396135265700483
0.00327937771720371
0.0131175105688149
1E-10
1E-10
1E-10
Gen 222
0.0396135265700483
0.00327937771720371
0.0131175105688149
1E-10
1E-10
1E-10
Gen 223
0.0396135265700483
0.00436162879445479
0.0174465148778192
1E-10
1E-10
1E-10
Gen 224
0.0909090909090909
0.00879101582753749
0.03516406301015
1E-10
1E-10
1E-10
Gen 225
0.0909090909090909
0.00879101582753749
0.03516406301015
1E-10
1E-10
1E-10
Gen 226
0.0909090909090909
0.0113030931122235
0.041347637869377
0.00386473437951691
1E-10
1E-10
Gen 227
1E-10
1E-10
1E-10
1E-10
1E-10
1E-10
Gen 228
0.108225108225108
0.00757575766075758
0.0303030303430303
1E-10
1E-10
1E-10
Gen 229
0.108225108225108
0.0142832047979873
0.0571328188919493
1E-10
1E-10
1E-10
Gen 230
0.108225108225108
0.0142832047979873
0.0571328188919493
1E-10
1E-10
1E-10
Gen 231
0.108225108225108
0.0103871009118834
0.0415484033475337
1E-10
1E-10
1E-10
Gen 232
0.108225108225108
0.0103871009118834
0.0415484033475337
1E-10
1E-10
1E-10
Gen 233
0.108225108225108
0.0103871009118834
0.0415484033475337
1E-10
1E-10
1E-10
Gen 234
0.108225108225108
0.0103871009118834
0.0415484033475337
1E-10
1E-10
1E-10
Gen 235
0.108225108225108
0.0103871009118834
0.0415484033475337
1E-10
1E-10
1E-10
Gen 236
0.108225108225108
0.0103871009118834
0.0415484033475337
1E-10
1E-10
1E-10
Gen 237
0.108225108225108
0.0103871009118834
0.0415484033475337
1E-10
1E-10
1E-10
Gen 238
0.108225108225108
0.019910910415693
0.0701198318589623
0.00952380960380952
1E-10
1E-10
Gen 239
0.108225108225108
0.0246728151725977
0.0796436413827718
0.019047619107619
1E-10
1E-10
Gen 240
0.108225108225108
0.0222918627966453
0.0796436413827718
0.00952380960380952
1E-10
1E-10
Gen 241
0.108225108225108
0.0175299580447406
0.0701198318789623
1E-10
1E-10
1E-10
Gen 242
0.108225108225108
0.0175299580447406
0.0701198318789623
1E-10
1E-10
1E-10
Gen 243
0.108225108225108
0.0192615597713423
0.0770462387853692
1E-10
1E-10
1E-10
Gen 244
0.108225108225108
0.0218589623687449
0.0874358491749796
1E-10
1E-10
1E-10
Gen 245
0.108225108225108
0.0194780099927925
0.0779120396711701
1E-10
1E-10
1E-10
Gen 246
0.108225108225108
0.0351797478484434
0.0991605495953322
0.0415584415984416
1E-10
1E-10
Gen 247
0.0303030303030303
0.00151515161015152
0.00606060614060606
1E-10
1E-10
1E-10
Gen 248
0.0476190476190476
0.00627705636205628
0.0251082251482251
1E-10
1E-10
1E-10
Gen 249
0.0476190476190476
0.00627705636205628
0.0251082251482251
1E-10
1E-10
1E-10
Gen 250
0.0476190476190476
0.00627705636205628
0.0251082251482251
1E-10
1E-10
1E-10
Gen 251
0.0476190476190476
0.00476190485190476
0.019047619107619
1E-10
1E-10
1E-10
Gen 252
0.0476190476190476
0.00476190485190476
0.019047619107619
1E-10
1E-10
1E-10
Gen 253
0.0476190476190476
0.00476190485190476
0.019047619107619
1E-10
1E-10
1E-10
Gen 254
0.0476190476190476
0.00476190485190476
0.019047619107619
1E-10
1E-10
1E-10
Gen 255
0.0476190476190476
0.00476190485190476
0.019047619107619
1E-10
1E-10
1E-10
Gen 256
0.0476190476190476
0.00476190485190476
0.019047619107619
1E-10
1E-10
1E-10
Gen 257
0.0476190476190476
0.00952380960380953
0.0380952381152381
1E-10
1E-10
1E-10
Gen 258
0.0476190476190476
0.00952380960380953
0.0380952381152381
1E-10
1E-10
1E-10
Gen 259
0.0476190476190476
0.00952380960380953
0.0380952381152381
1E-10
1E-10
1E-10
Gen 260
0.0476190476190476
0.00952380960380953
0.0380952381152381
1E-10
1E-10
1E-10
Gen 261
0.0476190476190476
0.00476190485190476
0.019047619107619
1E-10
1E-10
1E-10
Gen 262
0.0476190476190476
0.00562770569770562
0.0216450216450216
0.000865800945800865
1E-10
1E-10
Gen 263
0.0476190476190476
0.00519480527480519
0.0207792207992208
1E-10
1E-10
1E-10
Gen 264
0.0476190476190476
0.00519480527480519
0.0207792207992208
1E-10
1E-10
1E-10
Gen 265
0.0692640692640693
0.00865800873300866
0.0346320346320346
1E-10
1E-10
1E-10
Gen 266
0.0692640692640693
0.00844155852155845
0.0337662337862338
1E-10
1E-10
1E-10
Gen 267
0.0692640692640693
0.0106060606860606
0.0424242424442424
1E-10
1E-10
1E-10
Gen 268
0.0692640692640693
0.00584415593415584
0.0233766234366234
1E-10
1E-10
1E-10
Gen 269
0.0692640692640693
0.0112554113204113
0.0363636363636364
0.00865800871800866
1E-10
1E-10
Gen 270
0.0692640692640693
0.0101731602431602
0.0363636363636364
0.00432900440900433
1E-10
1E-10
Gen 271
0.0692640692640693
0.0123376624026623
0.0406926406926407
0.00865800871800866
1E-10
1E-10
Gen 272
0.0692640692640693
0.0183982684532684
0.0519480519480519
0.0216450216650216
1E-10
1E-10
Gen 273
0.0692640692640693
0.0168906456512978
0.0519480519480519
0.0156145304571391
1E-10
1E-10
Gen 274
0.0692640692640693
0.016017316077316
0.0519480519480519
0.0121212121612121
1E-10
1E-10
Gen 275
0.0692640692640693
0.00705188539775489
0.0282075412910195
1E-10
1E-10
1E-10
Gen 276
0.0692640692640693
0.00705188539775489
0.0282075412910195
1E-10
1E-10
1E-10
Gen 277
0.0692640692640693
0.00705188539775489
0.0282075412910195
1E-10
1E-10
1E-10
Gen 278
0.0865800865800866
0.0113808897217592
0.0455235585870368
1E-10
1E-10
1E-10
Gen 279
0.0865800865800866
0.0150040781225563
0.0600163121902252
1E-10
1E-10
1E-10
Gen 280
0.0917874396135266
0.024182822073909
0.0823765606374302
0.0143547274582057
1E-10
1E-10
Gen 281
0.0995670995670996
0.0302666416259894
0.0884371666980363
0.0326293996059213
1E-10
1E-10
Gen 282
0.0995670995670996
0.0167105841768885
0.0668423364075538
1E-10
1E-10
1E-10
Gen 283
0.0995670995670996
0.0209448523042001
0.0668423364075538
0.0169370726092465
1E-10
1E-10
Gen 284
0.0995670995670996
0.00956772704903132
0.0382709078961252
1E-10
1E-10
1E-10
Gen 285
0.134199134199134
0.016374302106476
0.0654972081259038
1E-10
1E-10
1E-10
Gen 286
0.134199134199134
0.0145021645871645
0.058008658048658
1E-10
1E-10
1E-10
Gen 287
0.134199134199134
0.0145021645871645
0.058008658048658
1E-10
1E-10
1E-10
Gen 288
0.134199134199134
0.018898299847865
0.0755931990914599
1E-10
1E-10
1E-10
Gen 289
0.134199134199134
0.0292025849097588
0.0859828094610703
0.0308275299779647
1E-10
1E-10
Gen 290
0.134199134199134
0.018898299847865
0.0755931990914599
1E-10
1E-10
1E-10
Gen 291
0.134199134199134
0.018898299847865
0.0755931990914599
1E-10
1E-10
1E-10
Gen 292
0.072463768115942
0.00724637690159421
0.0289855073063768
1E-10
1E-10
1E-10
Gen 293
0.072463768115942
0.00869565225891305
0.0347826087356522
1E-10
1E-10
1E-10
Gen 294
0.072463768115942
0.00869565225891305
0.0347826087356522
1E-10
1E-10
1E-10
Gen 295
0.072463768115942
0.012008281653499
0.0480331263139959
1E-10
1E-10
1E-10
Gen 296
0.072463768115942
0.012008281653499
0.0480331263139959
1E-10
1E-10
1E-10
Gen 297
0.072463768115942
0.012008281653499
0.0480331263139959
1E-10
1E-10
1E-10
Gen 298
0.072463768115942
0.012008281653499
0.0480331263139959
1E-10
1E-10
1E-10
Gen 299
0.072463768115942
0.00724637690159421
0.0289855073063768
1E-10
1E-10
1E-10
Gen 300
0.072463768115942
0.00724637690159421
0.0289855073063768
1E-10
1E-10
1E-10
Gen 301
0.072463768115942
0.012008281653499
0.0480331263139959
1E-10
1E-10
1E-10
Gen 302
0.072463768115942
0.0124411820813994
0.0497647280255976
1E-10
1E-10
1E-10
Gen 303
1E-10
1E-10
1E-10
1E-10
1E-10
1E-10
Gen 304
1E-10
1E-10
1E-10
1E-10
1E-10
1E-10
Gen 305
0.0415458937198068
0.00415458946198067
0.0166183575479227
1E-10
1E-10
1E-10
Gen 306
0.0415458937198068
0.00415458946198067
0.0166183575479227
1E-10
1E-10
1E-10
Gen 307
0.0415458937198068
0.00415458946198067
0.0166183575479227
1E-10
1E-10
1E-10
Gen 308
0.0415458937198068
0.00473429960190821
0.0189371981076328
1E-10
1E-10
1E-10
Gen 309
0.0415458937198068
0.00473429960190821
0.0189371981076328
1E-10
1E-10
1E-10
Gen 310
0.0415458937198068
0.00473429960190821
0.0189371981076328
1E-10
1E-10
1E-10
Gen 311
0.0415458937198068
0.00618357495422705
0.0247342995169082
1E-10
1E-10
1E-10
Gen 312
0.0415458937198068
0.00560386481429951
0.0224154589571981
1E-10
1E-10
1E-10
Gen 313
0.0415458937198068
0.00560386481429951
0.0224154589571981
1E-10
1E-10
1E-10
Gen 314
0.0415458937198068
0.00560386481429951
0.0224154589571981
1E-10
1E-10
1E-10
Gen 315
0.0865800865800866
0.0181579773534121
0.0668348077043729
0.00579710150927536
1E-10
1E-10
Gen 316
0.0865800865800866
0.0146314073201029
0.0585256289804116
1E-10
1E-10
1E-10
Gen 317
0.0865800865800866
0.0165813414339501
0.0645862350210176
0.00173913051478261
1E-10
1E-10
Gen 318
1E-10
1E-10
1E-10
1E-10
1E-10
1E-10
Gen 319
1E-10
1E-10
1E-10
1E-10
1E-10
1E-10
Gen 320
0.038961038961039
0.00194805204305195
0.00779220787220779
1E-10
1E-10
1E-10
Gen 321
0.051948051948052
0.00974025982025975
0.038961038981039
1E-10
1E-10
1E-10
Gen 322
0.051948051948052
0.00974025982025975
0.038961038981039
1E-10
1E-10
1E-10
Gen 323
0.051948051948052
0.0106060606810606
0.0424242424242424
1E-10
1E-10
1E-10
Gen 324
0.051948051948052
0.00519480528480519
0.0207792208392208
1E-10
1E-10
1E-10
Gen 325
0.051948051948052
0.00519480528480519
0.0207792208392208
1E-10
1E-10
1E-10
Gen 326
0.051948051948052
0.0077922078722078
0.0311688311888312
1E-10
1E-10
1E-10
Gen 327
0.051948051948052
0.0077922078722078
0.0311688311888312
1E-10
1E-10
1E-10
Gen 328
0.051948051948052
0.00519480528480519
0.0207792208392208
1E-10
1E-10
1E-10
Gen 329
0.051948051948052
0.00519480528480519
0.0207792208392208
1E-10
1E-10
1E-10
Gen 330
0.051948051948052
0.00822510830510823
0.0329004329204329
1E-10
1E-10
1E-10
Gen 331
0.051948051948052
0.0106888764060503
0.0361854570550223
0.00657004836917875
1E-10
1E-10
Gen 332
0.051948051948052
0.00519480528480519
0.0207792208392208
1E-10
1E-10
1E-10
Gen 333
0.051948051948052
0.00809335599444288
0.0323734236777715
1E-10
1E-10
1E-10
Gen 334
0.051948051948052
0.00519480528480519
0.0207792208392208
1E-10
1E-10
1E-10
Gen 335
0.051948051948052
0.00519480528480519
0.0207792208392208
1E-10
1E-10
1E-10
Gen 336
0.051948051948052
0.00757575766075758
0.0303030303430303
1E-10
1E-10
1E-10
Gen 337
0.051948051948052
0.00757575766075758
0.0303030303430303
1E-10
1E-10
1E-10
Gen 338
0.051948051948052
0.00757575766075758
0.0303030303430303
1E-10
1E-10
1E-10
Gen 339
0.051948051948052
0.00757575766075758
0.0303030303430303
1E-10
1E-10
1E-10
Gen 340
0.051948051948052
0.00757575766075758
0.0303030303430303
1E-10
1E-10
1E-10
Gen 341
0.051948051948052
0.00757575766075758
0.0303030303430303
1E-10
1E-10
1E-10
Gen 342
0.051948051948052
0.00757575766075758
0.0303030303430303
1E-10
1E-10
1E-10
Gen 343
0.051948051948052
0.00757575766075758
0.0303030303430303
1E-10
1E-10
1E-10
Gen 344
0.051948051948052
0.00757575766075758
0.0303030303430303
1E-10
1E-10
1E-10
Gen 345
0.112554112554113
0.0132034632834632
0.0528138528338528
1E-10
1E-10
1E-10
Gen 346
0.112554112554113
0.0132034632834632
0.0528138528338528
1E-10
1E-10
1E-10
Gen 347
0.112554112554113
0.00822510831510823
0.0329004329604329
1E-10
1E-10
1E-10
Gen 348
0.112554112554113
0.00822510831510823
0.0329004329604329
1E-10
1E-10
1E-10
Gen 349
0.112554112554113
0.00822510831510823
0.0329004329604329
1E-10
1E-10
1E-10
Gen 350
0.112554112554113
0.0106060606910606
0.0424242424642424
1E-10
1E-10
1E-10
Gen 351
1E-10
1E-10
1E-10
1E-10
1E-10
1E-10
Gen 352
0.00193236714975845
9.66184524879227E-05
0.000386473509951691
1E-10
1E-10
1E-10
Gen 353
0.0476190476190476
0.00485852320439268
0.0194340925175707
1E-10
1E-10
1E-10
Gen 354
0.0476190476190476
0.00476190485190476
0.019047619107619
1E-10
1E-10
1E-10
Gen 355
0.0541062801932367
0.0101725328612284
0.0406901311449137
1E-10
1E-10
1E-10
Gen 356
0.0541062801932367
0.0121513270039356
0.0468737060041408
0.00173160181160173
1E-10
1E-10
Gen 357
0.0541062801932367
0.0101725328612284
0.0406901311449137
1E-10
1E-10
1E-10
Gen 358
0.0541062801932367
0.0101725328612284
0.0406901311449137
1E-10
1E-10
1E-10
Gen 359
0.0541062801932367
0.00541062810932367
0.0216425121372947
1E-10
1E-10
1E-10
Gen 360
0.0541062801932367
0.00541062810932367
0.0216425121372947
1E-10
1E-10
1E-10
Gen 361
0.0541062801932367
0.00541062810932367
0.0216425121372947
1E-10
1E-10
1E-10
Gen 362
0.0541062801932367
0.0132028358865315
0.0528113432461259
1E-10
1E-10
1E-10
Gen 363
0.0541062801932367
0.0164495891232847
0.0502139406487233
0.0155844156444156
1E-10
1E-10
Gen 364
0.0541062801932367
0.0164495891232847
0.0502139406487233
0.0155844156444156
1E-10
1E-10
Gen 365
0.0541062801932367
0.0106054332941289
0.0424217328765155
1E-10
1E-10
1E-10
Gen 366
0.0541062801932367
0.00758454114780194
0.0303381642912077
1E-10
1E-10
1E-10
Gen 367
0.0541062801932367
0.00888324243650324
0.0355329694460129
1E-10
1E-10
1E-10
Gen 368
0.0541062801932367
0.00866679222505302
0.0346671686002121
1E-10
1E-10
1E-10
Gen 369
0.0541062801932367
0.00605997874367432
0.0242399146746973
1E-10
1E-10
1E-10
Gen 370
0.0541062801932367
0.0058435285322241
0.0233741138288964
1E-10
1E-10
1E-10
Gen 371
0.0541062801932367
0.0057487923555314
0.0229951691221256
1E-10
1E-10
1E-10
Gen 372
0.0541062801932367
0.00579710152927536
0.0231884058171014
1E-10
1E-10
1E-10
Gen 373
0.0541062801932367
0.0057487923555314
0.0229951691221256
1E-10
1E-10
1E-10
Gen 374
0.0541062801932367
0.0057487923555314
0.0229951691221256
1E-10
1E-10
1E-10
Gen 375
0.0541062801932367
0.0128916494833885
0.0502139406487233
0.00135265708483092
1E-10
1E-10
Gen 376
0.0541062801932367
0.0128916494833885
0.0502139406487233
0.00135265708483092
1E-10
1E-10
Gen 377
0.0541062801932367
0.0128916494833885
0.0502139406487233
0.00135265708483092
1E-10
1E-10
Gen 378
0.0541062801932367
0.0128916494833885
0.0502139406487233
0.00135265708483092
1E-10
1E-10
Gen 379
0.0541062801932367
0.0101725328612284
0.0406901311449137
1E-10
1E-10
1E-10
Gen 380
0.0541062801932367
0.0101725328612284
0.0406901311449137
1E-10
1E-10
1E-10
Gen 381
0.0541062801932367
0.0101725328612284
0.0406901311449137
1E-10
1E-10
1E-10
Gen 382
0.0541062801932367
0.0101725328612284
0.0406901311449137
1E-10
1E-10
1E-10
Gen 383
0.0541062801932367
0.0101725328612284
0.0406901311449137
1E-10
1E-10
1E-10
Gen 384
0.0606060606060606
0.0164495891182847
0.0528113432461259
0.012987013027013
1E-10
1E-10
Gen 385
0.0606060606060606
0.0067018006998441
0.0268072024993764
1E-10
1E-10
1E-10
Gen 386
0.0606060606060606
0.0067018006998441
0.0268072024993764
1E-10
1E-10
1E-10
Gen 387
0.0909090909090909
0.0209875149655584
0.077487922705314
0.00646213695691951
1E-10
1E-10
Gen 388
0.0909090909090909
0.0090909091809091
0.0363636364236364
1E-10
1E-10
1E-10
Gen 389
0.0909090909090909
0.0090909091809091
0.0363636364236364
1E-10
1E-10
1E-10
Gen 390
0.0909090909090909
0.0090909091809091
0.0363636364236364
1E-10
1E-10
1E-10
Gen 391
0.0909090909090909
0.0090909091809091
0.0363636364236364
1E-10
1E-10
1E-10
Gen 392
0.0909090909090909
0.0090909091809091
0.0363636364236364
1E-10
1E-10
1E-10
Gen 393
0.0909090909090909
0.0090909091809091
0.0363636364236364
1E-10
1E-10
1E-10
Gen 394
1E-10
1E-10
1E-10
1E-10
1E-10
1E-10
Gen 395
1E-10
1E-10
1E-10
1E-10
1E-10
1E-10
Gen 396
1E-10
1E-10
1E-10
1E-10
1E-10
1E-10
Gen 397
0.0222222222222222
0.00111111120611111
0.00444444452444445
1E-10
1E-10
1E-10
Gen 398
0.0222222222222222
0.00111111120611111
0.00444444452444445
1E-10
1E-10
1E-10
Gen 399
0.0222222222222222
0.00111111120611111
0.00444444452444445
1E-10
1E-10
1E-10
Gen 400
0.0222222222222222
0.00111111120611111
0.00444444452444445
1E-10
1E-10
1E-10
Gen 401
0.0222222222222222
0.00111111120611111
0.00444444452444445
1E-10
1E-10
1E-10
Gen 402
0.0222222222222222
0.00111111120611111
0.00444444452444445
1E-10
1E-10
1E-10
Gen 403
0.0222222222222222
0.00111111120611111
0.00444444452444445
1E-10
1E-10
1E-10
Gen 404
0.0222222222222222
0.00111111120611111
0.00444444452444445
1E-10
1E-10
1E-10
Gen 405
0.0222222222222222
0.00111111120611111
0.00444444452444445
1E-10
1E-10
1E-10
Gen 406
0.0222222222222222
0.00111111120611111
0.00444444452444445
1E-10
1E-10
1E-10
Gen 407
0.0222222222222222
0.00111111120611111
0.00444444452444445
1E-10
1E-10
1E-10
Gen 408
0.0222222222222222
0.00111111120611111
0.00444444452444445
1E-10
1E-10
1E-10
Gen 409
0.0222222222222222
0.00111111120611111
0.00444444452444445
1E-10
1E-10
1E-10
Gen 410
0.0222222222222222
0.00111111120611111
0.00444444452444445
1E-10
1E-10
1E-10
Gen 411
0.0222222222222222
0.00111111120611111
0.00444444452444445
1E-10
1E-10
1E-10
Gen 412
0.0222222222222222
0.00111111120611111
0.00444444452444445
1E-10
1E-10
1E-10
Gen 413
0.0222222222222222
0.00111111120611111
0.00444444452444445
1E-10
1E-10
1E-10
Gen 414
0.0222222222222222
0.00111111120611111
0.00444444452444445
1E-10
1E-10
1E-10
Gen 415
0.0222222222222222
0.00111111120611111
0.00444444452444445
1E-10
1E-10
1E-10
Gen 416
0.0222222222222222
0.00111111120611111
0.00444444452444445
1E-10
1E-10
1E-10
Gen 417
0.0222222222222222
0.00132756141756133
0.00531024537024531
1E-10
1E-10
1E-10
Gen 418
0.0222222222222222
0.00132756141756133
0.00531024537024531
1E-10
1E-10
1E-10
Gen 419
0.0222222222222222
0.00132756141756133
0.00531024537024531
1E-10
1E-10
1E-10
Gen 420
0.0222222222222222
0.00132756141756133
0.00531024537024531
1E-10
1E-10
1E-10
Gen 421
0.0222222222222222
0.00132756141756133
0.00531024537024531
1E-10
1E-10
1E-10
Gen 422
0.0222222222222222
0.00132756141756133
0.00531024537024531
1E-10
1E-10
1E-10
Gen 423
0.0222222222222222
0.00132756141756133
0.00531024537024531
1E-10
1E-10
1E-10
Gen 424
1E-10
1E-10
1E-10
1E-10
1E-10
1E-10
Gen 425
1E-10
1E-10
1E-10
1E-10
1E-10
1E-10
Gen 426
0.0502415458937198
0.00502415467937198
0.0200966184174879
1E-10
1E-10
1E-10
Gen 427
0.0502415458937198
0.00502415467937198
0.0200966184174879
1E-10
1E-10
1E-10
Gen 428
0.0502415458937198
0.00502415467937198
0.0200966184174879
1E-10
1E-10
1E-10
Gen 429
0.0502415458937198
0.00502415467937198
0.0200966184174879
1E-10
1E-10
1E-10
Gen 430
0.0502415458937198
0.00502415467937198
0.0200966184174879
1E-10
1E-10
1E-10
Gen 431
0.0502415458937198
0.00502415467937198
0.0200966184174879
1E-10
1E-10
1E-10
Gen 432
0.0502415458937198
0.00502415467937198
0.0200966184174879
1E-10
1E-10
1E-10
Gen 433
0.0502415458937198
0.00502415467937198
0.0200966184174879
1E-10
1E-10
1E-10
Gen 434
0.0502415458937198
0.00502415467937198
0.0200966184174879
1E-10
1E-10
1E-10
Gen 435
1E-10
1E-10
1E-10
1E-10
1E-10
1E-10
Gen 436
1E-10
1E-10
1E-10
1E-10
1E-10
1E-10
Gen 437
1E-10
1E-10
1E-10
1E-10
1E-10
1E-10
Gen 438
1E-10
1E-10
1E-10
1E-10
1E-10
1E-10
Gen 439
1E-10
1E-10
1E-10
1E-10
1E-10
1E-10
Gen 440
1E-10
1E-10
1E-10
1E-10
1E-10
1E-10
Gen 441
1E-10
1E-10
1E-10
1E-10
1E-10
1E-10
Gen 442
1E-10
1E-10
1E-10
1E-10
1E-10
1E-10
Gen 443
1E-10
1E-10
1E-10
1E-10
1E-10
1E-10
Gen 444
1E-10
1E-10
1E-10
1E-10
1E-10
1E-10
Gen 445
1E-10
1E-10
1E-10
1E-10
1E-10
1E-10
Gen 446
1E-10
1E-10
1E-10
1E-10
1E-10
1E-10
Gen 447
1E-10
1E-10
1E-10
1E-10
1E-10
1E-10
Gen 448
0.038961038961039
0.00194805204305195
0.00779220787220779
1E-10
1E-10
1E-10
Gen 449
0.038961038961039
0.00194805204305195
0.00779220787220779
1E-10
1E-10
1E-10
Gen 450
0.038961038961039
0.00373549165157851
0.0149419663063141
1E-10
1E-10
1E-10
Gen 451
0.038961038961039
0.00373549165157851
0.0149419663063141
1E-10
1E-10
1E-10
Gen 452
0.038961038961039
0.00373549165157851
0.0149419663063141
1E-10
1E-10
1E-10
Gen 453
0.038961038961039
0.00373549165157851
0.0149419663063141
1E-10
1E-10
1E-10
Gen 454
0.038961038961039
0.00373549165157851
0.0149419663063141
1E-10
1E-10
1E-10
Gen 455
0.038961038961039
0.00373549165157851
0.0149419663063141
1E-10
1E-10
1E-10
Gen 456
0.0173160173160173
0.000865800960800867
0.00346320354320346
1E-10
1E-10
1E-10
Gen 457
0.0173160173160173
0.000865800960800867
0.00346320354320346
1E-10
1E-10
1E-10
Gen 458
0.0173160173160173
0.000865800960800867
0.00346320354320346
1E-10
1E-10
1E-10
Gen 459
0.0173160173160173
0.000865800960800867
0.00346320354320346
1E-10
1E-10
1E-10
Gen 460
0.0280193236714976
0.00633477640477634
0.022054081184516
0.00328502423458937
1E-10
1E-10
Gen 461
0.0280193236714976
0.00248321735582596
0.00993286912330385
1E-10
1E-10
1E-10
Gen 462
0.0280193236714976
0.00248321735582596
0.00993286912330385
1E-10
1E-10
1E-10
Gen 463
0.0280193236714976
0.00248321735582596
0.00993286912330385
1E-10
1E-10
1E-10
Gen 464
1E-10
1E-10
1E-10
1E-10
1E-10
1E-10
Gen 465
1E-10
1E-10
1E-10
1E-10
1E-10
1E-10
Gen 466
1E-10
1E-10
1E-10
1E-10
1E-10
1E-10
Gen 467
1E-10
1E-10
1E-10
1E-10
1E-10
1E-10
Gen 468
1E-10
1E-10
1E-10
1E-10
1E-10
1E-10
Gen 469
1E-10
1E-10
1E-10
1E-10
1E-10
1E-10
Gen 470
1E-10
1E-10
1E-10
1E-10
1E-10
1E-10
Gen 471
1E-10
1E-10
1E-10
1E-10
1E-10
1E-10
Gen 472
0.00865800865800866
0.000432900527900433
0.00173160181160173
1E-10
1E-10
1E-10
Gen 473
0.00865800865800866
0.000432900527900433
0.00173160181160173
1E-10
1E-10
1E-10
Gen 474
0.0476190476190476
0.00519480527980519
0.0207792208192208
1E-10
1E-10
1E-10
Gen 475
0.0476190476190476
0.00688562653084385
0.0275425058233754
1E-10
1E-10
1E-10
Gen 476
0.0476190476190476
0.00688562653084385
0.0275425058233754
1E-10
1E-10
1E-10
Gen 477
0.0476190476190476
0.00688562653084385
0.0275425058233754
1E-10
1E-10
1E-10
Gen 478
0.0216450216450216
0.00108225117725108
0.00432900440900433
1E-10
1E-10
1E-10
Gen 479
0.0216450216450216
0.00108225117725108
0.00432900440900433
1E-10
1E-10
1E-10
Gen 480
0.0303030303030303
0.0025974026874026
0.0103896104496104
1E-10
1E-10
1E-10
Gen 481
0.0303030303030303
0.0025974026874026
0.0103896104496104
1E-10
1E-10
1E-10
Gen 482
0.0303030303030303
0.0025974026874026
0.0103896104496104
1E-10
1E-10
1E-10
Gen 483
0.0303030303030303
0.0025974026874026
0.0103896104496104
1E-10
1E-10
1E-10
Gen 484
0.0303030303030303
0.0025974026874026
0.0103896104496104
1E-10
1E-10
1E-10
Gen 485
0.0303030303030303
0.0025974026874026
0.0103896104496104
1E-10
1E-10
1E-10
Gen 486
0.0303030303030303
0.0025974026874026
0.0103896104496104
1E-10
1E-10
1E-10
Gen 487
0.0303030303030303
0.0025974026874026
0.0103896104496104
1E-10
1E-10
1E-10
Gen 488
0.0303030303030303
0.0025974026874026
0.0103896104496104
1E-10
1E-10
1E-10
Gen 489
0.0303030303030303
0.0025974026874026
0.0103896104496104
1E-10
1E-10
1E-10
Gen 490
0.0303030303030303
0.0025974026874026
0.0103896104496104
1E-10
1E-10
1E-10
Gen 491
0.0303030303030303
0.0025974026874026
0.0103896104496104
1E-10
1E-10
1E-10
Gen 492
0.0303030303030303
0.0025974026874026
0.0103896104496104
1E-10
1E-10
1E-10
Gen 493
0.0303030303030303
0.0025974026874026
0.0103896104496104
1E-10
1E-10
1E-10
Gen 494
0.0303030303030303
0.0025974026874026
0.0103896104496104
1E-10
1E-10
1E-10
Gen 495
0.0303030303030303
0.00279063939237844
0.0111625572695138
1E-10
1E-10
1E-10
Gen 496
0.0303030303030303
0.00582094241268147
0.0228972959407742
0.000386473509951691
1E-10
1E-10
Gen 497
0.0303030303030303
0.00572432406019355
0.0228972959407742
1E-10
1E-10
1E-10
Gen 498
0.0303030303030303
0.00572432406019355
0.0228972959407742
1E-10
1E-10
1E-10
Gen 499
0.0692640692640693
0.0064935065785065
0.025974026014026
1E-10
1E-10
1E-10
Gen 500
0.0692640692640693
0.0064935065785065
0.025974026014026
1E-10
1E-10
1E-10
Gen 501
0.0692640692640693
0.00497835506835497
0.0199134199734199
1E-10
1E-10
1E-10
Gen 502
0.0692640692640693
0.00497835506835497
0.0199134199734199
1E-10
1E-10
1E-10
Gen 503
0.0692640692640693
0.00497835506835497
0.0199134199734199
1E-10
1E-10
1E-10
Gen 504
0.0692640692640693
0.00497835506835497
0.0199134199734199
1E-10
1E-10
1E-10
Gen 505
0.0692640692640693
0.00497835506835497
0.0199134199734199
1E-10
1E-10
1E-10
Gen 506
0.0692640692640693
0.0147995483478092
0.0557349896480331
0.00346320354320346
1E-10
1E-10
Gen 507
0.0692640692640693
0.0182627518060126
0.0635271974402409
0.00952380958380952
1E-10
1E-10
Gen 508
0.0692640692640693
0.0173969509452117
0.0635271974402409
0.00606060614060606
1E-10
1E-10
Gen 509
0.0692640692640693
0.0138528139328139
0.0554112554312554
1E-10
1E-10
1E-10
Gen 510
0.0692640692640693
0.0138528139328139
0.0554112554312554
1E-10
1E-10
1E-10
Gen 511
0.0692640692640693
0.0138528139328139
0.0554112554312554
1E-10
1E-10
1E-10
Gen 512
0.0692640692640693
0.00692640701640693
0.0277056277656277
1E-10
1E-10
1E-10
Gen 513
0.0692640692640693
0.00692640701640693
0.0277056277656277
1E-10
1E-10
1E-10
Gen 514
0.0692640692640693
0.00692640701640693
0.0277056277656277
1E-10
1E-10
1E-10
Gen 515
0.0692640692640693
0.00952380959380953
0.0354978354978355
0.0025974026774026
1E-10
1E-10
Gen 516
0.0692640692640693
0.00952380959380953
0.0354978354978355
0.0025974026774026
1E-10
1E-10
Gen 517
0.0692640692640693
0.00692640701640693
0.0277056277656277
1E-10
1E-10
1E-10
Gen 518
0.0692640692640693
0.00692640701640693
0.0277056277656277
1E-10
1E-10
1E-10
Gen 519
0.0692640692640693
0.00692640701640693
0.0277056277656277
1E-10
1E-10
1E-10
Gen 520
1E-10
1E-10
1E-10
1E-10
1E-10
1E-10
Gen 521
0.0606060606060606
0.0090909091759091
0.0363636364036364
1E-10
1E-10
1E-10
Gen 522
0.0606060606060606
0.0090909091759091
0.0363636364036364
1E-10
1E-10
1E-10
Gen 523
0.0606060606060606
0.00606060615060606
0.0242424243024242
1E-10
1E-10
1E-10
Gen 524
0.0606060606060606
0.00606060615060606
0.0242424243024242
1E-10
1E-10
1E-10
Gen 525
0.0606060606060606
0.00606060615060606
0.0242424243024242
1E-10
1E-10
1E-10
Gen 526
0.0606060606060606
0.0173160173860173
0.058008658008658
0.0112554113354113
1E-10
1E-10
Gen 527
0.0606060606060606
0.0173160173860173
0.058008658008658
0.0112554113354113
1E-10
1E-10
Gen 528
0.0606060606060606
0.00606060615060606
0.0242424243024242
1E-10
1E-10
1E-10
Gen 529
0.0606060606060606
0.00606060615060606
0.0242424243024242
1E-10
1E-10
1E-10
Gen 530
1E-10
1E-10
1E-10
1E-10
1E-10
1E-10
Gen 531
1E-10
1E-10
1E-10
1E-10
1E-10
1E-10
Gen 532
1E-10
1E-10
1E-10
1E-10
1E-10
1E-10
Gen 533
1E-10
1E-10
1E-10
1E-10
1E-10
1E-10
Gen 534
1E-10
1E-10
1E-10
1E-10
1E-10
1E-10
Gen 535
1E-10
1E-10
1E-10
1E-10
1E-10
1E-10
Gen 536
1E-10
1E-10
1E-10
1E-10
1E-10
1E-10
Gen 537
1E-10
1E-10
1E-10
1E-10
1E-10
1E-10
Gen 538
0.00432900432900433
0.000216450311450216
0.000865800945800865
1E-10
1E-10
1E-10
Gen 539
0.00432900432900433
0.000216450311450216
0.000865800945800865
1E-10
1E-10
1E-10
Gen 540
0.0289855072463768
0.00166572566876906
0.00666290237507623
1E-10
1E-10
1E-10
Gen 541
1E-10
1E-10
1E-10
1E-10
1E-10
1E-10
Gen 542
0.0476190476190476
0.00476190485190476
0.019047619107619
1E-10
1E-10
1E-10
Gen 543
0.0476190476190476
0.00476190485190476
0.019047619107619
1E-10
1E-10
1E-10
Gen 544
0.0476190476190476
0.00476190485190476
0.019047619107619
1E-10
1E-10
1E-10
Gen 545
0.0476190476190476
0.00476190485190476
0.019047619107619
1E-10
1E-10
1E-10
Gen 546
1E-10
1E-10
1E-10
1E-10
1E-10
1E-10
Gen 547
1E-10
1E-10
1E-10
1E-10
1E-10
1E-10
Gen 548
1E-10
1E-10
1E-10
1E-10
1E-10
1E-10
Gen 549
1E-10
1E-10
1E-10
1E-10
1E-10
1E-10
Gen 550
1E-10
1E-10
1E-10
1E-10
1E-10
1E-10
Gen 551
0.0473429951690821
0.00236714985345411
0.00946859911381643
1E-10
1E-10
1E-10
Gen 552
0.0473429951690821
0.00236714985345411
0.00946859911381643
1E-10
1E-10
1E-10
Gen 553
0.0473429951690821
0.00236714985345411
0.00946859911381643
1E-10
1E-10
1E-10
Gen 554
0.0473429951690821
0.00236714985345411
0.00946859911381643
1E-10
1E-10
1E-10
Gen 555
0.0473429951690821
0.00236714985345411
0.00946859911381643
1E-10
1E-10
1E-10
Gen 556
0.0473429951690821
0.00626325373955801
0.025053014658232
1E-10
1E-10
1E-10
Gen 557
0.0473429951690821
0.00626325373955801
0.025053014658232
1E-10
1E-10
1E-10
Gen 558
1E-10
1E-10
1E-10
1E-10
1E-10
1E-10
Gen 559
1E-10
1E-10
1E-10
1E-10
1E-10
1E-10
Gen 560
1E-10
1E-10
1E-10
1E-10
1E-10
1E-10
Gen 561
0.0173160173160173
0.000865800960800867
0.00346320354320346
1E-10
1E-10
1E-10
Gen 562
0.0173160173160173
0.000865800960800867
0.00346320354320346
1E-10
1E-10
1E-10
Gen 563
0.0173160173160173
0.000865800960800867
0.00346320354320346
1E-10
1E-10
1E-10
Gen 564
0.0173160173160173
0.0025974026824026
0.0103896104296104
1E-10
1E-10
1E-10
Gen 565
0.0173160173160173
0.0025974026824026
0.0103896104296104
1E-10
1E-10
1E-10
Gen 566
1E-10
1E-10
1E-10
1E-10
1E-10
1E-10
Gen 567
1E-10
1E-10
1E-10
1E-10
1E-10
1E-10
Gen 568
1E-10
1E-10
1E-10
1E-10
1E-10
1E-10
Gen 569
1E-10
1E-10
1E-10
1E-10
1E-10
1E-10
Gen 570
1E-10
1E-10
1E-10
1E-10
1E-10
1E-10
Gen 571
1E-10
1E-10
1E-10
1E-10
1E-10
1E-10
Gen 572
0.0173160173160173
0.00173160182160173
0.00692640698640693
1E-10
1E-10
1E-10
Gen 573
0.0202898550724638
0.00274609457022492
0.0109843779808997
1E-10
1E-10
1E-10
Gen 574
0.0202898550724638
0.00337411388889641
0.0134964552555857
1E-10
1E-10
1E-10
Gen 575
0.0476190476190476
0.00813601864080118
0.0300319969885187
0.00251207737468599
1E-10
1E-10
Gen 576
0.0476190476190476
0.00813601864080118
0.0300319969885187
0.00251207737468599
1E-10
1E-10
Gen 577
0.0476190476190476
0.00476190485190476
0.019047619107619
1E-10
1E-10
1E-10
Gen 578
0.0476190476190476
0.00476190485190476
0.019047619107619
1E-10
1E-10
1E-10
Gen 579
0.0476190476190476
0.00476190485190476
0.019047619107619
1E-10
1E-10
1E-10
Gen 580
0.0476190476190476
0.00476190485190476
0.019047619107619
1E-10
1E-10
1E-10
Gen 581
0.0476190476190476
0.00476190485190476
0.019047619107619
1E-10
1E-10
1E-10
Gen 582
0.0476190476190476
0.00584415592915584
0.0233766234166234
1E-10
1E-10
1E-10
Gen 583
0.0476190476190476
0.00584415592915584
0.0233766234166234
1E-10
1E-10
1E-10
Gen 584
0.0476190476190476
0.00584415592915584
0.0233766234166234
1E-10
1E-10
1E-10
Gen 585
0.0476190476190476
0.00584415592915584
0.0233766234166234
1E-10
1E-10
1E-10
Gen 586
0.0476190476190476
0.00787314142640223
0.0314925654056089
1E-10
1E-10
1E-10
Gen 587
0.0476190476190476
0.00787314142640223
0.0314925654056089
1E-10
1E-10
1E-10
Gen 588
0.0476190476190476
0.00787314142640223
0.0314925654056089
1E-10
1E-10
1E-10
Gen 589
0.0476190476190476
0.00476190485190476
0.019047619107619
1E-10
1E-10
1E-10
Gen 590
0.0476190476190476
0.00476190485190476
0.019047619107619
1E-10
1E-10
1E-10
Gen 591
0.0476190476190476
0.00476190485190476
0.019047619107619
1E-10
1E-10
1E-10
Gen 592
0.0476190476190476
0.00476190485190476
0.019047619107619
1E-10
1E-10
1E-10
Gen 593
0.0476190476190476
0.00543823334932022
0.0217529330972809
1E-10
1E-10
1E-10
Gen 594
1E-10
1E-10
1E-10
1E-10
1E-10
1E-10
Gen 595
1E-10
1E-10
1E-10
1E-10
1E-10
1E-10
Gen 596
1E-10
1E-10
1E-10
1E-10
1E-10
1E-10
Gen 597
0.0289855072463768
0.00144927545731884
0.00579710152927536
1E-10
1E-10
1E-10
Gen 598
0.0289855072463768
0.00144927545731884
0.00579710152927536
1E-10
1E-10
1E-10
Gen 599
0.0289855072463768
0.00144927545731884
0.00579710152927536
1E-10
1E-10
1E-10
Gen 600
0.0289855072463768
0.00144927545731884
0.00579710152927536
1E-10
1E-10
1E-10
Gen 601
0.093719806763285
0.00613526579048309
0.0245410628619324
1E-10
1E-10
1E-10
Gen 602
0.093719806763285
0.00613526579048309
0.0245410628619324
1E-10
1E-10
1E-10
Gen 603
0.093719806763285
0.00613526579048309
0.0245410628619324
1E-10
1E-10
1E-10
Gen 604
0.093719806763285
0.00613526579048309
0.0245410628619324
1E-10
1E-10
1E-10
Gen 605
0.093719806763285
0.00613526579048309
0.0245410628619324
1E-10
1E-10
1E-10
Gen 606
0.093719806763285
0.00851621816643548
0.0340648723657419
1E-10
1E-10
1E-10
Gen 607
0.093719806763285
0.0194340925425707
0.0624154589371981
0.0153209110330849
1E-10
1E-10
Gen 608
0.093719806763285
0.0129468599833816
0.0517874396335266
1E-10
1E-10
1E-10
Gen 609
0.093719806763285
0.0129468599833816
0.0517874396335266
1E-10
1E-10
1E-10
Gen 610
0.093719806763285
0.0129468599833816
0.0517874396335266
1E-10
1E-10
1E-10
Gen 611
0.093719806763285
0.0146784617099834
0.0587138465399335
1E-10
1E-10
1E-10
Gen 612
0.093719806763285
0.0146784617099834
0.0587138465399335
1E-10
1E-10
1E-10
Gen 613
0.093719806763285
0.0146784617099834
0.0587138465399335
1E-10
1E-10
1E-10
Gen 614
0.093719806763285
0.0163209737822781
0.0587138465399335
0.00657004838917875
1E-10
1E-10
Gen 615
0.093719806763285
0.00830541447737092
0.0332216576094837
1E-10
1E-10
1E-10
Gen 616
0.093719806763285
0.00830541447737092
0.0332216576094837
1E-10
1E-10
1E-10
Gen 617
0.093719806763285
0.00830541447737092
0.0332216576094837
1E-10
1E-10
1E-10
Gen 618
0.093719806763285
0.00830541447737092
0.0332216576094837
1E-10
1E-10
1E-10
Gen 619
0.093719806763285
0.0139331200950765
0.0557324800803062
1E-10
1E-10
1E-10
Gen 620
0.093719806763285
0.012251709718014
0.049006838572056
1E-10
1E-10
1E-10
Gen 621
0.093719806763285
0.00982056599252244
0.0392822636700897
1E-10
1E-10
1E-10
Gen 622
0.0995670995670996
0.012417968589925
0.0496718740597001
1E-10
1E-10
1E-10
Gen 623
1E-10
1E-10
1E-10
1E-10
1E-10
1E-10
Gen 624
1E-10
1E-10
1E-10
1E-10
1E-10
1E-10
Gen 625
1E-10
1E-10
1E-10
1E-10
1E-10
1E-10
Gen 626
1E-10
1E-10
1E-10
1E-10
1E-10
1E-10
Gen 627
1E-10
1E-10
1E-10
1E-10
1E-10
1E-10
Gen 628
1E-10
1E-10
1E-10
1E-10
1E-10
1E-10
Gen 629
1E-10
1E-10
1E-10
1E-10
1E-10
1E-10
Gen 630
1E-10
1E-10
1E-10
1E-10
1E-10
1E-10
Gen 631
1E-10
1E-10
1E-10
1E-10
1E-10
1E-10
Gen 632
0.0476190476190476
0.00476190485190476
0.019047619107619
1E-10
1E-10
1E-10
Gen 633
0.0476190476190476
0.00476190485190476
0.019047619107619
1E-10
1E-10
1E-10
Gen 634
0.0476190476190476
0.00238095247595238
0.00952380960380952
1E-10
1E-10
1E-10
Gen 635
0.0476190476190476
0.00476190485190476
0.019047619107619
1E-10
1E-10
1E-10
Gen 636
0.209661835748792
0.0338302278232712
0.135320910993085
1E-10
1E-10
1E-10
Gen 637
0.209661835748792
0.0338302278232712
0.135320910993085
1E-10
1E-10
1E-10
Gen 638
0.209661835748792
0.0338302278232712
0.135320910993085
1E-10
1E-10
1E-10
Gen 639
0.209661835748792
0.0338302278232712
0.135320910993085
1E-10
1E-10
1E-10
Gen 640
0.209661835748792
0.0388085827866262
0.144844720496894
0.0103896104496104
1E-10
1E-10
Gen 641
0.209661835748792
0.0209661836648792
0.0838647343595169
1E-10
1E-10
1E-10
Gen 642
0.209661835748792
0.0209661836648792
0.0838647343595169
1E-10
1E-10
1E-10
Gen 643
0.209661835748792
0.0209661836648792
0.0838647343595169
1E-10
1E-10
1E-10
Gen 644
0.209661835748792
0.0233471360408316
0.0933885438633264
1E-10
1E-10
1E-10
Gen 645
0.209661835748792
0.0233471360408316
0.0933885438633264
1E-10
1E-10
1E-10
Gen 646
0.209661835748792
0.0233471360408316
0.0933885438633264
1E-10
1E-10
1E-10
Gen 647
0.209661835748792
0.0249413389343823
0.0997653554375293
1E-10
1E-10
1E-10
Gen 648
0.209661835748792
0.0363586172731824
0.112436162870945
0.0295351025785808
0.00346320354320346
1E-10
Gen 649
0.209661835748792
0.0301380262949828
0.112436162870945
0.00811594210898551
1E-10
1E-10
Gen 650
0.209661835748792
0.0209661836648792
0.0838647343595169
1E-10
1E-10
1E-10
Gen 651
0.209661835748792
0.0209661836648792
0.0838647343595169
1E-10
1E-10
1E-10
Gen 652
0.209661835748792
0.0209661836648792
0.0838647343595169
1E-10
1E-10
1E-10
Gen 653
0.209661835748792
0.0209661836648792
0.0838647343595169
1E-10
1E-10
1E-10
Gen 654
0.209661835748792
0.0233471360408316
0.0933885438633264
1E-10
1E-10
1E-10
Gen 655
0.209661835748792
0.0233471360408316
0.0933885438633264
1E-10
1E-10
1E-10
Gen 656
0.209661835748792
0.0233471360408316
0.0933885438633264
1E-10
1E-10
1E-10
Gen 657
0.209661835748792
0.0233471360408316
0.0933885438633264
1E-10
1E-10
1E-10
Gen 658
0.209661835748792
0.0233471360408316
0.0933885438633264
1E-10
1E-10
1E-10
Gen 659
0.209661835748792
0.0233471360408316
0.0933885438633264
1E-10
1E-10
1E-10
Gen 660
0.209661835748792
0.0233471360408316
0.0933885438633264
1E-10
1E-10
1E-10
Gen 661
0.209661835748792
0.0233471360408316
0.0933885438633264
1E-10
1E-10
1E-10
Gen 662
1E-10
1E-10
1E-10
1E-10
1E-10
1E-10
Gen 663
1E-10
1E-10
1E-10
1E-10
1E-10
1E-10
Gen 664
1E-10
1E-10
1E-10
1E-10
1E-10
1E-10
Gen 665
0.0476190476190476
0.00238095247595238
0.00952380960380952
1E-10
1E-10
1E-10
Gen 666
0.0476190476190476
0.00584415592915584
0.0233766234166234
1E-10
1E-10
1E-10
Gen 667
0.0476190476190476
0.00584415592915584
0.0233766234166234
1E-10
1E-10
1E-10
Gen 668
0.0476190476190476
0.00411255420255411
0.0164502165102164
1E-10
1E-10
1E-10
Gen 669
0.0476190476190476
0.00411255420255411
0.0164502165102164
1E-10
1E-10
1E-10
Gen 670
0.0476190476190476
0.00411255420255411
0.0164502165102164
1E-10
1E-10
1E-10
Gen 671
0.0476190476190476
0.00411255420255411
0.0164502165102164
1E-10
1E-10
1E-10
Gen 672
0.0476190476190476
0.00411255420255411
0.0164502165102164
1E-10
1E-10
1E-10
Gen 673
0.0476190476190476
0.00831545273827876
0.033261810653115
1E-10
1E-10
1E-10
Gen 674
0.0476190476190476
0.00691448655970388
0.0276579459388155
1E-10
1E-10
1E-10
Gen 675
0.0476190476190476
0.00691448655970388
0.0276579459388155
1E-10
1E-10
1E-10
Gen 676
0.0476190476190476
0.00691448655970388
0.0276579459388155
1E-10
1E-10
1E-10
Gen 677
0.0476190476190476
0.00691448655970388
0.0276579459388155
1E-10
1E-10
1E-10
Gen 678
0.0476190476190476
0.00691448655970388
0.0276579459388155
1E-10
1E-10
1E-10
Gen 679
0.0476190476190476
0.00691448655970388
0.0276579459388155
1E-10
1E-10
1E-10
Gen 680
0.0476190476190476
0.00691448655970388
0.0276579459388155
1E-10
1E-10
1E-10
Gen 681
0.0476190476190476
0.00691448655970388
0.0276579459388155
1E-10
1E-10
1E-10
Gen 682
0.0476190476190476
0.00411255420255411
0.0164502165102164
1E-10
1E-10
1E-10
Gen 683
0.0476190476190476
0.00411255420255411
0.0164502165102164
1E-10
1E-10
1E-10
Gen 684
0.0173160173160173
0.00173160182160173
0.00692640698640693
1E-10
1E-10
1E-10
Gen 685
0.0173160173160173
0.00173160182160173
0.00692640698640693
1E-10
1E-10
1E-10
Gen 686
0.0173160173160173
0.00173160182160173
0.00692640698640693
1E-10
1E-10
1E-10
Gen 687
0.038961038961039
0.00367965376465367
0.0147186147586147
1E-10
1E-10
1E-10
Gen 688
0.038961038961039
0.00367965376465367
0.0147186147586147
1E-10
1E-10
1E-10
Gen 689
0.0476190476190476
0.00844155851655845
0.0337662337662338
1E-10
1E-10
1E-10
Gen 690
0.0476190476190476
0.00844155851655845
0.0337662337662338
1E-10
1E-10
1E-10
Gen 691
0.0476190476190476
0.00844155851655845
0.0337662337662338
1E-10
1E-10
1E-10
Gen 692
0.0476190476190476
0.00844155851655845
0.0337662337662338
1E-10
1E-10
1E-10
Gen 693
0.0476190476190476
0.00757575765575758
0.0303030303230303
1E-10
1E-10
1E-10
Gen 694
0.0476190476190476
0.0104743083653953
0.0345692954388607
0.00732793782272037
1E-10
1E-10
Gen 695
0.0476190476190476
0.0096085075045944
0.0345692954388607
0.00386473437951691
1E-10
1E-10
Gen 696
0.0579710144927536
0.0134732418041113
0.0500282326369283
0.00386473437951691
1E-10
1E-10
Gen 697
0.0579710144927536
0.0173693456852152
0.0500282326369283
0.0194491499039325
1E-10
1E-10
Gen 698
0.0579710144927536
0.0138057595279334
0.0500282326369283
0.0051948052748052
1E-10
1E-10
Gen 699
0.0579710144927536
0.0129399586671325
0.05175983436853
1E-10
1E-10
1E-10
Gen 700
0.0579710144927536
0.00579710153927536
0.0231884058571014
1E-10
1E-10
1E-10
Gen 701
0.0579710144927536
0.00796160369877753
0.0318464144951101
1E-10
1E-10
1E-10
Gen 702
0.0579710144927536
0.00796160369877753
0.0318464144951101
1E-10
1E-10
1E-10
Gen 703
1E-10
1E-10
1E-10
1E-10
1E-10
1E-10
Gen 704
1E-10
1E-10
1E-10
1E-10
1E-10
1E-10
Gen 705
1E-10
1E-10
1E-10
1E-10
1E-10
1E-10
Gen 706
1E-10
1E-10
1E-10
1E-10
1E-10
1E-10
Gen 707
1E-10
1E-10
1E-10
1E-10
1E-10
1E-10
Gen 708
1E-10
1E-10
1E-10
1E-10
1E-10
1E-10
Gen 709
0.0476190476190476
0.00238095247595238
0.00952380960380952
1E-10
1E-10
1E-10
Gen 710
0.0476190476190476
0.00238095247595238
0.00952380960380952
1E-10
1E-10
1E-10
Gen 711
0.0476190476190476
0.00238095247595238
0.00952380960380952
1E-10
1E-10
1E-10
Gen 712
0.0476190476190476
0.00324675332175324
0.012987012987013
1E-10
1E-10
1E-10
Gen 713
0.0476190476190476
0.00353660838921701
0.0132806324110672
0.000865800945800865
1E-10
1E-10
Gen 714
0.0476190476190476
0.00591756076516939
0.0219386410690759
0.00173160179160173
1E-10
1E-10
Gen 715
0.0476190476190476
0.00763347769847764
0.0288023088023088
0.00173160179160173
1E-10
1E-10
Gen 716
0.0476190476190476
0.00893217899717894
0.0337034945730598
0.00202522121565594
1E-10
1E-10
Gen 717
1E-10
1E-10
1E-10
1E-10
1E-10
1E-10
Gen 718
1E-10
1E-10
1E-10
1E-10
1E-10
1E-10
Gen 719
1E-10
1E-10
1E-10
1E-10
1E-10
1E-10
Gen 720
0.0692640692640693
0.00346320355820346
0.0138528139328138
1E-10
1E-10
1E-10
Gen 721
0.0692640692640693
0.00346320355820346
0.0138528139328138
1E-10
1E-10
1E-10
Gen 722
0.0692640692640693
0.00346320355820346
0.0138528139328138
1E-10
1E-10
1E-10
Gen 723
0.0692640692640693
0.00781102963015999
0.0312441182206399
1E-10
1E-10
1E-10
Gen 724
0.0692640692640693
0.00781102963015999
0.0312441182206399
1E-10
1E-10
1E-10
Gen 725
0.0692640692640693
0.0130058348099652
0.04042913608131
0.0115942029585507
1E-10
1E-10
Gen 726
0.0692640692640693
0.00735930744430737
0.0294372294772294
1E-10
1E-10
1E-10
Gen 727
0.0692640692640693
0.00562770571770562
0.0225108225708225
1E-10
1E-10
1E-10
Gen 728
0.0692640692640693
0.00562770571770562
0.0225108225708225
1E-10
1E-10
1E-10
Gen 729
0.0692640692640693
0.00606060614560606
0.0242424242824242
1E-10
1E-10
1E-10
Gen 730
0.0692640692640693
0.00606060614560606
0.0242424242824242
1E-10
1E-10
1E-10
Gen 731
0.0692640692640693
0.00606060614560606
0.0242424242824242
1E-10
1E-10
1E-10
Gen 732
0.0909090909090909
0.00627705634705628
0.0242424242424242
0.000865800945800865
1E-10
1E-10
Gen 733
0.0909090909090909
0.0188311688861688
0.0597402597402597
0.0155844156044156
1E-10
1E-10
Gen 734
0.0909090909090909
0.017965368030368
0.0597402597402597
0.0121212121812121
1E-10
1E-10
Gen 735
0.0909090909090909
0.017965368030368
0.0597402597402597
0.0121212121812121
1E-10
1E-10
Gen 736
0.0909090909090909
0.00714285723285715
0.0285714286314286
1E-10
1E-10
1E-10
Gen 737
0.0909090909090909
0.00762594901529676
0.030503795761187
1E-10
1E-10
1E-10
Gen 738
0.0909090909090909
0.00762594901529676
0.030503795761187
1E-10
1E-10
1E-10
Gen 739
0.0909090909090909
0.00762594901529676
0.030503795761187
1E-10
1E-10
1E-10
Gen 740
0.0952380952380952
0.0227743271921532
0.0807076980990024
0.0103896104696104
1E-10
1E-10
Gen 741
0.0952380952380952
0.0234989648583126
0.0807076980990024
0.0132881611342481
1E-10
1E-10
Gen 742
0.0952380952380952
0.0227743271921532
0.0807076980990024
0.0103896104696104
1E-10
1E-10
Gen 743
0.0952380952380952
0.0227743271921532
0.0807076980990024
0.0103896104696104
1E-10
1E-10
Gen 744
0.0952380952380952
0.0273197817326078
0.0843967626576322
0.0248823640727988
1E-10
1E-10
Gen 745
0.0952380952380952
0.00930735939735932
0.0372294372894372
1E-10
1E-10
1E-10
Gen 746
0.0952380952380952
0.00930735939735932
0.0372294372894372
1E-10
1E-10
1E-10
Gen 747
0.0952380952380952
0.00930735939735932
0.0372294372894372
1E-10
1E-10
1E-10
Gen 748
0.0952380952380952
0.00930735939735932
0.0372294372894372
1E-10
1E-10
1E-10
Gen 749
0.0952380952380952
0.00930735939735932
0.0372294372894372
1E-10
1E-10
1E-10
Gen 750
0.0952380952380952
0.013413639585596
0.0536545580423841
1E-10
1E-10
1E-10
Gen 751
0.0952380952380952
0.00930735939735932
0.0372294372894372
1E-10
1E-10
1E-10
Gen 752
0.0952380952380952
0.00930735939735932
0.0372294372894372
1E-10
1E-10
1E-10
Gen 753
0.0952380952380952
0.00930735939735932
0.0372294372894372
1E-10
1E-10
1E-10
Gen 754
0.0952380952380952
0.00930735939735932
0.0372294372894372
1E-10
1E-10
1E-10
Gen 755
0.0952380952380952
0.0132034632834632
0.0528138528338528
1E-10
1E-10
1E-10
Gen 756
0.0952380952380952
0.0132034632834632
0.0528138528338528
1E-10
1E-10
1E-10
Gen 757
0.0952380952380952
0.0132034632834632
0.0528138528338528
1E-10
1E-10
1E-10
Gen 758
0.0952380952380952
0.0132034632834632
0.0528138528338528
1E-10
1E-10
1E-10
Gen 759
0.0952380952380952
0.00930735939735932
0.0372294372894372
1E-10
1E-10
1E-10
Gen 760
0.0952380952380952
0.00930735939735932
0.0372294372894372
1E-10
1E-10
1E-10
Gen 761
0.0952380952380952
0.00930735939735932
0.0372294372894372
1E-10
1E-10
1E-10
Gen 762
0.0952380952380952
0.00930735939735932
0.0372294372894372
1E-10
1E-10
1E-10
Gen 763
0.0952380952380952
0.00930735939735932
0.0372294372894372
1E-10
1E-10
1E-10
Gen 764
0.0952380952380952
0.00930735939735932
0.0372294372894372
1E-10
1E-10
1E-10
Gen 765
0.0952380952380952
0.00974214200105497
0.0389685677042198
1E-10
1E-10
1E-10
Gen 766
0.0952380952380952
0.0116261999670695
0.0465047995682778
1E-10
1E-10
1E-10
Gen 767
0.0952380952380952
0.0113846540783497
0.0455386160133986
1E-10
1E-10
1E-10
Gen 768
0.0952380952380952
0.0113846540783497
0.0455386160133986
1E-10
1E-10
1E-10
Gen 769
0.0952380952380952
0.0127705628405628
0.0493506493506494
0.00173160181160173
1E-10
1E-10
Gen 770
0.0952380952380952
0.0123376624126623
0.0493506493506494
1E-10
1E-10
1E-10
Gen 771
0.0952380952380952
0.0123376624126623
0.0493506493506494
1E-10
1E-10
1E-10
Gen 772
0.0952380952380952
0.0123376624126623
0.0493506493506494
1E-10
1E-10
1E-10
Gen 773
0.0952380952380952
0.0147066943319117
0.0512905452035887
0.00753623192405797
1E-10
1E-10
Gen 774
0.0952380952380952
0.0146583851581677
0.0512905452035887
0.00734299522908213
1E-10
1E-10
Gen 775
0.0952380952380952
0.00930735939735932
0.0372294372894372
1E-10
1E-10
1E-10
Gen 776
0.0952380952380952
0.0119047619847619
0.0476190476390476
1E-10
1E-10
1E-10
Gen 777
0.0952380952380952
0.0119047619847619
0.0476190476390476
1E-10
1E-10
1E-10
Gen 778
0.0952380952380952
0.0119047619847619
0.0476190476390476
1E-10
1E-10
1E-10
Gen 779
0.0952380952380952
0.0132034632784632
0.0528138528138528
1E-10
1E-10
1E-10
Gen 780
0.0952380952380952
0.0119047619847619
0.0476190476390476
1E-10
1E-10
1E-10
Gen 781
0.0952380952380952
0.0166666667266667
0.0554112554112554
0.0112554112954113
1E-10
1E-10
Gen 782
0.0952380952380952
0.0151515152215152
0.0554112554112554
0.0051948052748052
1E-10
1E-10
Gen 783
0.0952380952380952
0.0123376624176623
0.0493506493706494
1E-10
1E-10
1E-10
Gen 784
0.0952380952380952
0.0123376624176623
0.0493506493706494
1E-10
1E-10
1E-10
Gen 785
0.0952380952380952
0.0123376624176623
0.0493506493706494
1E-10
1E-10
1E-10
Gen 786
0.0952380952380952
0.00930735939735932
0.0372294372894372
1E-10
1E-10
1E-10
Gen 787
0.0952380952380952
0.0151044608216347
0.0546207415772633
0.00579710150927536
1E-10
1E-10
Gen 788
0.0952380952380952
0.00930735939735932
0.0372294372894372
1E-10
1E-10
1E-10
Gen 789
0.0952380952380952
0.0140692641492641
0.0562770562970563
1E-10
1E-10
1E-10
Gen 790
0.0952380952380952
0.0140692641492641
0.0562770562970563
1E-10
1E-10
1E-10
Gen 791
0.0952380952380952
0.00930735939735932
0.0372294372894372
1E-10
1E-10
1E-10
Gen 792
0.0952380952380952
0.00930735939735932
0.0372294372894372
1E-10
1E-10
1E-10
Gen 793
1E-10
1E-10
1E-10
1E-10
1E-10
1E-10
Gen 794
1E-10
1E-10
1E-10
1E-10
1E-10
1E-10
Gen 795
0.00865800865800866
0.000432900527900433
0.00173160181160173
1E-10
1E-10
1E-10
Gen 796
0.00865800865800866
0.000432900527900433
0.00173160181160173
1E-10
1E-10
1E-10
Gen 797
0.108225108225108
0.00757575764575758
0.0285714285714286
0.00173160181160173
1E-10
1E-10
Gen 798
0.108225108225108
0.00670995678995672
0.0268398268598268
1E-10
1E-10
1E-10
Gen 799
0.108225108225108
0.00995671003170997
0.0398268398268398
1E-10
1E-10
1E-10
Gen 800
0.108225108225108
0.00952380960380953
0.0380952381152381
1E-10
1E-10
1E-10
Gen 801
0.108225108225108
0.00952380960380953
0.0380952381152381
1E-10
1E-10
1E-10
Gen 802
0.108225108225108
0.00865800874800867
0.0346320346920346
1E-10
1E-10
1E-10
Gen 803
0.108225108225108
0.00865800874800867
0.0346320346920346
1E-10
1E-10
1E-10
Gen 804
0.108225108225108
0.00865800874800867
0.0346320346920346
1E-10
1E-10
1E-10
Gen 805
0.108225108225108
0.00865800874800867
0.0346320346920346
1E-10
1E-10
1E-10
Gen 806
0.108225108225108
0.00865800874800867
0.0346320346920346
1E-10
1E-10
1E-10
Gen 807
0.108225108225108
0.00865800874800867
0.0346320346920346
1E-10
1E-10
1E-10
Gen 808
0.108225108225108
0.00865800874800867
0.0346320346920346
1E-10
1E-10
1E-10
Gen 809
0.108225108225108
0.00865800874800867
0.0346320346920346
1E-10
1E-10
1E-10
Gen 810
0.108225108225108
0.00865800874800867
0.0346320346920346
1E-10
1E-10
1E-10
Gen 811
0.108225108225108
0.00865800874800867
0.0346320346920346
1E-10
1E-10
1E-10
Gen 812
0.108225108225108
0.00865800874800867
0.0346320346920346
1E-10
1E-10
1E-10
Gen 813
0.108225108225108
0.00865800874800867
0.0346320346920346
1E-10
1E-10
1E-10
Gen 814
0.108225108225108
0.00865800874800867
0.0346320346920346
1E-10
1E-10
1E-10
Gen 815
0.108225108225108
0.00865800874800867
0.0346320346920346
1E-10
1E-10
1E-10
Gen 816
0.108225108225108
0.0109768493077188
0.0415885563711651
0.00231884065971014
1E-10
1E-10
Gen 817
0.108225108225108
0.00865800874800867
0.0346320346920346
1E-10
1E-10
1E-10
Gen 818
0.108225108225108
0.00914110052544828
0.0365644018017931
1E-10
1E-10
1E-10
Gen 819
0.108225108225108
0.00889955463672847
0.0355982182469139
1E-10
1E-10
1E-10
Gen 820
0.108225108225108
0.00889955463672847
0.0355982182469139
1E-10
1E-10
1E-10
Gen 821
0.108225108225108
0.0114969572291311
0.0459878286165242
1E-10
1E-10
1E-10
Gen 822
0.108225108225108
0.0134776335576335
0.0539105339305339
1E-10
1E-10
1E-10
Gen 823
0.108225108225108
0.0134776335576335
0.0539105339305339
1E-10
1E-10
1E-10
Gen 824
0.108225108225108
0.0134776335576335
0.0539105339305339
1E-10
1E-10
1E-10
Gen 825
0.108225108225108
0.0135259427313774
0.0541037706255098
1E-10
1E-10
1E-10
Gen 826
0.108225108225108
0.0152650731661601
0.0610602923646402
1E-10
1E-10
1E-10
Gen 827
0.108225108225108
0.0200269779230648
0.072958152958153
0.00714975853410628
1E-10
1E-10
Gen 828
0.108225108225108
0.0329738378014465
0.0764815860468034
0.0492301900997553
0.00618357495922705
1E-10
Gen 829
0.108225108225108
0.0101731602631602
0.0406926407526407
1E-10
1E-10
1E-10
Gen 830
0.108225108225108
0.0101731602631602
0.0406926407526407
1E-10
1E-10
1E-10
Gen 831
0.108225108225108
0.0101731602631602
0.0406926407526407
1E-10
1E-10
1E-10
Gen 832
0.108225108225108
0.0101731602631602
0.0406926407526407
1E-10
1E-10
1E-10
Gen 833
0.108225108225108
0.0101731602631602
0.0406926407526407
1E-10
1E-10
1E-10
Gen 834
0.108225108225108
0.0101731602631602
0.0406926407526407
1E-10
1E-10
1E-10
Gen 835
0.108225108225108
0.0101731602631602
0.0406926407526407
1E-10
1E-10
1E-10
Gen 836
0.108225108225108
0.0231601732351732
0.0926406926406926
1E-10
1E-10
1E-10
Gen 837
0.108225108225108
0.0279220779870779
0.0926406926406926
0.019047619107619
1E-10
1E-10
Gen 838
0.108225108225108
0.0255411256111255
0.0926406926406926
0.00952380960380952
1E-10
1E-10
Gen 839
0.108225108225108
0.0188311689111688
0.0753246753446753
1E-10
1E-10
1E-10
Gen 840
0.108225108225108
0.0188311689111688
0.0753246753446753
1E-10
1E-10
1E-10
Gen 841
0.108225108225108
0.0149350650150649
0.0597402597602597
1E-10
1E-10
1E-10
Gen 842
0.108225108225108
0.0149350650150649
0.0597402597602597
1E-10
1E-10
1E-10
Gen 843
0.12463768115942
0.021166949068036
0.0846677959721438
1E-10
1E-10
1E-10
Gen 844
0.12463768115942
0.021166949068036
0.0846677959721438
1E-10
1E-10
1E-10
Gen 845
0.12463768115942
0.021166949068036
0.0846677959721438
1E-10
1E-10
1E-10
Gen 846
0.12463768115942
0.021166949068036
0.0846677959721438
1E-10
1E-10
1E-10
Gen 847
0.12463768115942
0.0228985507996377
0.0915942028985507
1E-10
1E-10
1E-10
Gen 848
0.12463768115942
0.0401888450314537
0.11573373486417
0.045021645061645
1E-10
1E-10
Gen 849
0.12463768115942
0.0237643516704386
0.0950574063817542
1E-10
1E-10
1E-10
Gen 850
0.12463768115942
0.0237643516704386
0.0950574063817542
1E-10
1E-10
1E-10
Gen 851
0.12463768115942
0.0237643516704386
0.0950574063817542
1E-10
1E-10
1E-10
Gen 852
0.12463768115942
0.0237643516704386
0.0950574063817542
1E-10
1E-10
1E-10
Gen 853
0.12463768115942
0.0296085074995944
0.102849614153962
0.0155844156444156
1E-10
1E-10
Gen 854
0.12463768115942
0.0296085074995944
0.102849614153962
0.0155844156444156
1E-10
1E-10
Gen 855
0.12463768115942
0.0237643516704386
0.0950574063817542
1E-10
1E-10
1E-10
Gen 856
0.12463768115942
0.0237643516704386
0.0950574063817542
1E-10
1E-10
1E-10
Gen 857
0.203463203463203
0.0620760399621269
0.178174289478637
0.0701298701698701
1E-10
1E-10
Gen 858
0.203463203463203
0.0203463204363204
0.0813852814452814
1E-10
1E-10
1E-10
Gen 859
0.203463203463203
0.0216450217250217
0.0865800866000866
1E-10
1E-10
1E-10
Gen 860
0.203463203463203
0.0229437230187229
0.0917748917748918
1E-10
1E-10
1E-10
Gen 861
0.203463203463203
0.0281385281935281
0.096969696969697
0.0155844156044156
1E-10
1E-10
Gen 862
0.203463203463203
0.0372294372944372
0.138528138528139
0.0103896104496104
1E-10
1E-10
Gen 863
0.203463203463203
0.0380952381552381
0.138528138528139
0.0138528138928139
1E-10
1E-10
Gen 864
0.203463203463203
0.0269615409495844
0.107846163498337
1E-10
1E-10
1E-10
Gen 865
0.219323671497585
0.0503601230238186
0.161613652048435
0.0398268398468398
1E-10
1E-10
Gen 866
0.219323671497585
0.0375895602782559
0.150358240813023
1E-10
1E-10
1E-10
Gen 867
1E-10
1E-10
1E-10
1E-10
1E-10
1E-10
Gen 868
0.0772946859903382
0.00451408503886755
0.0180563398554702
1E-10
1E-10
1E-10
Gen 869
0.0772946859903382
0.00451408503886755
0.0180563398554702
1E-10
1E-10
1E-10
Gen 870
0.0772946859903382
0.00451408503886755
0.0180563398554702
1E-10
1E-10
1E-10
Gen 871
0.0772946859903382
0.00451408503886755
0.0180563398554702
1E-10
1E-10
1E-10
Gen 872
0.0772946859903382
0.00451408503886755
0.0180563398554702
1E-10
1E-10
1E-10
Gen 873
0.0772946859903382
0.00451408503886755
0.0180563398554702
1E-10
1E-10
1E-10
Gen 874
0.0772946859903382
0.00712278068104148
0.0284911224241659
1E-10
1E-10
1E-10
Gen 875
0.0772946859903382
0.00712278068104148
0.0284911224241659
1E-10
1E-10
1E-10
Gen 876
0.0772946859903382
0.00516908221560386
0.0206763285624155
1E-10
1E-10
1E-10
Gen 877
0.0772946859903382
0.00755003459155625
0.030200138066225
1E-10
1E-10
1E-10
Gen 878
0.0772946859903382
0.00755003459155625
0.030200138066225
1E-10
1E-10
1E-10
Gen 879
0.0772946859903382
0.00755003459155625
0.030200138066225
1E-10
1E-10
1E-10
Gen 880
0.0772946859903382
0.00755003459155625
0.030200138066225
1E-10
1E-10
1E-10
Gen 881
0.012987012987013
0.000649350744350649
0.0025974026774026
1E-10
1E-10
1E-10
Gen 882
0.012987012987013
0.000649350744350649
0.0025974026774026
1E-10
1E-10
1E-10
Gen 883
0.012987012987013
0.000649350744350649
0.0025974026774026
1E-10
1E-10
1E-10
Gen 884
0.012987012987013
0.000649350744350649
0.0025974026774026
1E-10
1E-10
1E-10
Gen 885
0.012987012987013
0.000649350744350649
0.0025974026774026
1E-10
1E-10
1E-10
Gen 886
0.038961038961039
0.0064935065735065
0.025974025994026
1E-10
1E-10
1E-10
Gen 887
0.038961038961039
0.0064935065735065
0.025974025994026
1E-10
1E-10
1E-10
Gen 888
0.038961038961039
0.0064935065735065
0.025974025994026
1E-10
1E-10
1E-10
Gen 889
0.038961038961039
0.00765292685836157
0.0306117071334463
1E-10
1E-10
1E-10
Gen 890
0.0865800865800866
0.0113325805380153
0.045330321852061
1E-10
1E-10
1E-10
Gen 891
0.0865800865800866
0.0101731602531602
0.0406926407126407
1E-10
1E-10
1E-10
Gen 892
0.0865800865800866
0.0145021645771645
0.058008658008658
1E-10
1E-10
1E-10
Gen 893
0.0865800865800866
0.020995671055671
0.0606060606060606
0.0233766234166234
1E-10
1E-10
Gen 894
0.0865800865800866
0.0188311688911688
0.0606060606060606
0.0147186147586147
1E-10
1E-10
Gen 895
0.0865800865800866
0.0170995671695671
0.0606060606060606
0.00779220787220779
1E-10
1E-10
Gen 896
0.0865800865800866
0.0170995671695671
0.0606060606060606
0.00779220787220779
1E-10
1E-10
Gen 897
0.0865800865800866
0.0170995671695671
0.0606060606060606
0.00779220787220779
1E-10
1E-10
Gen 898
0.0865800865800866
0.0170995671695671
0.0606060606060606
0.00779220787220779
1E-10
1E-10
Gen 899
0.0865800865800866
0.012987013067013
0.0519480519680519
1E-10
1E-10
1E-10
Gen 900
0.0865800865800866
0.0195570613661917
0.0695702365267583
0.00865800873800866
1E-10
1E-10
Gen 901
0.0865800865800866
0.0195570613661917
0.0695702365267583
0.00865800873800866
1E-10
1E-10
Gen 902
0.0865800865800866
0.0152280570471874
0.0609122278887496
1E-10
1E-10
1E-10
Gen 903
0.0865800865800866
0.0152280570471874
0.0609122278887496
1E-10
1E-10
1E-10
Gen 904
0.0865800865800866
0.0152280570471874
0.0609122278887496
1E-10
1E-10
1E-10
Gen 905
0.0865800865800866
0.00865800874800867
0.0346320346920346
1E-10
1E-10
1E-10
Gen 906
0.0865800865800866
0.00865800874800867
0.0346320346920346
1E-10
1E-10
1E-10
Gen 907
0.0865800865800866
0.0112554113404113
0.045021645061645
1E-10
1E-10
1E-10
Gen 908
0.0865800865800866
0.0103896104746104
0.0415584415984416
1E-10
1E-10
1E-10
Gen 909
0.0865800865800866
0.00865800874800867
0.0346320346920346
1E-10
1E-10
1E-10
Gen 910
0.0865800865800866
0.00865800874800867
0.0346320346920346
1E-10
1E-10
1E-10
Gen 911
0.203463203463203
0.0391774892524892
0.156709956709957
1E-10
1E-10
1E-10
Gen 912
0.203463203463203
0.0391774892524892
0.156709956709957
1E-10
1E-10
1E-10
Gen 913
0.203463203463203
0.0435064935764935
0.156709956709957
0.0173160173960173
1E-10
1E-10
Gen 914
0.203463203463203
0.0465367965967965
0.156709956709957
0.0294372294772294
1E-10
1E-10
Gen 915
0.203463203463203
0.045021645086645
0.156709956709957
0.0233766234366234
1E-10
1E-10
Gen 916
0.203463203463203
0.0495670996270996
0.157575757575758
0.0406926407326407
1E-10
1E-10
Gen 917
1E-10
1E-10
1E-10
1E-10
1E-10
1E-10
Gen 918
1E-10
1E-10
1E-10
1E-10
1E-10
1E-10
Gen 919
0.0779220779220779
0.0145385533092054
0.0581542129368216
1E-10
1E-10
1E-10
Gen 920
0.0779220779220779
0.0134757513818383
0.053903005227353
1E-10
1E-10
1E-10
Gen 921
0.0779220779220779
0.0134757513818383
0.053903005227353
1E-10
1E-10
1E-10
Gen 922
0.0779220779220779
0.0134757513818383
0.053903005227353
1E-10
1E-10
1E-10
Gen 923
0.0779220779220779
0.0134757513818383
0.053903005227353
1E-10
1E-10
1E-10
Gen 924
0.0779220779220779
0.0134757513818383
0.053903005227353
1E-10
1E-10
1E-10
Gen 925
0.0779220779220779
0.0134757513818383
0.053903005227353
1E-10
1E-10
1E-10
Gen 926
0.0779220779220779
0.0077922078822078
0.0311688312288312
1E-10
1E-10
1E-10
Gen 927
0.0779220779220779
0.0077922078822078
0.0311688312288312
1E-10
1E-10
1E-10
Gen 928
0.042512077294686
0.00407365590278624
0.016294623311145
1E-10
1E-10
1E-10
Gen 929
0.042512077294686
0.00407365590278624
0.016294623311145
1E-10
1E-10
1E-10
Gen 930
1E-10
1E-10
1E-10
1E-10
1E-10
1E-10
Gen 931
1E-10
1E-10
1E-10
1E-10
1E-10
1E-10
Gen 932
1E-10
1E-10
1E-10
1E-10
1E-10
1E-10
Gen 933
1E-10
1E-10
1E-10
1E-10
1E-10
1E-10
Gen 934
1E-10
1E-10
1E-10
1E-10
1E-10
1E-10
Gen 935
1E-10
1E-10
1E-10
1E-10
1E-10
1E-10
Gen 936
1E-10
1E-10
1E-10
1E-10
1E-10
1E-10
Gen 937
1E-10
1E-10
1E-10
1E-10
1E-10
1E-10
Gen 938
1E-10
1E-10
1E-10
1E-10
1E-10
1E-10
Gen 939
1E-10
1E-10
1E-10
1E-10
1E-10
1E-10
Gen 940
1E-10
1E-10
1E-10
1E-10
1E-10
1E-10
Gen 941
0.00579710144927536
0.000579710234927536
0.00231884063971014
1E-10
1E-10
1E-10
Gen 942
0.00579710144927536
0.000579710234927536
0.00231884063971014
1E-10
1E-10
1E-10
Gen 943
0.00579710144927536
0.000579710234927536
0.00231884063971014
1E-10
1E-10
1E-10
Gen 944
0.00579710144927536
0.000579710234927536
0.00231884063971014
1E-10
1E-10
1E-10
Gen 945
0.0735930735930736
0.00425936390958121
0.0170374553383249
1E-10
1E-10
1E-10
Gen 946
0.0735930735930736
0.0137831734133907
0.0528138528138528
0.00231884063971014
1E-10
1E-10
Gen 947
0.0735930735930736
0.0108225109025108
0.0432900433100433
1E-10
1E-10
1E-10
Gen 948
0.0735930735930736
0.0108225109025108
0.0432900433100433
1E-10
1E-10
1E-10
Gen 949
0.0735930735930736
0.0108225109025108
0.0432900433100433
1E-10
1E-10
1E-10
Gen 950
0.0735930735930736
0.0108225109025108
0.0432900433100433
1E-10
1E-10
1E-10
Gen 951
0.0735930735930736
0.00606060615060606
0.0242424243024242
1E-10
1E-10
1E-10
Gen 952
0.0735930735930736
0.00606060615060606
0.0242424243024242
1E-10
1E-10
1E-10
Gen 953
0.0735930735930736
0.00844155852655845
0.0337662338062338
1E-10
1E-10
1E-10
Gen 954
0.0735930735930736
0.00844155852655845
0.0337662338062338
1E-10
1E-10
1E-10
Gen 955
0.0735930735930736
0.00844155852655845
0.0337662338062338
1E-10
1E-10
1E-10
Gen 956
0.0735930735930736
0.0113401092411961
0.0453604366647845
1E-10
1E-10
1E-10
Gen 957
0.0735930735930736
0.0113401092411961
0.0453604366647845
1E-10
1E-10
1E-10
Gen 958
0.0735930735930736
0.00606060615060606
0.0242424243024242
1E-10
1E-10
1E-10
Gen 959
0.0735930735930736
0.0199736495988669
0.052068511198946
0.0278260869965217
1E-10
1E-10
Gen 960
0.0735930735930736
0.00606060615060606
0.0242424243024242
1E-10
1E-10
1E-10
Gen 961
0.0735930735930736
0.00606060615060606
0.0242424243024242
1E-10
1E-10
1E-10
Gen 962
0.0735930735930736
0.00606060615060606
0.0242424243024242
1E-10
1E-10
1E-10
Gen 963
0.0735930735930736
0.00606060615060606
0.0242424243024242
1E-10
1E-10
1E-10
Gen 964
0.0735930735930736
0.00844155852655845
0.0337662338062338
1E-10
1E-10
1E-10
Gen 965
0.0735930735930736
0.00606060615060606
0.0242424243024242
1E-10
1E-10
1E-10
Gen 966
0.0735930735930736
0.00606060615060606
0.0242424243024242
1E-10
1E-10
1E-10
Gen 967
1E-10
1E-10
1E-10
1E-10
1E-10
1E-10
Gen 968
1E-10
1E-10
1E-10
1E-10
1E-10
1E-10
Gen 969
0.136231884057971
0.00681159429789856
0.0272463768915942
1E-10
1E-10
1E-10
Gen 970
0.136231884057971
0.00681159429789856
0.0272463768915942
1E-10
1E-10
1E-10
Gen 971
0.136231884057971
0.00681159429789856
0.0272463768915942
1E-10
1E-10
1E-10
Gen 972
0.136231884057971
0.00681159429789856
0.0272463768915942
1E-10
1E-10
1E-10
Gen 973
0.136231884057971
0.00681159429789856
0.0272463768915942
1E-10
1E-10
1E-10
Gen 974
1E-10
1E-10
1E-10
1E-10
1E-10
1E-10
Gen 975
1E-10
1E-10
1E-10
1E-10
1E-10
1E-10
Gen 976
0.0606060606060606
0.00303030312530303
0.0121212122012121
1E-10
1E-10
1E-10
Gen 977
0.0606060606060606
0.00692640701140693
0.0277056277456277
1E-10
1E-10
1E-10
Gen 978
0.0606060606060606
0.00692640701140693
0.0277056277456277
1E-10
1E-10
1E-10
Gen 979
0.0606060606060606
0.00692640701140693
0.0277056277456277
1E-10
1E-10
1E-10
Gen 980
0.0606060606060606
0.00692640701140693
0.0277056277456277
1E-10
1E-10
1E-10
Gen 981
0.0606060606060606
0.00750611714633447
0.0300244682853379
1E-10
1E-10
1E-10
Gen 982
1E-10
1E-10
1E-10
1E-10
1E-10
1E-10
Gen 983
1E-10
1E-10
1E-10
1E-10
1E-10
1E-10
Gen 984
1E-10
1E-10
1E-10
1E-10
1E-10
1E-10
Gen 985
1E-10
1E-10
1E-10
1E-10
1E-10
1E-10
Gen 986
1E-10
1E-10
1E-10
1E-10
1E-10
1E-10
Gen 987
1E-10
1E-10
1E-10
1E-10
1E-10
1E-10
Gen 988
1E-10
1E-10
1E-10
1E-10
1E-10
1E-10
Gen 989
0.0476190476190476
0.00238095247595238
0.00952380960380952
1E-10
1E-10
1E-10
Gen 990
0.0476190476190476
0.00238095247595238
0.00952380960380952
1E-10
1E-10
1E-10
Gen 991
0.0476190476190476
0.00238095247595238
0.00952380960380952
1E-10
1E-10
1E-10
Gen 992
0.0476190476190476
0.00238095247595238
0.00952380960380952
1E-10
1E-10
1E-10
Gen 993
0.0476190476190476
0.00238095247595238
0.00952380960380952
1E-10
1E-10
1E-10
Gen 994
0.0476190476190476
0.00238095247595238
0.00952380960380952
1E-10
1E-10
1E-10
Gen 995
0.0476190476190476
0.00238095247595238
0.00952380960380952
1E-10
1E-10
1E-10
Gen 996
0.0476190476190476
0.00238095247595238
0.00952380960380952
1E-10
1E-10
1E-10
Gen 997
0.0476190476190476
0.00238095247595238
0.00952380960380952
1E-10
1E-10
1E-10
Gen 998
0.0476190476190476
0.00238095247595238
0.00952380960380952
1E-10
1E-10
1E-10
Gen 999
0.0476190476190476
0.00238095247595238
0.00952380960380952
1E-10
1E-10
1E-10
Gen 1000
0.0476190476190476
0.00476190485190476
0.019047619107619
1E-10
1E-10
1E-10
