Gen 0
0.135
0.021065914218487407
0.0210656182184874
9.6e-08
1.0399999999999999e-07
9.6e-08
Gen 1
0.145
0.0365314444369748
0.03653114843697479
9.6e-08
1.0399999999999999e-07
9.6e-08
Gen 2
0.145
0.0341314524369748
0.03413115643697479
9.6e-08
1.0399999999999999e-07
9.6e-08
Gen 3
0.145
0.0365314444369748
0.03653114843697479
9.6e-08
1.0399999999999999e-07
9.6e-08
Gen 4
0.145
0.03503564611764707
0.03503535011764706
9.6e-08
1.0399999999999999e-07
9.6e-08
Gen 5
0.145
0.03503564611764707
0.03503535011764706
9.6e-08
1.0399999999999999e-07
9.6e-08
Gen 6
0.145
0.0317314524369748
0.03173115643697479
9.6e-08
1.0399999999999999e-07
9.6e-08
Gen 7
0.145
0.0333314444369748
0.033331148436974795
9.6e-08
1.0399999999999999e-07
9.6e-08
Gen 8
0.145
0.0261314524369748
0.02613115643697479
9.6e-08
1.0399999999999999e-07
9.6e-08
Gen 9
0.04831932773109244
0.007731476436974801
0.007731180436974793
9.6e-08
1.0399999999999999e-07
9.6e-08
Gen 10
0.145
0.020756662521008416
0.02075636652100841
9.6e-08
1.0399999999999999e-07
9.6e-08
Gen 11
0.035
0.005156678521008414
0.005156382521008406
9.6e-08
1.0399999999999999e-07
9.6e-08
Gen 12
0.055
0.01056507388235295
0.010564777882352943
9.6e-08
1.0399999999999999e-07
9.6e-08
Gen 13
0.055
0.014565065882352951
0.014564769882352944
9.6e-08
1.0399999999999999e-07
9.6e-08
Gen 14
0.04831932773109244
0.012383553277310935
0.012383257277310926
9.6e-08
1.0399999999999999e-07
9.6e-08
Gen 15
0.05
0.016383545277310937
0.016383249277310927
9.6e-08
1.0399999999999999e-07
9.6e-08
Gen 16
0.038865546218487396
0.00986254487394959
0.009862248873949582
9.6e-08
1.0399999999999999e-07
9.6e-08
Gen 17
0.038865546218487396
0.00986254487394959
0.009862248873949582
9.6e-08
1.0399999999999999e-07
9.6e-08
Gen 18
0.095
0.02013817512605043
0.020137879126050424
9.6e-08
1.0399999999999999e-07
9.6e-08
Gen 19
0.095
0.030124705747899164
0.030124409747899157
9.6e-08
1.0399999999999999e-07
9.6e-08
Gen 20
0.095
0.021946570487394967
0.02194627448739496
9.6e-08
1.0399999999999999e-07
9.6e-08
Gen 21
0.095
0.024235638117647066
0.02423534211764706
9.6e-08
1.0399999999999999e-07
9.6e-08
Gen 22
0.095
0.02131464571428572
0.021314349714285714
9.6e-08
1.0399999999999999e-07
9.6e-08
Gen 23
0.095
0.0206423768067227
0.020642080806722692
9.6e-08
1.0399999999999999e-07
9.6e-08
Gen 24
0.095
0.026524713747899168
0.026524417747899157
9.6e-08
1.0399999999999999e-07
9.6e-08
Gen 25
0.095
0.021650780168067235
0.021650484168067224
9.6e-08
1.0399999999999999e-07
9.6e-08
Gen 26
0.13025210084033614
0.03623899146218488
0.03623869546218487
9.6e-08
1.0399999999999999e-07
9.6e-08
Gen 27
0.13025210084033614
0.03223899946218488
0.03223870346218487
9.6e-08
1.0399999999999999e-07
9.6e-08
Gen 28
0.13025210084033614
0.0354860422857143
0.03548574628571429
9.6e-08
1.0399999999999999e-07
9.6e-08
Gen 29
0.115
0.03637007589915968
0.03636977989915967
9.6e-08
1.0399999999999999e-07
9.6e-08
Gen 30
0.115
0.0304877309579832
0.030487434957983194
9.6e-08
1.0399999999999999e-07
9.6e-08
Gen 31
0.115
0.04302553808403345
0.043025242084033605
9.6e-08
1.0399999999999999e-07
9.6e-08
Gen 32
0.1
0.022484377613445385
0.022484081613445377
9.6e-08
1.0399999999999999e-07
9.6e-08
Gen 33
0.1
0.022484377613445385
0.022484081613445377
9.6e-08
1.0399999999999999e-07
9.6e-08
Gen 34
0.1
0.020887746957983202
0.020887450957983195
9.6e-08
1.0399999999999999e-07
9.6e-08
Gen 35
0.1
0.013630628100840347
0.013630332100840338
9.6e-08
1.0399999999999999e-07
9.6e-08
Gen 36
0.34138655462184875
0.04094154447058804
0.04094124847058819
9.6e-08
1.0399999999999999e-07
9.6e-08
Gen 37
0.34138655462184875
0.052202024672268726
0.05220172867226888
9.6e-08
1.0399999999999999e-07
9.6e-08
Gen 38
0.34138655462184875
0.04867262090756284
0.04867232490756299
9.6e-08
1.0399999999999999e-07
9.6e-08
Gen 39
0.34138655462184875
0.048218839394957795
0.04821854339495795
9.6e-08
1.0399999999999999e-07
9.6e-08
Gen 40
0.34138655462184875
0.05981545405042
0.059815158050420154
9.6e-08
1.0399999999999999e-07
9.6e-08
Gen 41
0.34138655462184875
0.060487714957983024
0.06048741895798318
9.6e-08
1.0399999999999999e-07
9.6e-08
Gen 42
0.105
0.029176806588235304
0.029176510588235293
9.6e-08
1.0399999999999999e-07
9.6e-08
Gen 43
0.105
0.03471965573109245
0.03471935973109244
9.6e-08
1.0399999999999999e-07
9.6e-08
Gen 44
0.105
0.032867570890756315
0.032867274890756304
9.6e-08
1.0399999999999999e-07
9.6e-08
Gen 45
0.045
0.011667586890756315
0.011667290890756306
9.6e-08
1.0399999999999999e-07
9.6e-08
Gen 46
0.105
0.01788272094117648
0.01788242494117647
9.6e-08
1.0399999999999999e-07
9.6e-08
Gen 47
0.045
0.00998692262184875
0.009986626621848743
9.6e-08
1.0399999999999999e-07
9.6e-08
Gen 48
0.045
0.00679366131092438
0.006793365310924372
9.6e-08
1.0399999999999999e-07
9.6e-08
Gen 49
0.105
0.017600376000000008
0.01760008
9.6e-08
1.0399999999999999e-07
9.6e-08
