Gen 1
0.21256038647343
0.00731175105088149
0.0292470042035259
0
0
0
Gen 2
0.21256038647343
0.110998055085012
0.21256038647343
0.156298387602735
0.0476190476190476
0.0275143986448334
Gen 3
0.217391304347826
0.183322416713721
0.212753623188406
0.21256038647343
0.21256038647343
0.0954152707196185
Gen 4
0.217391304347826
0.20146433276868
0.213140096618358
0.21256038647343
0.21256038647343
0.167596461509505
Gen 5
0.217391304347826
0.206971453667106
0.213526570048309
0.21256038647343
0.21256038647343
0.189238471673254
Gen 6
0.217391304347826
0.211427316644708
0.214106280193237
0.21256038647343
0.21256038647343
0.206482213438735
Gen 7
0.217391304347826
0.20273492690884
0.215072463768116
0.21256038647343
0.21256038647343
0.170746470920384
Gen 8
0.217391304347826
0.205895601982558
0.216811594202899
0.21256038647343
0.21256038647343
0.181650040780476
Gen 9
0.217391304347826
0.210922266139657
0.217391304347826
0.213333333333333
0.21256038647343
0.20040404040404
Gen 10
0.217391304347826
0.206038647342995
0.217391304347826
0.215652173913044
0.21256038647343
0.178550724637681
Gen 11
0.217391304347826
0.212244808331765
0.217391304347826
0.217391304347826
0.212753623188406
0.201443001443001
Gen 12
0.217391304347826
0.20547775895602
0.217391304347826
0.217391304347826
0.216231884057971
0.170896543070456
Gen 13
0.217391304347826
0.213455172846477
0.217391304347826
0.217391304347826
0.217391304347826
0.201646778342431
Gen 14
0.217391304347826
0.211810025723069
0.217391304347826
0.217391304347826
0.217391304347826
0.195066189848799
Gen 15
0.217391304347826
0.209537737624694
0.217391304347826
0.217391304347826
0.217391304347826
0.185977037455298
Gen 16
0.411255411255411
0.209163059163059
0.22514586862413
0.217391304347826
0.217391304347826
0.176723759332455
Gen 17
0.411255411255411
0.214232385971516
0.24840956145304
0.217391304347826
0.217391304347826
0.173737373737374
Gen 18
0.411255411255411
0.245147123407993
0.341464332768681
0.217391304347826
0.217391304347826
0.204341552167639
Gen 19
0.411255411255411
0.287471610515088
0.411255411255411
0.333709768492377
0.217391304347826
0.187529957964741
Gen 20
0.411255411255411
0.337784679089026
0.411255411255411
0.411255411255411
0.325955204216074
0.202672689629211
Gen 21
0.458874458874459
0.367087019260932
0.413160173160173
0.411255411255411
0.411255411255411
0.232677081372734
Gen 22
0.458874458874459
0.372797540623627
0.415064935064935
0.411255411255411
0.411255411255411
0.253614404918753
Gen 23
0.458874458874459
0.384760649978041
0.416969696969697
0.411255411255411
0.411255411255411
0.299562080431646
Gen 24
0.458874458874459
0.399610389610389
0.424588744588745
0.411255411255411
0.411255411255411
0.351341991341992
Gen 25
0.458874458874459
0.385298324863542
0.437922077922078
0.411255411255411
0.411255411255411
0.280760399021269
Gen 26
0.458874458874459
0.417272727272727
0.458874458874459
0.416623376623377
0.411255411255411
0.382337662337662
Gen 27
0.480519480519481
0.412303783173348
0.45974025974026
0.450909090909091
0.411255411255411
0.327310370788632
Gen 28
0.480519480519481
0.421567852437417
0.45974025974026
0.458874458874459
0.422337662337662
0.34531902879729
Gen 29
0.480519480519481
0.431394692264257
0.462337662337662
0.458874458874459
0.455064935064935
0.349301712779974
Gen 30
0.480519480519481
0.438018068887634
0.464935064935065
0.458874458874459
0.458874458874459
0.369388292866554
Gen 31
0.480519480519481
0.441221532091097
0.468398268398268
0.458874458874459
0.458874458874459
0.378738942217203
Gen 32
0.614718614718615
0.44592408557626
0.487792207792208
0.45974025974026
0.458874458874459
0.377289415898112
Gen 33
0.614718614718615
0.447111487546271
0.495064935064935
0.475324675324675
0.458874458874459
0.359181880921011
Gen 34
0.614718614718615
0.463107974151453
0.516536796536797
0.480519480519481
0.462610703306355
0.392764916243177
Gen 35
0.614718614718615
0.450669678147939
0.552554112554113
0.480519480519481
0.47732931802497
0.292275801493193
Gen 36
0.614718614718615
0.507854445071837
0.614718614718615
0.50995670995671
0.480519480519481
0.42622297509254
Gen 37
0.614718614718615
0.52885488424619
0.614718614718615
0.614718614718615
0.491601731601732
0.394380575945793
Gen 38
0.662337662337662
0.549607629085891
0.616623376623377
0.614718614718615
0.545516782734174
0.421571742267394
Gen 39
0.662337662337662
0.577523433088651
0.618528138528139
0.614718614718615
0.613395570612962
0.463451408494887
Gen 40
0.662337662337662
0.580141037706255
0.622337662337663
0.614718614718615
0.614718614718615
0.468789259050128
Gen 41
0.662337662337662
0.576502917372482
0.62995670995671
0.614718614718615
0.614718614718615
0.446617730095991
Gen 42
0.662337662337662
0.604078674948239
0.643290043290043
0.614718614718615
0.614718614718615
0.543587427065688
Gen 43
0.662337662337662
0.608494259363824
0.662337662337662
0.622337662337663
0.614718614718615
0.534583098061359
Gen 44
0.662337662337662
0.614199134199133
0.662337662337662
0.662337662337662
0.618528138528139
0.513593073593074
Gen 45
0.662337662337662
0.625829851308111
0.662337662337662
0.662337662337662
0.637575757575758
0.541068322981367
Gen 46
0.662337662337662
0.628181818181818
0.662337662337662
0.662337662337662
0.647099567099567
0.540952380952381
Gen 47
0.662337662337662
0.631391429826212
0.662337662337662
0.662337662337662
0.657541878411444
0.543348516218082
Gen 48
0.662337662337662
0.640026350461133
0.662337662337662
0.662337662337662
0.662337662337662
0.573092414831545
Gen 49
0.662337662337662
0.64760210803689
0.662337662337662
0.662337662337662
0.662337662337662
0.603395445134576
Gen 50
0.662337662337662
0.641411631846414
0.662337662337662
0.662337662337662
0.662337662337662
0.578633540372671
Gen 51
0.662337662337662
0.614961415396198
0.662337662337662
0.662337662337662
0.662337662337662
0.472832674571805
Gen 52
0.662337662337662
0.623506493506493
0.662337662337662
0.662337662337662
0.662337662337662
0.507012987012987
Gen 53
0.662337662337662
0.64117058786624
0.662337662337662
0.662337662337662
0.662337662337662
0.577669364451973
Gen 54
0.662337662337662
0.638948365644018
0.662337662337662
0.662337662337662
0.662337662337662
0.568780475563084
Gen 55
0.662337662337662
0.637149005583788
0.662337662337662
0.662337662337662
0.662337662337662
0.561583035322166
Gen 56
0.662337662337662
0.643599222034005
0.662337662337662
0.662337662337662
0.662337662337662
0.587383901123032
Gen 57
0.662337662337662
0.642204529769747
0.662337662337662
0.662337662337662
0.662337662337662
0.581805132066002
Gen 58
0.662337662337662
0.644771315640881
0.662337662337662
0.662337662337662
0.662337662337662
0.592072275550537
Gen 59
0.662337662337662
0.638147939017505
0.662337662337662
0.662337662337662
0.662337662337662
0.56557876905703
Gen 60
0.662337662337662
0.635958968567665
0.662337662337662
0.662337662337662
0.662337662337662
0.55682288725767
Gen 61
0.662337662337662
0.634208545078111
0.662337662337662
0.662337662337662
0.662337662337662
0.549821193299454
Gen 62
0.662337662337662
0.647532467532468
0.662337662337662
0.662337662337662
0.662337662337662
0.603116883116883
Gen 63
0.662337662337662
0.652857142857143
0.662337662337662
0.662337662337662
0.662337662337662
0.624415584415585
Gen 64
0.662337662337662
0.647532467532468
0.662337662337662
0.662337662337662
0.662337662337662
0.603116883116883
Gen 65
0.662337662337662
0.643084258736433
0.662337662337662
0.662337662337662
0.662337662337662
0.585324047932744
Gen 66
0.662337662337662
0.630932931802497
0.662337662337662
0.662337662337662
0.662337662337662
0.536718740197001
Gen 67
0.662337662337662
0.636373674634545
0.662337662337662
0.662337662337662
0.662337662337662
0.55848171152519
Gen 68
0.662337662337662
0.636346571303093
0.662337662337662
0.662337662337662
0.662337662337662
0.558373298199385
Gen 69
0.662337662337662
0.648870569044483
0.662337662337662
0.662337662337662
0.662337662337662
0.608469289164941
Gen 70
0.662337662337662
0.638147939017505
0.662337662337662
0.662337662337662
0.662337662337662
0.56557876905703
Gen 71
0.662337662337662
0.650788631658197
0.662337662337662
0.662337662337662
0.662337662337662
0.616141539619801
Gen 72
0.662337662337662
0.639356044921263
0.662337662337662
0.662337662337662
0.662337662337662
0.570411192672062
Gen 73
0.662337662337662
0.642804818370036
0.662337662337662
0.662337662337662
0.662337662337662
0.584206286467156
Gen 74
0.662337662337662
0.644420979986198
0.662337662337662
0.662337662337662
0.662337662337662
0.590670932931803
Gen 75
0.662337662337662
0.633906142167012
0.662337662337662
0.662337662337662
0.662337662337662
0.54861158165506
Gen 76
0.662337662337662
0.630909090909091
0.662337662337662
0.662337662337662
0.662337662337662
0.536623376623377
Gen 77
0.662337662337662
0.658528138528139
0.662337662337662
0.662337662337662
0.662337662337662
0.647099567099567
Gen 78
0.662337662337662
0.639463956333522
0.662337662337662
0.662337662337662
0.662337662337662
0.570842838321099
Gen 79
0.662337662337662
0.642991153773763
0.662337662337662
0.662337662337662
0.662337662337662
0.584951628082063
Gen 80
0.662337662337662
0.655121776773951
0.662337662337662
0.662337662337662
0.662337662337662
0.633474120082816
Gen 81
0.662337662337662
0.637092414831546
0.662337662337662
0.662337662337662
0.662337662337662
0.561356672313194
Gen 82
0.662337662337662
0.649077984817116
0.662337662337662
0.662337662337662
0.662337662337662
0.609298952255474
Gen 83
0.662337662337662
0.647756320973713
0.662337662337662
0.662337662337662
0.662337662337662
0.604012296881862
Gen 84
0.662337662337662
0.628262626262627
0.662337662337662
0.662337662337662
0.662337662337662
0.526037518037518
Gen 85
0.662337662337662
0.634645209862602
0.662337662337662
0.662337662337662
0.662337662337662
0.551567852437418
Gen 86
0.662337662337662
0.644308927787189
0.662337662337662
0.662337662337662
0.662337662337662
0.590222724135768
Gen 87
0.662337662337662
0.631244745592572
0.662337662337662
0.662337662337662
0.662337662337662
0.5379659953573
Gen 88
0.662337662337662
0.655129556433905
0.662337662337662
0.662337662337662
0.662337662337662
0.63350523872263
Gen 89
0.662337662337662
0.643036576949621
0.662337662337662
0.662337662337662
0.662337662337662
0.585133320785495
Gen 90
0.662337662337662
0.655612648221344
0.662337662337662
0.662337662337662
0.662337662337662
0.635437605872389
Gen 91
0.662337662337662
0.643305100696405
0.662337662337662
0.662337662337662
0.662337662337662
0.586207415772633
Gen 92
0.662337662337662
0.627494824016564
0.662337662337662
0.662337662337662
0.662337662337662
0.522966309053266
Gen 93
0.662337662337662
0.634551101072841
0.662337662337662
0.662337662337662
0.662337662337662
0.551191417278374
Gen 94
0.662337662337662
0.647148503670243
0.662337662337662
0.662337662337662
0.662337662337662
0.601581027667984
Gen 95
0.662337662337662
0.628193738628522
0.662337662337662
0.662337662337662
0.662337662337662
0.525761967501098
Gen 96
0.662337662337662
0.645119518162997
0.662337662337662
0.662337662337662
0.662337662337662
0.593465085638999
Gen 97
0.662337662337662
0.65181755442625
0.662337662337662
0.662337662337662
0.662337662337662
0.620257230692013
Gen 98
0.662337662337662
0.627021770500032
0.662337662337662
0.662337662337662
0.662337662337662
0.521074094987139
Gen 99
0.662337662337662
0.657834870443566
0.662337662337662
0.662337662337662
0.662337662337662
0.644326494761277
Gen 100
0.662337662337662
0.648691260430391
0.662337662337662
0.662337662337662
0.662337662337662
0.607752054708577
Gen 101
0.662337662337662
0.632962544701676
0.662337662337662
0.662337662337662
0.662337662337662
0.544837191793714
Gen 102
0.662337662337662
0.635637618420227
0.662337662337662
0.662337662337662
0.662337662337662
0.555537486667922
Gen 103
0.662337662337662
0.655844155844156
0.662337662337662
0.662337662337662
0.662337662337662
0.636363636363637
Gen 104
0.662337662337662
0.655223414266893
0.662337662337662
0.662337662337662
0.662337662337662
0.633880670054583
Gen 105
0.662337662337662
0.65996737561955
0.662337662337662
0.662337662337662
0.662337662337662
0.652856515465211
Gen 106
0.662337662337662
0.636901185770751
0.662337662337662
0.662337662337662
0.662337662337662
0.560591756070017
Gen 107
0.662337662337662
0.655669238973587
0.662337662337662
0.662337662337662
0.662337662337662
0.63566396888136
Gen 108
0.662337662337662
0.642879979923459
0.662337662337662
0.662337662337662
0.662337662337662
0.584506932680846
Gen 109
0.662337662337662
0.641657444005271
0.662337662337662
0.662337662337662
0.662337662337662
0.579616789008093
Gen 110
0.662337662337662
0.640151703369095
0.662337662337662
0.662337662337662
0.662337662337662
0.573593826463392
Gen 111
0.662337662337662
0.630974214191606
0.662337662337662
0.662337662337662
0.662337662337662
0.536883869753435
Gen 112
0.662337662337662
0.638766045548655
0.662337662337662
0.662337662337662
0.662337662337662
0.56805119518163
Gen 113
0.662337662337662
0.644080306167263
0.662337662337662
0.662337662337662
0.662337662337662
0.589308237656064
Gen 114
0.662337662337662
0.645417905765732
0.662337662337662
0.662337662337662
0.662337662337662
0.59465863604994
Gen 115
0.662337662337662
0.655718175544263
0.662337662337662
0.662337662337662
0.662337662337662
0.635859715164063
Gen 116
0.662337662337662
0.629011355793965
0.662337662337662
0.662337662337662
0.662337662337662
0.529032436162871
Gen 117
0.662337662337662
0.648810339419035
0.662337662337662
0.662337662337662
0.662337662337662
0.608228370663153
Gen 118
0.662337662337662
0.651124537298451
0.662337662337662
0.662337662337662
0.662337662337662
0.617485162180815
Gen 119
0.662337662337662
0.654621619925968
0.662337662337662
0.662337662337662
0.662337662337662
0.631473492690884
Gen 120
0.662337662337662
0.657747913921827
0.662337662337662
0.662337662337662
0.662337662337662
0.643978668674321
Gen 121
0.662337662337662
0.657747913921827
0.662337662337662
0.662337662337662
0.662337662337662
0.643978668674321
Gen 122
0.662337662337662
0.632553736118954
0.662337662337662
0.662337662337662
0.662337662337662
0.543201957462827
Gen 123
0.662337662337662
0.623300081560952
0.662337662337662
0.662337662337662
0.662337662337662
0.506187339230818
Gen 124
0.662337662337662
0.662337662337663
0.662337662337662
0.662337662337662
0.662337662337662
0.662337662337662
Gen 125
0.662337662337662
0.648614718614719
0.662337662337662
0.662337662337662
0.662337662337662
0.607445887445888
Gen 126
0.662337662337662
0.641038961038962
0.662337662337662
0.662337662337662
0.662337662337662
0.577142857142857
Gen 127
0.662337662337662
0.632659514398645
0.662337662337662
0.662337662337662
0.662337662337662
0.543625070581592
Gen 128
0.662337662337662
0.643679653679654
0.662337662337662
0.662337662337662
0.662337662337662
0.587705627705628
Gen 129
0.662337662337662
0.630995670995671
0.662337662337662
0.662337662337662
0.662337662337662
0.536969696969697
Gen 130
0.662337662337662
0.6491341991342
0.662337662337662
0.662337662337662
0.662337662337662
0.60952380952381
Gen 131
0.662337662337662
0.642775581906017
0.662337662337662
0.662337662337662
0.662337662337662
0.58408934061108
Gen 132
0.662337662337662
0.643290043290044
0.662337662337662
0.662337662337662
0.662337662337662
0.586147186147186
Gen 133
0.662337662337662
0.652770562770563
0.662337662337662
0.662337662337662
0.662337662337662
0.624069264069264
Gen 134
0.662337662337662
0.637622561013866
0.662337662337662
0.662337662337662
0.662337662337662
0.563477257042475
Gen 135
0.662337662337662
0.646093606876216
0.662337662337662
0.662337662337662
0.662337662337662
0.597361440491875
Gen 136
0.662337662337662
0.615447644143297
0.662337662337662
0.662337662337662
0.662337662337662
0.474777589560198
Gen 137
0.662337662337662
0.647707509881423
0.662337662337662
0.662337662337662
0.662337662337662
0.603817052512705
Gen 138
0.662337662337662
0.64234017190539
0.662337662337662
0.662337662337662
0.662337662337662
0.58234770060857
Gen 139
0.662337662337662
0.647475876780225
0.662337662337662
0.662337662337662
0.662337662337662
0.602890520107911
Gen 140
0.662337662337662
0.649254407428321
0.662337662337662
0.662337662337662
0.662337662337662
0.610004642700295
Gen 141
0.662337662337662
0.660327247631596
0.662337662337662
0.662337662337662
0.662337662337662
0.654296003513395
Gen 142
0.662337662337662
0.653636238157978
0.662337662337662
0.662337662337662
0.662337662337662
0.627531965618922
Gen 143
0.662337662337662
0.64869439739005
0.662337662337662
0.662337662337662
0.662337662337662
0.607764602547211
Gen 144
0.662337662337662
0.652688374427505
0.662337662337662
0.662337662337662
0.662337662337662
0.623740510697033
Gen 145
0.662337662337662
0.654545454545455
0.662337662337662
0.662337662337662
0.662337662337662
0.631168831168831
Gen 146
0.662337662337662
0.655356044921263
0.662337662337662
0.662337662337662
0.662337662337662
0.634411192672062
Gen 147
0.662337662337662
0.661385281385282
0.662337662337662
0.662337662337662
0.662337662337662
0.658528138528139
Gen 148
0.662337662337662
0.648744588744589
0.662337662337662
0.662337662337662
0.662337662337662
0.607965367965368
Gen 149
0.662337662337662
0.654003387916432
0.662337662337662
0.662337662337662
0.662337662337662
0.629000564652739
Gen 150
0.662337662337662
0.659989459815547
0.662337662337662
0.662337662337662
0.662337662337662
0.6529448522492
Gen 151
0.662337662337662
0.632027354288224
0.662337662337662
0.662337662337662
0.662337662337662
0.541096430139908
Gen 152
0.662337662337662
0.651308112177678
0.662337662337662
0.662337662337662
0.662337662337662
0.618219461697723
Gen 153
0.662337662337662
0.63470606687998
0.662337662337662
0.662337662337662
0.662337662337662
0.551811280506933
Gen 154
0.662337662337662
0.648230629274108
0.662337662337662
0.662337662337662
0.662337662337662
0.605909530083443
Gen 155
0.662337662337662
0.627818432774955
0.662337662337662
0.662337662337662
0.662337662337662
0.524260744086831
Gen 156
0.662337662337662
0.634571679528202
0.662337662337662
0.662337662337662
0.662337662337662
0.551273731099818
Gen 157
0.662337662337662
0.644349833741139
0.662337662337662
0.662337662337662
0.662337662337662
0.590386347951565
Gen 158
0.662337662337662
0.618622623753059
0.662337662337662
0.662337662337662
0.662337662337662
0.487477507999247
Gen 159
0.662337662337662
0.654047305351653
0.662337662337662
0.662337662337662
0.662337662337662
0.629176234393626
Gen 160
0.662337662337662
0.661244996549345
0.662337662337662
0.662337662337662
0.662337662337662
0.657966999184391
Gen 161
0.662337662337662
0.607504862287471
0.662337662337662
0.662337662337662
0.662337662337662
0.443006462136897
Gen 162
0.662337662337662
0.646187339230818
0.662337662337662
0.662337662337662
0.662337662337662
0.597736369910283
Gen 163
0.662337662337662
0.622094234268148
0.662337662337662
0.662337662337662
0.662337662337662
0.501363950059602
Gen 164
0.662337662337662
0.6295670995671
0.662337662337662
0.662337662337662
0.662337662337662
0.531255411255411
Gen 165
0.662337662337662
0.611951816299643
0.662337662337662
0.662337662337662
0.662337662337662
0.460794278185583
Gen 166
0.662337662337662
0.64728740824393
0.662337662337662
0.662337662337662
0.662337662337662
0.602136645962733
Gen 167
0.662337662337662
0.628992408557626
0.662337662337662
0.662337662337662
0.662337662337662
0.528956647217517
Gen 168
0.662337662337662
0.656005395570613
0.662337662337662
0.662337662337662
0.662337662337662
0.637008595269465
Gen 169
0.662337662337662
0.648147311625573
0.662337662337662
0.662337662337662
0.662337662337662
0.605576259489303
Gen 170
0.662337662337662
0.628526883744275
0.662337662337662
0.662337662337662
0.662337662337662
0.527094547964113
Gen 171
0.662337662337662
0.63521801869628
0.662337662337662
0.662337662337662
0.662337662337662
0.553859087772131
Gen 172
0.662337662337662
0.658
0.662337662337662
0.662337662337662
0.662337662337662
0.644987012987013
Gen 173
0.662337662337662
0.651376623376624
0.662337662337662
0.662337662337662
0.662337662337662
0.618493506493507
Gen 174
0.662337662337662
0.655507246376812
0.662337662337662
0.662337662337662
0.662337662337662
0.635015998494259
Gen 175
0.662337662337662
0.655507246376812
0.662337662337662
0.662337662337662
0.662337662337662
0.635015998494259
Gen 176
0.662337662337662
0.637590187590188
0.662337662337662
0.662337662337662
0.662337662337662
0.563347763347763
Gen 177
0.662337662337662
0.631637492941841
0.662337662337662
0.662337662337662
0.662337662337662
0.539536984754376
Gen 178
0.662337662337662
0.637108977978544
0.662337662337662
0.662337662337662
0.662337662337662
0.561422924901186
Gen 179
0.662337662337662
0.637551540247193
0.662337662337662
0.662337662337662
0.662337662337662
0.563193173975783
Gen 180
0.662337662337662
0.637541878411444
0.662337662337662
0.662337662337662
0.662337662337662
0.563154526632788
Gen 181
0.662337662337662
0.638147939017505
0.662337662337662
0.662337662337662
0.662337662337662
0.56557876905703
Gen 182
0.662337662337662
0.644641445511011
0.662337662337662
0.662337662337662
0.662337662337662
0.591552795031056
Gen 183
0.662337662337662
0.609475625823452
0.662337662337662
0.662337662337662
0.662337662337662
0.450889516280821
Gen 184
0.662337662337662
0.624834054834055
0.662337662337662
0.662337662337662
0.662337662337662
0.512323232323232
Gen 185
0.662337662337662
0.646249952945606
0.662337662337662
0.662337662337662
0.662337662337662
0.597986824769434
Gen 186
0.662337662337662
0.655612648221344
0.662337662337662
0.662337662337662
0.662337662337662
0.635437605872389
Gen 187
0.662337662337662
0.637402597402598
0.662337662337662
0.662337662337662
0.662337662337662
0.562597402597403
Gen 188
0.662337662337662
0.64961038961039
0.662337662337662
0.662337662337662
0.662337662337662
0.611428571428572
Gen 189
0.662337662337662
0.647532467532468
0.662337662337662
0.662337662337662
0.662337662337662
0.603116883116883
Gen 190
0.662337662337662
0.634285714285715
0.662337662337662
0.662337662337662
0.662337662337662
0.55012987012987
Gen 191
0.662337662337662
0.630759144237406
0.662337662337662
0.662337662337662
0.662337662337662
0.536023589936633
Gen 192
0.662337662337662
0.63951314386097
0.662337662337662
0.662337662337662
0.662337662337662
0.571039588430893
Gen 193
0.662337662337662
0.650066503544765
0.662337662337662
0.662337662337662
0.662337662337662
0.613253027166071
Gen 194
0.662337662337662
0.652998933433717
0.662337662337662
0.662337662337662
0.662337662337662
0.624982746721877
Gen 195
0.662337662337662
0.642532153836502
0.662337662337662
0.662337662337662
0.662337662337662
0.58311562833302
Gen 196
0.662337662337662
0.628717359934752
0.662337662337662
0.662337662337662
0.662337662337662
0.527856452726018
Gen 197
0.662337662337662
0.630709203839639
0.662337662337662
0.662337662337662
0.662337662337662
0.535823828345567
Gen 198
0.662337662337662
0.640175293305728
0.662337662337662
0.662337662337662
0.662337662337662
0.573688186209925
Gen 199
0.662337662337662
0.649406487232575
0.662337662337662
0.662337662337662
0.662337662337662
0.61061296191731
Gen 200
0.662337662337662
0.647334211682038
0.662337662337662
0.662337662337662
0.662337662337662
0.602323859715164
Gen 201
0.662337662337662
0.641316895664722
0.662337662337662
0.662337662337662
0.662337662337662
0.5782545956459
Gen 202
0.662337662337662
0.637117761465588
0.662337662337662
0.662337662337662
0.662337662337662
0.561458058849363
Gen 203
0.662337662337662
0.647532467532468
0.662337662337662
0.662337662337662
0.662337662337662
0.603116883116883
Gen 204
0.662337662337662
0.660952380952381
0.662337662337662
0.662337662337662
0.662337662337662
0.656796536796537
Gen 205
0.662337662337662
0.654329004329005
0.662337662337662
0.662337662337662
0.662337662337662
0.63030303030303
Gen 206
0.662337662337662
0.64926406926407
0.662337662337662
0.662337662337662
0.662337662337662
0.61004329004329
Gen 207
0.662337662337662
0.634429888951628
0.662337662337662
0.662337662337662
0.662337662337662
0.550706568793525
Gen 208
0.662337662337662
0.64650266641571
0.662337662337662
0.662337662337662
0.662337662337662
0.598997678649853
Gen 209
0.662337662337662
0.636926908839953
0.662337662337662
0.662337662337662
0.662337662337662
0.560694648346822
Gen 210
0.662337662337662
0.633666227492315
0.662337662337662
0.662337662337662
0.662337662337662
0.547651922956271
Gen 211
0.662337662337662
0.626826400652488
0.662337662337662
0.662337662337662
0.662337662337662
0.520292615596963
Gen 212
0.662337662337662
0.641411506368029
0.662337662337662
0.662337662337662
0.662337662337662
0.578633038459126
Gen 213
0.662337662337662
0.645425685425686
0.662337662337662
0.662337662337662
0.662337662337662
0.594689754689755
Gen 214
0.662337662337662
0.640798042537173
0.662337662337662
0.662337662337662
0.662337662337662
0.576179183135705
Gen 215
0.662337662337662
0.629528828659264
0.662337662337662
0.662337662337662
0.662337662337662
0.531102327624067
Gen 216
0.662337662337662
0.650100382709079
0.662337662337662
0.662337662337662
0.662337662337662
0.613388543823327
Gen 217
0.662337662337662
0.654549846288977
0.662337662337662
0.662337662337662
0.662337662337662
0.63118639814292
Gen 218
0.662337662337662
0.642298764037895
0.662337662337662
0.662337662337662
0.662337662337662
0.582182069138591
Gen 219
0.662337662337662
0.630407051885313
0.662337662337662
0.662337662337662
0.662337662337662
0.534615220528264
Gen 220
0.662337662337662
0.649615408745844
0.662337662337662
0.662337662337662
0.662337662337662
0.611448647970387
Gen 221
0.662337662337662
0.636654620741578
0.662337662337662
0.662337662337662
0.662337662337662
0.559605495953322
Gen 222
0.662337662337662
0.637347261434218
0.662337662337662
0.662337662337662
0.662337662337662
0.562376058723885
Gen 223
0.662337662337662
0.624372921764226
0.662337662337662
0.662337662337662
0.662337662337662
0.510478700043917
Gen 224
0.662337662337662
0.635021645021645
0.662337662337662
0.662337662337662
0.662337662337662
0.553073593073593
Gen 225
0.662337662337662
0.64939393939394
0.662337662337662
0.662337662337662
0.662337662337662
0.610562770562771
Gen 226
0.662337662337662
0.654935064935065
0.662337662337662
0.662337662337662
0.662337662337662
0.632727272727273
Gen 227
0.662337662337662
0.643160173160173
0.662337662337662
0.662337662337662
0.662337662337662
0.585627705627706
Gen 228
0.662337662337662
0.648732668297886
0.662337662337662
0.662337662337662
0.662337662337662
0.607917686178556
Gen 229
0.662337662337662
0.649598469163687
0.662337662337662
0.662337662337662
0.662337662337662
0.611380889641759
Gen 230
0.662337662337662
0.661546521111739
0.662337662337662
0.662337662337662
0.662337662337662
0.659173097433967
Gen 231
0.662337662337662
0.643160173160173
0.662337662337662
0.662337662337662
0.662337662337662
0.585627705627706
Gen 232
0.662337662337662
0.656450216450217
0.662337662337662
0.662337662337662
0.662337662337662
0.638787878787879
Gen 233
0.662337662337662
0.644879979923459
0.662337662337662
0.662337662337662
0.662337662337662
0.592506932680846
Gen 234
0.662337662337662
0.635274609448523
0.662337662337662
0.662337662337662
0.662337662337662
0.554085450781103
Gen 235
0.662337662337662
0.634255724951378
0.662337662337662
0.662337662337662
0.662337662337662
0.550009912792521
Gen 236
0.662337662337662
0.64308300395257
0.662337662337662
0.662337662337662
0.662337662337662
0.58531902879729
Gen 237
0.662337662337662
0.644641445511011
0.662337662337662
0.662337662337662
0.662337662337662
0.591552795031056
Gen 238
0.662337662337662
0.643073593073593
0.662337662337662
0.662337662337662
0.662337662337662
0.585281385281385
Gen 239
0.662337662337662
0.64935064935065
0.662337662337662
0.662337662337662
0.662337662337662
0.610389610389611
Gen 240
0.662337662337662
0.650361252274296
0.662337662337662
0.662337662337662
0.662337662337662
0.614432022084196
Gen 241
0.662337662337662
0.654452600539557
0.662337662337662
0.662337662337662
0.662337662337662
0.630797415145241
Gen 242
0.662337662337662
0.636103896103897
0.662337662337662
0.662337662337662
0.662337662337662
0.557402597402597
Gen 243
0.662337662337662
0.655844155844156
0.662337662337662
0.662337662337662
0.662337662337662
0.636363636363636
Gen 244
0.662337662337662
0.649633603111864
0.662337662337662
0.662337662337662
0.662337662337662
0.611521425434469
Gen 245
0.662337662337662
0.64866930171278
0.662337662337662
0.662337662337662
0.662337662337662
0.607664219838133
Gen 246
0.662337662337662
0.658538804190978
0.662337662337662
0.662337662337662
0.662337662337662
0.647142229750926
Gen 247
0.662337662337662
0.643353409875149
0.662337662337662
0.662337662337662
0.662337662337662
0.586400652487609
Gen 248
0.662337662337662
0.637804128238911
0.662337662337662
0.662337662337662
0.662337662337662
0.564203525942656
Gen 249
0.662337662337662
0.648850617981053
0.662337662337662
0.662337662337662
0.662337662337662
0.608389484911224
Gen 250
0.662337662337662
0.655714285714286
0.662337662337662
0.662337662337662
0.662337662337662
0.635844155844156
Gen 251
0.662337662337662
0.650303030303031
0.662337662337662
0.662337662337662
0.662337662337662
0.614199134199134
Gen 252
0.662337662337662
0.625009097183011
0.662337662337662
0.662337662337662
0.662337662337662
0.513023401719054
Gen 253
0.662337662337662
0.641882803187151
0.662337662337662
0.662337662337662
0.662337662337662
0.580518225735617
Gen 254
0.662337662337662
0.655129556433905
0.662337662337662
0.662337662337662
0.662337662337662
0.63350523872263
Gen 255
0.662337662337662
0.64405671623063
0.662337662337662
0.662337662337662
0.662337662337662
0.58921387790953
Gen 256
0.662337662337662
0.643853817679905
0.662337662337662
0.662337662337662
0.662337662337662
0.588402283706632
Gen 257
0.662337662337662
0.655714285714286
0.662337662337662
0.662337662337662
0.662337662337662
0.635844155844156
Gen 258
0.662337662337662
0.637804128238911
0.662337662337662
0.662337662337662
0.662337662337662
0.564203525942656
Gen 259
0.662337662337662
0.652222222222223
0.662337662337662
0.662337662337662
0.662337662337662
0.621875901875902
Gen 260
0.662337662337662
0.631394692264258
0.662337662337662
0.662337662337662
0.662337662337662
0.538565782044043
Gen 261
0.662337662337662
0.647105213626953
0.662337662337662
0.662337662337662
0.662337662337662
0.601407867494824
Gen 262
0.662337662337662
0.630713344626388
0.662337662337662
0.662337662337662
0.662337662337662
0.535840391492565
Gen 263
0.662337662337662
0.635313382269904
0.662337662337662
0.662337662337662
0.662337662337662
0.554240542066629
Gen 264
0.662337662337662
0.635267959094046
0.662337662337662
0.662337662337662
0.662337662337662
0.554058849363197
Gen 265
0.662337662337662
0.655021645021646
0.662337662337662
0.662337662337662
0.662337662337662
0.633073593073593
Gen 266
0.662337662337662
0.662337662337663
0.662337662337662
0.662337662337662
0.662337662337662
0.662337662337662
Gen 267
0.662337662337662
0.649269088399524
0.662337662337662
0.662337662337662
0.662337662337662
0.610063366585106
Gen 268
0.662337662337662
0.639057029926596
0.662337662337662
0.662337662337662
0.662337662337662
0.569215132693394
Gen 269
0.662337662337662
0.614155844155845
0.662337662337662
0.662337662337662
0.662337662337662
0.46961038961039
Gen 270
0.662337662337662
0.642306920133008
0.662337662337662
0.662337662337662
0.662337662337662
0.582214693519041
Gen 271
0.662337662337662
0.653549783549784
0.662337662337662
0.662337662337662
0.662337662337662
0.627186147186147
Gen 272
0.662337662337662
0.641341991341992
0.662337662337662
0.662337662337662
0.662337662337662
0.578354978354979
Gen 273
0.662337662337662
0.646709956709957
0.662337662337662
0.662337662337662
0.662337662337662
0.59982683982684
Gen 274
0.662337662337662
0.648932178932179
0.662337662337662
0.662337662337662
0.662337662337662
0.608715728715729
Gen 275
0.662337662337662
0.64316958403915
0.662337662337662
0.662337662337662
0.662337662337662
0.58566534914361
Gen 276
0.662337662337662
0.656935817805383
0.662337662337662
0.662337662337662
0.662337662337662
0.640730284208545
Gen 277
0.662337662337662
0.624168768429638
0.662337662337662
0.662337662337662
0.662337662337662
0.509662086705565
Gen 278
0.662337662337662
0.659039839387666
0.662337662337662
0.662337662337662
0.662337662337662
0.649146370537675
Gen 279
0.662337662337662
0.654981868373173
0.662337662337662
0.662337662337662
0.662337662337662
0.632914486479704
Gen 280
0.662337662337662
0.643216387477257
0.662337662337662
0.662337662337662
0.662337662337662
0.585852562896041
Gen 281
0.662337662337662
0.637069201330071
0.662337662337662
0.662337662337662
0.662337662337662
0.561263818307297
Gen 282
0.662337662337662
0.660176673567978
0.662337662337662
0.662337662337662
0.662337662337662
0.653693707258925
Gen 283
0.662337662337662
0.631138465399335
0.662337662337662
0.662337662337662
0.662337662337662
0.537540874584353
Gen 284
0.662337662337662
0.631852688374428
0.662337662337662
0.662337662337662
0.662337662337662
0.540397766484723
Gen 285
0.662337662337662
0.633364702929921
0.662337662337662
0.662337662337662
0.662337662337662
0.546445824706694
Gen 286
0.662337662337662
0.646490369533848
0.662337662337662
0.662337662337662
0.662337662337662
0.598948491122404
Gen 287
0.662337662337662
0.644641445511011
0.662337662337662
0.662337662337662
0.662337662337662
0.591552795031056
Gen 288
0.662337662337662
0.655714285714286
0.662337662337662
0.662337662337662
0.662337662337662
0.635844155844156
Gen 289
0.662337662337662
0.649680281071586
0.662337662337662
0.662337662337662
0.662337662337662
0.611708137273355
Gen 290
0.662337662337662
0.662337662337663
0.662337662337662
0.662337662337662
0.662337662337662
0.662337662337662
Gen 291
0.662337662337662
0.644165255034821
0.662337662337662
0.662337662337662
0.662337662337662
0.589648033126294
Gen 292
0.662337662337662
0.657412008281574
0.662337662337662
0.662337662337662
0.662337662337662
0.642635046113307
Gen 293
0.662337662337662
0.641274233013364
0.662337662337662
0.662337662337662
0.662337662337662
0.578083945040467
Gen 294
0.662337662337662
0.641515151515152
0.662337662337662
0.662337662337662
0.662337662337662
0.579047619047619
Gen 295
0.662337662337662
0.642545956459
0.662337662337662
0.662337662337662
0.662337662337662
0.583170838823013
Gen 296
0.662337662337662
0.642583976410064
0.662337662337662
0.662337662337662
0.662337662337662
0.583322918627267
Gen 297
0.662337662337662
0.644757763975156
0.662337662337662
0.662337662337662
0.662337662337662
0.592018068887634
Gen 298
0.662337662337662
0.648138528138528
0.662337662337662
0.662337662337662
0.662337662337662
0.605541125541126
Gen 299
0.662337662337662
0.635800865800866
0.662337662337662
0.662337662337662
0.662337662337662
0.556190476190476
Gen 300
0.662337662337662
0.638024970198884
0.662337662337662
0.662337662337662
0.662337662337662
0.565086893782546
Gen 301
0.662337662337662
0.649041847041847
0.662337662337662
0.662337662337662
0.662337662337662
0.609154401154401
Gen 302
0.662337662337662
0.632904071773637
0.662337662337662
0.662337662337662
0.662337662337662
0.544603300081561
Gen 303
0.662337662337662
0.649527448397014
0.662337662337662
0.662337662337662
0.662337662337662
0.611096806575067
Gen 304
0.662337662337662
0.634264884873581
0.662337662337662
0.662337662337662
0.662337662337662
0.550046552481335
Gen 305
0.662337662337662
0.643899742769309
0.662337662337662
0.662337662337662
0.662337662337662
0.588585984064245
Gen 306
0.662337662337662
0.646912980739068
0.662337662337662
0.662337662337662
0.662337662337662
0.600638935943284
Gen 307
0.662337662337662
0.621285275111362
0.662337662337662
0.662337662337662
0.662337662337662
0.498128113432461
Gen 308
0.662337662337662
0.661025534851622
0.662337662337662
0.662337662337662
0.662337662337662
0.6570891523935
Gen 309
0.662337662337662
0.64199109103457
0.662337662337662
0.662337662337662
0.662337662337662
0.58095137712529
Gen 310
0.662337662337662
0.62781517033691
0.662337662337662
0.662337662337662
0.662337662337662
0.524247694334651
Gen 311
0.662337662337662
0.64869439739005
0.662337662337662
0.662337662337662
0.662337662337662
0.607764602547211
Gen 312
0.662337662337662
0.637621557186775
0.662337662337662
0.662337662337662
0.662337662337662
0.563473241734111
Gen 313
0.662337662337662
0.624418093983312
0.662337662337662
0.662337662337662
0.662337662337662
0.510659388920259
Gen 314
0.662337662337662
0.630316205533597
0.662337662337662
0.662337662337662
0.662337662337662
0.5342518351214
Gen 315
0.662337662337662
0.645477131564089
0.662337662337662
0.662337662337662
0.662337662337662
0.594895539243365
Gen 316
0.662337662337662
0.628074534161491
0.662337662337662
0.662337662337662
0.662337662337662
0.525285149632976
Gen 317
0.662337662337662
0.647848673066065
0.662337662337662
0.662337662337662
0.662337662337662
0.604381705251271
Gen 318
0.662337662337662
0.645034820252212
0.662337662337662
0.662337662337662
0.662337662337662
0.593126293995859
Gen 319
0.662337662337662
0.619111236589498
0.662337662337662
0.662337662337662
0.662337662337662
0.489431959345003
Gen 320
0.662337662337662
0.627105088148567
0.662337662337662
0.662337662337662
0.662337662337662
0.521407365581279
Gen 321
0.662337662337662
0.641859589685677
0.662337662337662
0.662337662337662
0.662337662337662
0.58042537172972
Gen 322
0.662337662337662
0.650267268962921
0.662337662337662
0.662337662337662
0.662337662337662
0.614056088838698
Gen 323
0.662337662337662
0.649045736871824
0.662337662337662
0.662337662337662
0.662337662337662
0.609169960474308
Gen 324
0.662337662337662
0.649954827780915
0.662337662337662
0.662337662337662
0.662337662337662
0.612806324110672
Gen 325
0.662337662337662
0.632119329945417
0.662337662337662
0.662337662337662
0.662337662337662
0.541464332768681
Gen 326
0.662337662337662
0.646102013928101
0.662337662337662
0.662337662337662
0.662337662337662
0.597395068699417
Gen 327
0.662337662337662
0.642928289102203
0.662337662337662
0.662337662337662
0.662337662337662
0.584700169395822
Gen 328
0.662337662337662
0.63646489742142
0.662337662337662
0.662337662337662
0.662337662337662
0.55884660267269
Gen 329
0.662337662337662
0.648744588744589
0.662337662337662
0.662337662337662
0.662337662337662
0.607965367965368
Gen 330
0.662337662337662
0.64629274107535
0.662337662337662
0.662337662337662
0.662337662337662
0.598157977288412
Gen 331
0.662337662337662
0.645722692766171
0.662337662337662
0.662337662337662
0.662337662337662
0.595877784051697
Gen 332
0.662337662337662
0.644376309680658
0.662337662337662
0.662337662337662
0.662337662337662
0.590492251709643
Gen 333
0.662337662337662
0.648027228809838
0.662337662337662
0.662337662337662
0.662337662337662
0.605095928226363
Gen 334
0.662337662337662
0.642356233138842
0.662337662337662
0.662337662337662
0.662337662337662
0.58241194554238
Gen 335
0.662337662337662
0.649672250454859
0.662337662337662
0.662337662337662
0.662337662337662
0.61167601480645
Gen 336
0.662337662337662
0.657888198757764
0.662337662337662
0.662337662337662
0.662337662337662
0.644539808018069
Gen 337
0.662337662337662
0.636078800426627
0.662337662337662
0.662337662337662
0.662337662337662
0.557302214693519
Gen 338
0.662337662337662
0.636333521550913
0.662337662337662
0.662337662337662
0.662337662337662
0.558321099190664
Gen 339
0.662337662337662
0.662037768994291
0.662337662337662
0.662337662337662
0.662337662337662
0.661138088964176
Gen 340
0.662337662337662
0.650509442248573
0.662337662337662
0.662337662337662
0.662337662337662
0.615024781981304
Gen 341
0.662337662337662
0.632862287470984
0.662337662337662
0.662337662337662
0.662337662337662
0.544436162870946
Gen 342
0.662337662337662
0.659747913921827
0.662337662337662
0.662337662337662
0.662337662337662
0.651978668674321
Gen 343
0.662337662337662
0.641695212999561
0.662337662337662
0.662337662337662
0.662337662337662
0.579767864985256
Gen 344
0.662337662337662
0.62926406926407
0.662337662337662
0.662337662337662
0.662337662337662
0.53004329004329
Gen 345
0.662337662337662
0.633232825145869
0.662337662337662
0.662337662337662
0.662337662337662
0.545918313570488
Gen 346
0.662337662337662
0.643789949181254
0.662337662337662
0.662337662337662
0.662337662337662
0.588146809712027
Gen 347
0.662337662337662
0.649873517786562
0.662337662337662
0.662337662337662
0.662337662337662
0.612481084133258
Gen 348
0.662337662337662
0.644199134199135
0.662337662337662
0.662337662337662
0.662337662337662
0.58978354978355
Gen 349
0.662337662337662
0.628512453729846
0.662337662337662
0.662337662337662
0.662337662337662
0.527036827906393
Gen 350
0.662337662337662
0.649037580776712
0.662337662337662
0.662337662337662
0.662337662337662
0.609137336093858
Gen 351
0.662337662337662
0.642900432900433
0.662337662337662
0.662337662337662
0.662337662337662
0.584588744588745
Gen 352
0.662337662337662
0.650692640692641
0.662337662337662
0.662337662337662
0.662337662337662
0.615757575757576
Gen 353
0.662337662337662
0.644268147311626
0.662337662337662
0.662337662337662
0.662337662337662
0.590059602233515
Gen 354
0.662337662337662
0.650856389986825
0.662337662337662
0.662337662337662
0.662337662337662
0.616412572934312
Gen 355
0.662337662337662
0.651264822134388
0.662337662337662
0.662337662337662
0.662337662337662
0.618046301524563
Gen 356
0.662337662337662
0.645247506117072
0.662337662337662
0.662337662337662
0.662337662337662
0.593977037455299
Gen 357
0.662337662337662
0.62982683982684
0.662337662337662
0.662337662337662
0.662337662337662
0.532294372294372
Gen 358
0.662337662337662
0.649868498651108
0.662337662337662
0.662337662337662
0.662337662337662
0.612461007591443
Gen 359
0.662337662337662
0.655714285714286
0.662337662337662
0.662337662337662
0.662337662337662
0.635844155844156
Gen 360
0.662337662337662
0.650250329380765
0.662337662337662
0.662337662337662
0.662337662337662
0.61398833051007
Gen 361
0.662337662337662
0.641882803187151
0.662337662337662
0.662337662337662
0.662337662337662
0.580518225735617
Gen 362
0.662337662337662
0.626773323295063
0.662337662337662
0.662337662337662
0.662337662337662
0.520080306167263
Gen 363
0.662337662337662
0.639283392935567
0.662337662337662
0.662337662337662
0.662337662337662
0.570120584729281
Gen 364
0.662337662337662
0.642012673317022
0.662337662337662
0.662337662337662
0.662337662337662
0.581037706255098
Gen 365
0.662337662337662
0.636840328753373
0.662337662337662
0.662337662337662
0.662337662337662
0.560348328000502
Gen 366
0.662337662337662
0.648871823828346
0.662337662337662
0.662337662337662
0.662337662337662
0.608474308300395
Gen 367
0.662337662337662
0.657366083192171
0.662337662337662
0.662337662337662
0.662337662337662
0.642451345755694
Gen 368
0.662337662337662
0.648080682602422
0.662337662337662
0.662337662337662
0.662337662337662
0.6053097433967
Gen 369
0.662337662337662
0.65453014618232
0.662337662337662
0.662337662337662
0.662337662337662
0.631107597716293
Gen 370
0.662337662337662
0.654553359683795
0.662337662337662
0.662337662337662
0.662337662337662
0.631200451722191
Gen 371
0.662337662337662
0.641090156220591
0.662337662337662
0.662337662337662
0.662337662337662
0.577347637869377
Gen 372
0.662337662337662
0.655679151766109
0.662337662337662
0.662337662337662
0.662337662337662
0.635703620051446
Gen 373
0.662337662337662
0.647886943973901
0.662337662337662
0.662337662337662
0.662337662337662
0.604534788882615
Gen 374
0.662337662337662
0.648863918690006
0.662337662337662
0.662337662337662
0.662337662337662
0.608442687747036
Gen 375
0.662337662337662
0.645816676077546
0.662337662337662
0.662337662337662
0.662337662337662
0.596253717297196
Gen 376
0.662337662337662
0.64014568040655
0.662337662337662
0.662337662337662
0.662337662337662
0.573569734613213
Gen 377
0.662337662337662
0.64971277997365
0.662337662337662
0.662337662337662
0.662337662337662
0.611838132881611
Gen 378
0.662337662337662
0.649594955768869
0.662337662337662
0.662337662337662
0.662337662337662
0.611366836062488
Gen 379
0.662337662337662
0.655786561264823
0.662337662337662
0.662337662337662
0.662337662337662
0.636133258046302
Gen 380
0.662337662337662
0.63008658008658
0.662337662337662
0.662337662337662
0.662337662337662
0.533333333333333
Gen 381
0.662337662337662
0.655714285714286
0.662337662337662
0.662337662337662
0.662337662337662
0.635844155844156
Gen 382
0.662337662337662
0.64909090909091
0.662337662337662
0.662337662337662
0.662337662337662
0.60935064935065
Gen 383
0.662337662337662
0.64544889892716
0.662337662337662
0.662337662337662
0.662337662337662
0.594782608695652
Gen 384
0.662337662337662
0.631365706757012
0.662337662337662
0.662337662337662
0.662337662337662
0.538449840015057
Gen 385
0.662337662337662
0.631365706757012
0.662337662337662
0.662337662337662
0.662337662337662
0.538449840015057
Gen 386
0.662337662337662
0.64969696969697
0.662337662337662
0.662337662337662
0.662337662337662
0.611774891774892
Gen 387
0.662337662337662
0.643636614593137
0.662337662337662
0.662337662337662
0.662337662337662
0.587533471359558
Gen 388
0.662337662337662
0.648138528138528
0.662337662337662
0.662337662337662
0.662337662337662
0.605541125541126
Gen 389
0.662337662337662
0.636623376623377
0.662337662337662
0.662337662337662
0.662337662337662
0.55948051948052
Gen 390
0.662337662337662
0.655238095238096
0.662337662337662
0.662337662337662
0.662337662337662
0.633939393939394
Gen 391
0.662337662337662
0.629009348139783
0.662337662337662
0.662337662337662
0.662337662337662
0.529024405546145
Gen 392
0.662337662337662
0.650173160173161
0.662337662337662
0.662337662337662
0.662337662337662
0.613679653679654
Gen 393
0.662337662337662
0.646709956709957
0.662337662337662
0.662337662337662
0.662337662337662
0.59982683982684
Gen 394
0.662337662337662
0.637521174477697
0.662337662337662
0.662337662337662
0.662337662337662
0.563071710897798
Gen 395
0.662337662337662
0.64969696969697
0.662337662337662
0.662337662337662
0.662337662337662
0.611774891774892
Gen 396
0.662337662337662
0.657743271221533
0.662337662337662
0.662337662337662
0.662337662337662
0.643960097873142
Gen 397
0.662337662337662
0.621513896731288
0.662337662337662
0.662337662337662
0.662337662337662
0.499042599912165
Gen 398
0.662337662337662
0.657743271221533
0.662337662337662
0.662337662337662
0.662337662337662
0.643960097873142
Gen 399
0.662337662337662
0.656035133948178
0.662337662337662
0.662337662337662
0.662337662337662
0.637127548779723
Gen 400
0.662337662337662
0.63796975970889
0.662337662337662
0.662337662337662
0.662337662337662
0.564866051822574
Gen 401
0.662337662337662
0.637705627705628
0.662337662337662
0.662337662337662
0.662337662337662
0.563809523809524
Gen 402
0.662337662337662
0.645497835497836
0.662337662337662
0.662337662337662
0.662337662337662
0.594978354978355
Gen 403
0.662337662337662
0.639222661396575
0.662337662337662
0.662337662337662
0.662337662337662
0.569877658573311
Gen 404
0.662337662337662
0.633794466403163
0.662337662337662
0.662337662337662
0.662337662337662
0.548164878599661
Gen 405
0.662337662337662
0.643284396762658
0.662337662337662
0.662337662337662
0.662337662337662
0.586124600037644
Gen 406
0.662337662337662
0.644920007528703
0.662337662337662
0.662337662337662
0.662337662337662
0.592667043101826
Gen 407
0.662337662337662
0.641861471861472
0.662337662337662
0.662337662337662
0.662337662337662
0.580432900432901
Gen 408
0.662337662337662
0.650105652801305
0.662337662337662
0.662337662337662
0.662337662337662
0.613409624192233
Gen 409
0.662337662337662
0.650637053767489
0.662337662337662
0.662337662337662
0.662337662337662
0.615535228056967
Gen 410
0.662337662337662
0.634640818119079
0.662337662337662
0.662337662337662
0.662337662337662
0.551550285463329
Gen 411
0.662337662337662
0.641515151515152
0.662337662337662
0.662337662337662
0.662337662337662
0.579047619047619
Gen 412
0.662337662337662
0.641731601731602
0.662337662337662
0.662337662337662
0.662337662337662
0.57991341991342
Gen 413
0.662337662337662
0.654761904761905
0.662337662337662
0.662337662337662
0.662337662337662
0.632034632034632
Gen 414
0.662337662337662
0.65372859025033
0.662337662337662
0.662337662337662
0.662337662337662
0.627901373988331
Gen 415
0.662337662337662
0.646672313194053
0.662337662337662
0.662337662337662
0.662337662337662
0.599676265763222
Gen 416
0.662337662337662
0.646619612271787
0.662337662337662
0.662337662337662
0.662337662337662
0.599465462074158
Gen 417
0.662337662337662
0.640741577263317
0.662337662337662
0.662337662337662
0.662337662337662
0.575953322040279
Gen 418
0.662337662337662
0.648398268398269
0.662337662337662
0.662337662337662
0.662337662337662
0.606580086580087
Gen 419
0.662337662337662
0.635800865800866
0.662337662337662
0.662337662337662
0.662337662337662
0.556190476190476
Gen 420
0.662337662337662
0.624020327498589
0.662337662337662
0.662337662337662
0.662337662337662
0.509068322981367
Gen 421
0.662337662337662
0.638783612522743
0.662337662337662
0.662337662337662
0.662337662337662
0.568121463077985
Gen 422
0.662337662337662
0.618604680343811
0.662337662337662
0.662337662337662
0.662337662337662
0.487405734362256
Gen 423
0.662337662337662
0.651216512955644
0.662337662337662
0.662337662337662
0.662337662337662
0.617853064809587
Gen 424
0.662337662337662
0.644242424242425
0.662337662337662
0.662337662337662
0.662337662337662
0.58995670995671
Gen 425
0.662337662337662
0.661818181818182
0.662337662337662
0.662337662337662
0.662337662337662
0.66025974025974
Gen 426
0.662337662337662
0.643107472237907
0.662337662337662
0.662337662337662
0.662337662337662
0.585416901938641
Gen 427
0.662337662337662
0.640692640692641
0.662337662337662
0.662337662337662
0.662337662337662
0.575757575757576
Gen 428
0.662337662337662
0.628398268398269
0.662337662337662
0.662337662337662
0.662337662337662
0.526580086580087
Gen 429
0.662337662337662
0.640510069640505
0.662337662337662
0.662337662337662
0.662337662337662
0.575027291549031
Gen 430
0.662337662337662
0.642068511198946
0.662337662337662
0.662337662337662
0.662337662337662
0.581261057782797
Gen 431
0.662337662337662
0.64922077922078
0.662337662337662
0.662337662337662
0.662337662337662
0.60987012987013
Gen 432
0.662337662337662
0.643756822887258
0.662337662337662
0.662337662337662
0.662337662337662
0.588014304536044
Gen 433
0.662337662337662
0.648458748980489
0.662337662337662
0.662337662337662
0.662337662337662
0.606822008908966
Gen 434
0.662337662337662
0.638605307735743
0.662337662337662
0.662337662337662
0.662337662337662
0.567408243929983
Gen 435
0.662337662337662
0.643982683982684
0.662337662337662
0.662337662337662
0.662337662337662
0.588917748917749
Gen 436
0.662337662337662
0.649482401656315
0.662337662337662
0.662337662337662
0.662337662337662
0.610916619612272
Gen 437
0.662337662337662
0.634346194867934
0.662337662337662
0.662337662337662
0.662337662337662
0.550371792458749
Gen 438
0.662337662337662
0.623708513708514
0.662337662337662
0.662337662337662
0.662337662337662
0.507821067821068
Gen 439
0.662337662337662
0.644520484346572
0.662337662337662
0.662337662337662
0.662337662337662
0.591068950373298
Gen 440
0.662337662337662
0.653736871823829
0.662337662337662
0.662337662337662
0.662337662337662
0.627934500282326
Gen 441
0.662337662337662
0.662265010351967
0.662337662337662
0.662337662337662
0.662337662337662
0.662047054394881
Gen 442
0.662337662337662
0.644717234456365
0.662337662337662
0.662337662337662
0.662337662337662
0.591855950812473
Gen 443
0.662337662337662
0.647522303783174
0.662337662337662
0.662337662337662
0.662337662337662
0.603076228119706
Gen 444
0.662337662337662
0.647239350021959
0.662337662337662
0.662337662337662
0.662337662337662
0.601944413074848
Gen 445
0.662337662337662
0.640662400401531
0.662337662337662
0.662337662337662
0.662337662337662
0.575636614593136
Gen 446
0.662337662337662
0.629428320471799
0.662337662337662
0.662337662337662
0.662337662337662
0.530700294874208
Gen 447
0.662337662337662
0.661965493443755
0.662337662337662
0.662337662337662
0.662337662337662
0.66084898676203
Gen 448
0.662337662337662
0.648718740197001
0.662337662337662
0.662337662337662
0.662337662337662
0.607861973775017
Gen 449
0.662337662337662
0.636505301461824
0.662337662337662
0.662337662337662
0.662337662337662
0.559008218834306
Gen 450
0.662337662337662
0.636964552355857
0.662337662337662
0.662337662337662
0.662337662337662
0.56084522241044
Gen 451
0.662337662337662
0.641529957964741
0.662337662337662
0.662337662337662
0.662337662337662
0.579106844845975
Gen 452
0.662337662337662
0.642863291298074
0.662337662337662
0.662337662337662
0.662337662337662
0.584440178179309
Gen 453
0.662337662337662
0.655563586172282
0.662337662337662
0.662337662337662
0.662337662337662
0.63524135767614
Gen 454
0.662337662337662
0.652028985507247
0.662337662337662
0.662337662337662
0.662337662337662
0.621102955015999
Gen 455
0.662337662337662
0.637229437229438
0.662337662337662
0.662337662337662
0.662337662337662
0.561904761904762
Gen 456
0.662337662337662
0.644296379948554
0.662337662337662
0.662337662337662
0.662337662337662
0.590172532781229
Gen 457
0.662337662337662
0.6495670995671
0.662337662337662
0.662337662337662
0.662337662337662
0.611255411255411
Gen 458
0.662337662337662
0.651119894598156
0.662337662337662
0.662337662337662
0.662337662337662
0.617466591379635
Gen 459
0.662337662337662
0.654279314888011
0.662337662337662
0.662337662337662
0.662337662337662
0.630104272539055
Gen 460
0.662337662337662
0.641347010477446
0.662337662337662
0.662337662337662
0.662337662337662
0.578375054896794
Gen 461
0.662337662337662
0.647970387100822
0.662337662337662
0.662337662337662
0.662337662337662
0.604868561390301
Gen 462
0.662337662337662
0.642781981303721
0.662337662337662
0.662337662337662
0.662337662337662
0.584114938201895
Gen 463
0.662337662337662
0.647878787878788
0.662337662337662
0.662337662337662
0.662337662337662
0.604502164502165
Gen 464
0.662337662337662
0.657541251019512
0.662337662337662
0.662337662337662
0.662337662337662
0.643152017065061
Gen 465
0.662337662337662
0.632900432900433
0.662337662337662
0.662337662337662
0.662337662337662
0.544588744588745
Gen 466
0.662337662337662
0.637820440429136
0.662337662337662
0.662337662337662
0.662337662337662
0.564268774703558
Gen 467
0.662337662337662
0.637187401970011
0.662337662337662
0.662337662337662
0.662337662337662
0.561736620867056
Gen 468
0.662337662337662
0.638400150574064
0.662337662337662
0.662337662337662
0.662337662337662
0.566587615283268
Gen 469
0.662337662337662
0.646576322228497
0.662337662337662
0.662337662337662
0.662337662337662
0.599292301900998
Gen 470
0.662337662337662
0.62486893782546
0.662337662337662
0.662337662337662
0.662337662337662
0.512462764288851
Gen 471
0.662337662337662
0.648138528138528
0.662337662337662
0.662337662337662
0.662337662337662
0.605541125541126
Gen 472
0.662337662337662
0.649691323169584
0.662337662337662
0.662337662337662
0.662337662337662
0.611752305665349
Gen 473
0.662337662337662
0.643587427065688
0.662337662337662
0.662337662337662
0.662337662337662
0.587336721249765
Gen 474
0.662337662337662
0.641373988330511
0.662337662337662
0.662337662337662
0.662337662337662
0.578482966309053
Gen 475
0.662337662337662
0.630067130936697
0.662337662337662
0.662337662337662
0.662337662337662
0.533255536733798
Gen 476
0.662337662337662
0.636143421795596
0.662337662337662
0.662337662337662
0.662337662337662
0.557560700169396
Gen 477
0.662337662337662
0.654150197628459
0.662337662337662
0.662337662337662
0.662337662337662
0.629587803500847
Gen 478
0.662337662337662
0.628568919003702
0.662337662337662
0.662337662337662
0.662337662337662
0.52726268900182
Gen 479
0.662337662337662
0.642167262689002
0.662337662337662
0.662337662337662
0.662337662337662
0.58165606374302
Gen 480
0.662337662337662
0.656397515527951
0.662337662337662
0.662337662337662
0.662337662337662
0.638577075098814
Gen 481
0.662337662337662
0.635844155844156
0.662337662337662
0.662337662337662
0.662337662337662
0.556363636363637
Gen 482
0.662337662337662
0.648600037643516
0.662337662337662
0.662337662337662
0.662337662337662
0.607387163561077
Gen 483
0.662337662337662
0.64201995106343
0.662337662337662
0.662337662337662
0.662337662337662
0.58106681724073
Gen 484
0.662337662337662
0.656175795219274
0.662337662337662
0.662337662337662
0.662337662337662
0.637690193864107
Gen 485
0.662337662337662
0.650568793525316
0.662337662337662
0.662337662337662
0.662337662337662
0.615262187088274
Gen 486
0.662337662337662
0.63579145492189
0.662337662337662
0.662337662337662
0.662337662337662
0.556152832674572
Gen 487
0.662337662337662
0.646788631658197
0.662337662337662
0.662337662337662
0.662337662337662
0.600141539619801
Gen 488
0.662337662337662
0.642077922077922
0.662337662337662
0.662337662337662
0.662337662337662
0.581298701298701
Gen 489
0.662337662337662
0.661818181818182
0.662337662337662
0.662337662337662
0.662337662337662
0.66025974025974
Gen 490
0.662337662337662
0.654687370600414
0.662337662337662
0.662337662337662
0.662337662337662
0.631736495388669
Gen 491
0.662337662337662
0.620286467156033
0.662337662337662
0.662337662337662
0.662337662337662
0.494132881611143
Gen 492
0.662337662337662
0.652300018821758
0.662337662337662
0.662337662337662
0.662337662337662
0.622187088274045
Gen 493
0.662337662337662
0.654888010540185
0.662337662337662
0.662337662337662
0.662337662337662
0.632539055147751
Gen 494
0.662337662337662
0.662337662337663
0.662337662337662
0.662337662337662
0.662337662337662
0.662337662337662
Gen 495
0.662337662337662
0.654902816989774
0.662337662337662
0.662337662337662
0.662337662337662
0.632598280946107
Gen 496
0.662337662337662
0.653634481460569
0.662337662337662
0.662337662337662
0.662337662337662
0.627524938829287
Gen 497
0.662337662337662
0.635539243365331
0.662337662337662
0.662337662337662
0.662337662337662
0.555143986448334
Gen 498
0.662337662337662
0.625737499215761
0.662337662337662
0.662337662337662
0.662337662337662
0.515937009850053
Gen 499
0.662337662337662
0.642759269715792
0.662337662337662
0.662337662337662
0.662337662337662
0.584024091850179
Gen 500
0.662337662337662
0.647609636740072
0.662337662337662
0.662337662337662
0.662337662337662
0.603425559947299
