Gen 1
0,0106280195236715
0,00865800875800866
0,00772946879903382
2E-10
2E-10
2E-10
1E-10
1E-10
1E-10
1E-10
1E-10
1E-10
1E-10
1E-10
1E-10
1E-10
1E-10
1E-10
1E-10
1E-10
Gen 2
0,0106280195236715
0,0106280195236715
0,00865800875800866
0,00772946879903382
0,00772946879903382
2E-10
2E-10
2E-10
1E-10
1E-10
1E-10
1E-10
1E-10
1E-10
1E-10
1E-10
1E-10
1E-10
1E-10
1E-10
Gen 3
0,0338164253207729
0,0106280195236715
0,0106280195236715
0,0106280195236715
0,00865800875800866
0,00865800875800866
0,00772946879903382
0,00772946879903382
0,00772946879903382
2E-10
2E-10
2E-10
1E-10
1E-10
1E-10
1E-10
1E-10
1E-10
1E-10
1E-10
Gen 4
0,0476190477190476
0,0476190477190476
0,0346320347320346
0,0338164253207729
0,0338164253207729
0,0106280195236715
0,0106280195236715
0,0106280195236715
0,0106280195236715
0,00865800875800866
0,00865800875800866
0,00865800875800866
0,00865800875800866
0,00772946879903382
0,00772946879903382
0,00772946879903382
2E-10
1E-10
1E-10
1E-10
Gen 5
0,0476190477190476
0,0476190477190476
0,0476190477190476
0,0476190477190476
0,038961039061039
0,0346320347320346
0,0346320347320346
0,0338164253207729
0,0338164253207729
0,0216450217450216
0,0106280195236715
0,0106280195236715
0,00865800875800866
0,00865800875800866
0,00772946879903382
2E-10
2E-10
2E-10
1E-10
1E-10
Gen 6
0,0476190477190476
0,0476190477190476
0,0476190477190476
0,0216450217450216
0,00772946879903382
0,00772946879903382
2E-10
1E-10
1E-10
1E-10
1E-10
1E-10
1E-10
1E-10
1E-10
1E-10
1E-10
1E-10
1E-10
1E-10
Gen 7
0,0476190477190476
0,0476190477190476
0,0476190477190476
0,0476190477190476
0,0216450217450216
0,00772946879903382
0,00772946879903382
0,00772946879903382
0,00772946879903382
2E-10
2E-10
1E-10
1E-10
1E-10
1E-10
1E-10
1E-10
1E-10
1E-10
1E-10
Gen 8
0,0476190477190476
0,0476190477190476
0,0476190477190476
0,0476190477190476
0,0476190477190476
0,0303030304030303
0,0216450217450216
0,0216450217450216
0,00772946879903382
0,00772946879903382
0,00772946879903382
0,00772946879903382
0,00772946879903382
2E-10
2E-10
2E-10
1E-10
1E-10
1E-10
1E-10
Gen 9
0,0476190477190476
0,0476190477190476
0,0476190477190476
0,0476190477190476
0,0476190477190476
0,0476190477190476
0,0476190477190476
0,0476190477190476
0,0216450217450216
0,0216450217450216
0,00772946879903382
2E-10
2E-10
1E-10
1E-10
1E-10
1E-10
1E-10
1E-10
1E-10
Gen 10
0,0476190477190476
0,0476190477190476
0,0476190477190476
0,0476190477190476
0,0476190477190476
0,0476190477190476
0,0476190477190476
0,0476190477190476
0,0476190477190476
0,0476190477190476
0,0476190477190476
0,0216450217450216
2E-10
1E-10
1E-10
1E-10
1E-10
1E-10
1E-10
1E-10
Gen 11
0,0606060607060606
0,0476190477190476
0,0476190477190476
0,0476190477190476
0,0476190477190476
0,0476190477190476
0,0476190477190476
0,0476190477190476
0,0476190477190476
0,0476190477190476
0,0476190477190476
0,0476190477190476
0,0476190477190476
0,0476190477190476
0,0476190477190476
0,0476190477190476
0,0216450217450216
2E-10
1E-10
1E-10
Gen 12
0,0606060607060606
0,0476190477190476
0,0476190477190476
0,0476190477190476
0,0476190477190476
0,0476190477190476
0,0476190477190476
0,0476190477190476
0,0476190477190476
0,0476190477190476
0,0476190477190476
0,0476190477190476
0,0476190477190476
0,0476190477190476
0,0476190477190476
0,0216450217450216
1E-10
1E-10
1E-10
1E-10
Gen 13
0,0952380953380952
0,0606060607060606
0,0476190477190476
0,0476190477190476
0,0476190477190476
0,0476190477190476
0,0476190477190476
0,0476190477190476
0,0476190477190476
0,0476190477190476
0,0476190477190476
0,0476190477190476
0,0476190477190476
0,0476190477190476
0,0476190477190476
0,0476190477190476
0,0476190477190476
2E-10
1E-10
1E-10
Gen 14
0,0952380953380952
0,0952380953380952
0,0606060607060606
0,0606060607060606
0,0476190477190476
0,0476190477190476
0,0476190477190476
0,0476190477190476
0,0476190477190476
0,0476190477190476
0,0476190477190476
0,0476190477190476
0,0476190477190476
0,0476190477190476
0,0476190477190476
0,0476190477190476
0,0476190477190476
2E-10
1E-10
1E-10
Gen 15
0,0952380953380952
0,0952380953380952
0,0952380953380952
0,0606060607060606
0,0606060607060606
0,0606060607060606
0,0562770563770563
0,0476190477190476
0,0476190477190476
0,0476190477190476
0,0476190477190476
0,0476190477190476
0,0476190477190476
0,0476190477190476
0,0476190477190476
0,0476190477190476
1E-10
1E-10
1E-10
1E-10
Gen 16
0,0952380953380952
0,0952380953380952
0,0952380953380952
0,0952380953380952
0,0606060607060606
0,0606060607060606
0,0606060607060606
0,0606060607060606
0,0562770563770563
0,0476190477190476
0,0476190477190476
0,0476190477190476
0,0476190477190476
0,0476190477190476
0,0476190477190476
2E-10
1E-10
1E-10
1E-10
1E-10
Gen 17
0,0995670996670996
0,0952380953380952
0,0952380953380952
0,0952380953380952
0,0952380953380952
0,0952380953380952
0,0952380953380952
0,0606060607060606
0,0606060607060606
0,0606060607060606
0,0606060607060606
0,0476190477190476
0,0476190477190476
0,0476190477190476
0,0476190477190476
0,0476190477190476
1E-10
1E-10
1E-10
1E-10
Gen 18
0,0995670996670996
0,0952380953380952
0,0952380953380952
0,0952380953380952
0,0952380953380952
0,0952380953380952
0,0952380953380952
0,0952380953380952
0,0952380953380952
0,0952380953380952
0,0952380953380952
0,0606060607060606
0,0606060607060606
0,0606060607060606
0,0606060607060606
0,0606060607060606
0,0476190477190476
0,0476190477190476
0,0476190477190476
1E-10
Gen 19
0,0995670996670996
0,0995670996670996
0,0952380953380952
0,0952380953380952
0,0952380953380952
0,0952380953380952
0,0952380953380952
0,0952380953380952
0,0952380953380952
0,0952380953380952
0,0952380953380952
0,0952380953380952
0,0952380953380952
0,0952380953380952
0,0952380953380952
0,0952380953380952
0,0606060607060606
0,0606060607060606
0,0606060607060606
0,0476190477190476
Gen 20
0,0995670996670996
0,0995670996670996
0,0995670996670996
0,0952380953380952
0,0952380953380952
0,0952380953380952
0,0952380953380952
0,0952380953380952
0,0952380953380952
0,0952380953380952
0,0952380953380952
0,0952380953380952
0,0952380953380952
0,0952380953380952
0,0952380953380952
0,0606060607060606
2E-10
1E-10
1E-10
1E-10
Gen 21
0,0995670996670996
0,0995670996670996
0,0995670996670996
0,0995670996670996
0,0995670996670996
0,0995670996670996
0,0952380953380952
0,0952380953380952
0,0952380953380952
0,0952380953380952
0,0952380953380952
0,0952380953380952
0,0952380953380952
0,0952380953380952
0,0606060607060606
0,0303030304030303
2E-10
2E-10
2E-10
1E-10
Gen 22
0,0995670996670996
0,0995670996670996
0,0995670996670996
0,0995670996670996
0,0995670996670996
0,0995670996670996
0,0995670996670996
0,0995670996670996
0,0952380953380952
0,0952380953380952
0,0952380953380952
0,0952380953380952
0,0952380953380952
0,0952380953380952
0,0952380953380952
0,0952380953380952
1E-10
1E-10
1E-10
1E-10
Gen 23
0,0995670996670996
0,0995670996670996
0,0995670996670996
0,0995670996670996
0,0995670996670996
0,0995670996670996
0,0995670996670996
0,0995670996670996
0,0995670996670996
0,0995670996670996
0,0952380953380952
0,0952380953380952
0,0952380953380952
0,0952380953380952
0,0952380953380952
0,0952380953380952
0,0606060607060606
2E-10
2E-10
1E-10
Gen 24
0,0995670996670996
0,0995670996670996
0,0995670996670996
0,0995670996670996
0,0995670996670996
0,0995670996670996
0,0995670996670996
0,0995670996670996
0,0995670996670996
0,0995670996670996
0,0995670996670996
0,0952380953380952
0,0952380953380952
0,0952380953380952
0,0952380953380952
0,0952380953380952
0,0952380953380952
0,0606060607060606
1E-10
1E-10
Gen 25
0,0995670996670996
0,0995670996670996
0,0995670996670996
0,0995670996670996
0,0995670996670996
0,0995670996670996
0,0995670996670996
0,0995670996670996
0,0995670996670996
0,0995670996670996
0,0995670996670996
0,0995670996670996
0,0995670996670996
0,0952380953380952
0,0952380953380952
0,0952380953380952
0,0606060607060606
1E-10
1E-10
1E-10
Gen 26
0,0995670996670996
0,0995670996670996
0,0995670996670996
0,0995670996670996
0,0995670996670996
0,0995670996670996
0,0995670996670996
0,0995670996670996
0,0995670996670996
0,0995670996670996
0,0995670996670996
0,0995670996670996
0,0995670996670996
0,0995670996670996
0,0995670996670996
0,0952380953380952
0,0952380953380952
0,0432900433900433
2E-10
2E-10
Gen 27
0,0995670996670996
0,0995670996670996
0,0995670996670996
0,0995670996670996
0,0995670996670996
0,0995670996670996
0,0995670996670996
0,0995670996670996
0,0995670996670996
0,0995670996670996
0,0995670996670996
0,0995670996670996
0,0995670996670996
0,0995670996670996
0,0995670996670996
0,0995670996670996
0,0952380953380952
0,0952380953380952
2E-10
1E-10
Gen 28
0,0995670996670996
0,0995670996670996
0,0995670996670996
0,0995670996670996
0,0995670996670996
0,0995670996670996
0,0995670996670996
0,0995670996670996
0,0995670996670996
0,0995670996670996
0,0995670996670996
0,0995670996670996
0,0995670996670996
0,0995670996670996
0,0995670996670996
0,0995670996670996
0,0995670996670996
0,0952380953380952
1E-10
1E-10
Gen 29
0,0995670996670996
0,0995670996670996
0,0995670996670996
0,0995670996670996
0,0995670996670996
0,0995670996670996
0,0995670996670996
0,0995670996670996
0,0995670996670996
0,0995670996670996
0,0995670996670996
0,0995670996670996
0,0995670996670996
0,0995670996670996
0,0995670996670996
0,0995670996670996
0,0995670996670996
0,0952380953380952
2E-10
1E-10
Gen 30
0,112554112654113
0,0995670996670996
0,0995670996670996
0,0995670996670996
0,0995670996670996
0,0995670996670996
0,0995670996670996
0,0995670996670996
0,0995670996670996
0,0995670996670996
0,0995670996670996
0,0995670996670996
0,0995670996670996
0,0995670996670996
0,0995670996670996
0,0995670996670996
0,0995670996670996
0,0952380953380952
1E-10
1E-10
Gen 31
0,112554112654113
0,112554112654113
0,0995670996670996
0,0995670996670996
0,0995670996670996
0,0995670996670996
0,0995670996670996
0,0995670996670996
0,0995670996670996
0,0995670996670996
0,0995670996670996
0,0995670996670996
0,0995670996670996
0,0995670996670996
0,0995670996670996
0,0995670996670996
0,0952380953380952
0,0779220780220779
1E-10
1E-10
Gen 32
0,112554112654113
0,112554112654113
0,112554112654113
0,0995670996670996
0,0995670996670996
0,0995670996670996
0,0995670996670996
0,0995670996670996
0,0995670996670996
0,0995670996670996
0,0995670996670996
0,0995670996670996
0,0995670996670996
0,0995670996670996
0,0995670996670996
0,0995670996670996
0,0952380953380952
2E-10
1E-10
1E-10
Gen 33
0,112554112654113
0,112554112654113
0,112554112654113
0,112554112654113
0,0995670996670996
0,0995670996670996
0,0995670996670996
0,0995670996670996
0,0995670996670996
0,0995670996670996
0,0995670996670996
0,0995670996670996
0,0995670996670996
0,0995670996670996
0,0995670996670996
0,0952380953380952
0,0562770563770563
0,0476190477190476
0,00483091807439613
1E-10
Gen 34
0,112554112654113
0,112554112654113
0,112554112654113
0,112554112654113
0,112554112654113
0,112554112654113
0,0995670996670996
0,0995670996670996
0,0995670996670996
0,0995670996670996
0,0995670996670996
0,0995670996670996
0,0995670996670996
0,0995670996670996
0,0995670996670996
0,0995670996670996
0,0476190477190476
2E-10
1E-10
1E-10
Gen 35
0,112554112654113
0,112554112654113
0,112554112654113
0,112554112654113
0,112554112654113
0,112554112654113
0,112554112654113
0,0995670996670996
0,0995670996670996
0,0995670996670996
0,0995670996670996
0,0995670996670996
0,0995670996670996
0,0995670996670996
0,0995670996670996
0,0995670996670996
0,0346320347320346
2E-10
1E-10
1E-10
Gen 36
0,112554112654113
0,112554112654113
0,112554112654113
0,112554112654113
0,112554112654113
0,112554112654113
0,112554112654113
0,112554112654113
0,103896103996104
0,0995670996670996
0,0995670996670996
0,0995670996670996
0,0995670996670996
0,0995670996670996
0,0995670996670996
0,0995670996670996
0,0995670996670996
0,0476190477190476
0,0386473431951691
0,0303030304030303
Gen 37
0,112554112654113
0,112554112654113
0,112554112654113
0,112554112654113
0,112554112654113
0,112554112654113
0,112554112654113
0,112554112654113
0,112554112654113
0,112554112654113
0,112554112654113
0,103896103996104
0,0995670996670996
0,0995670996670996
0,0995670996670996
0,0995670996670996
0,0432900433900433
0,0328502417458937
0,0303030304030303
1E-10
Gen 38
0,112554112654113
0,112554112654113
0,112554112654113
0,112554112654113
0,112554112654113
0,112554112654113
0,112554112654113
0,112554112654113
0,112554112654113
0,112554112654113
0,112554112654113
0,112554112654113
0,103896103996104
0,0995670996670996
0,0995670996670996
0,0995670996670996
0,0995670996670996
0,0995670996670996
0,0562770563770563
0,0303030304030303
Gen 39
0,112554112654113
0,112554112654113
0,112554112654113
0,112554112654113
0,112554112654113
0,112554112654113
0,112554112654113
0,112554112654113
0,112554112654113
0,112554112654113
0,112554112654113
0,112554112654113
0,112554112654113
0,112554112654113
0,103896103996104
0,0995670996670996
0,0995670996670996
0,0995670996670996
0,0995670996670996
0,0303030304030303
Gen 40
0,112554112654113
0,112554112654113
0,112554112654113
0,112554112654113
0,112554112654113
0,112554112654113
0,112554112654113
0,112554112654113
0,112554112654113
0,112554112654113
0,112554112654113
0,112554112654113
0,112554112654113
0,112554112654113
0,103896103996104
0,0995670996670996
0,0995670996670996
0,0995670996670996
0,0995670996670996
0,0303030304030303
Gen 41
0,112554112654113
0,112554112654113
0,112554112654113
0,112554112654113
0,112554112654113
0,112554112654113
0,112554112654113
0,112554112654113
0,112554112654113
0,112554112654113
0,112554112654113
0,112554112654113
0,112554112654113
0,112554112654113
0,103896103996104
0,0995670996670996
0,0995670996670996
0,0995670996670996
0,0995670996670996
1E-10
Gen 42
0,112554112654113
0,112554112654113
0,112554112654113
0,112554112654113
0,112554112654113
0,112554112654113
0,112554112654113
0,112554112654113
0,112554112654113
0,112554112654113
0,112554112654113
0,112554112654113
0,112554112654113
0,112554112654113
0,103896103996104
0,0995670996670996
0,0995670996670996
0,0995670996670996
2E-10
1E-10
Gen 43
0,125541125641126
0,112554112654113
0,112554112654113
0,112554112654113
0,112554112654113
0,112554112654113
0,112554112654113
0,112554112654113
0,112554112654113
0,112554112654113
0,112554112654113
0,112554112654113
0,112554112654113
0,112554112654113
0,112554112654113
0,112554112654113
0,112554112654113
0,112554112654113
0,112554112654113
0,0995670996670996
Gen 44
0,125541125641126
0,125541125641126
0,112554112654113
0,112554112654113
0,112554112654113
0,112554112654113
0,112554112654113
0,112554112654113
0,112554112654113
0,112554112654113
0,112554112654113
0,112554112654113
0,112554112654113
0,112554112654113
0,112554112654113
0,112554112654113
0,112554112654113
0,112554112654113
0,112554112654113
0,112554112654113
Gen 45
0,125541125641126
0,125541125641126
0,125541125641126
0,125541125641126
0,112554112654113
0,112554112654113
0,112554112654113
0,112554112654113
0,112554112654113
0,112554112654113
0,112554112654113
0,112554112654113
0,112554112654113
0,112554112654113
0,112554112654113
0,112554112654113
0,112554112654113
0,112554112654113
0,112554112654113
0,112554112654113
Gen 46
0,125541125641126
0,125541125641126
0,125541125641126
0,112554112654113
0,112554112654113
0,112554112654113
0,112554112654113
0,112554112654113
0,112554112654113
0,112554112654113
0,112554112654113
0,112554112654113
0,112554112654113
0,112554112654113
0,112554112654113
0,112554112654113
0,112554112654113
0,112554112654113
0,112554112654113
2E-10
Gen 47
0,125541125641126
0,125541125641126
0,125541125641126
0,125541125641126
0,125541125641126
0,112554112654113
0,112554112654113
0,112554112654113
0,112554112654113
0,112554112654113
0,112554112654113
0,112554112654113
0,112554112654113
0,112554112654113
0,112554112654113
0,112554112654113
0,112554112654113
0,0692640693640693
0,0432900433900433
1E-10
Gen 48
0,138528138628139
0,125541125641126
0,125541125641126
0,125541125641126
0,125541125641126
0,125541125641126
0,125541125641126
0,125541125641126
0,112554112654113
0,112554112654113
0,112554112654113
0,112554112654113
0,112554112654113
0,112554112654113
0,112554112654113
0,112554112654113
0,112554112654113
0,112554112654113
0,112554112654113
2E-10
Gen 49
0,138528138628139
0,138528138628139
0,125541125641126
0,125541125641126
0,125541125641126
0,125541125641126
0,125541125641126
0,125541125641126
0,125541125641126
0,125541125641126
0,125541125641126
0,112554112654113
0,112554112654113
0,112554112654113
0,112554112654113
0,112554112654113
0,112554112654113
0,112554112654113
0,0692640693640693
2E-10
Gen 50
0,138528138628139
0,138528138628139
0,138528138628139
0,125541125641126
0,125541125641126
0,125541125641126
0,125541125641126
0,125541125641126
0,125541125641126
0,125541125641126
0,125541125641126
0,125541125641126
0,125541125641126
0,125541125641126
0,125541125641126
0,112554112654113
0,112554112654113
0,112554112654113
0,112554112654113
0,0692640693640693
Gen 51
0,138528138628139
0,138528138628139
0,138528138628139
0,138528138628139
0,125541125641126
0,125541125641126
0,125541125641126
0,125541125641126
0,125541125641126
0,125541125641126
0,125541125641126
0,125541125641126
0,125541125641126
0,125541125641126
0,125541125641126
0,125541125641126
0,125541125641126
0,112554112654113
0,112554112654113
0,0562770563770563
Gen 52
0,138528138628139
0,138528138628139
0,138528138628139
0,138528138628139
0,138528138628139
0,138528138628139
0,138528138628139
0,125541125641126
0,125541125641126
0,125541125641126
0,125541125641126
0,125541125641126
0,125541125641126
0,125541125641126
0,125541125641126
0,125541125641126
0,125541125641126
0,112554112654113
0,112554112654113
0,0692640693640693
Gen 53
0,138528138628139
0,138528138628139
0,138528138628139
0,138528138628139
0,138528138628139
0,138528138628139
0,138528138628139
0,138528138628139
0,138528138628139
0,125541125641126
0,125541125641126
0,125541125641126
0,125541125641126
0,125541125641126
0,125541125641126
0,125541125641126
0,125541125641126
0,125541125641126
0,112554112654113
0,0692640693640693
Gen 54
0,138528138628139
0,138528138628139
0,138528138628139
0,138528138628139
0,138528138628139
0,138528138628139
0,138528138628139
0,138528138628139
0,138528138628139
0,138528138628139
0,138528138628139
0,125541125641126
0,125541125641126
0,125541125641126
0,125541125641126
0,125541125641126
0,125541125641126
0,125541125641126
0,112554112654113
0,0692640693640693
Gen 55
0,138528138628139
0,138528138628139
0,138528138628139
0,138528138628139
0,138528138628139
0,138528138628139
0,138528138628139
0,138528138628139
0,138528138628139
0,138528138628139
0,138528138628139
0,138528138628139
0,138528138628139
0,138528138628139
0,138528138628139
0,125541125641126
0,125541125641126
0,125541125641126
0,125541125641126
0,125541125641126
Gen 56
0,138528138628139
0,138528138628139
0,138528138628139
0,138528138628139
0,138528138628139
0,138528138628139
0,138528138628139
0,138528138628139
0,138528138628139
0,138528138628139
0,138528138628139
0,138528138628139
0,138528138628139
0,138528138628139
0,138528138628139
0,138528138628139
0,125541125641126
0,125541125641126
0,125541125641126
0,125541125641126
Gen 57
0,138528138628139
0,138528138628139
0,138528138628139
0,138528138628139
0,138528138628139
0,138528138628139
0,138528138628139
0,138528138628139
0,138528138628139
0,138528138628139
0,138528138628139
0,138528138628139
0,138528138628139
0,138528138628139
0,138528138628139
0,138528138628139
0,125541125641126
0,125541125641126
0,125541125641126
0,125541125641126
Gen 58
0,138528138628139
0,138528138628139
0,138528138628139
0,138528138628139
0,138528138628139
0,138528138628139
0,138528138628139
0,138528138628139
0,138528138628139
0,138528138628139
0,138528138628139
0,138528138628139
0,138528138628139
0,138528138628139
0,138528138628139
0,138528138628139
0,138528138628139
0,125541125641126
0,125541125641126
0,125541125641126
Gen 59
0,138528138628139
0,138528138628139
0,138528138628139
0,138528138628139
0,138528138628139
0,138528138628139
0,138528138628139
0,138528138628139
0,138528138628139
0,138528138628139
0,138528138628139
0,138528138628139
0,138528138628139
0,138528138628139
0,138528138628139
0,138528138628139
0,138528138628139
0,138528138628139
0,125541125641126
0,125541125641126
Gen 60
0,138528138628139
0,138528138628139
0,138528138628139
0,138528138628139
0,138528138628139
0,138528138628139
0,138528138628139
0,138528138628139
0,138528138628139
0,138528138628139
0,138528138628139
0,138528138628139
0,138528138628139
0,138528138628139
0,138528138628139
0,138528138628139
0,138528138628139
0,138528138628139
0,138528138628139
0,125541125641126
Gen 61
0,155844155944156
0,138528138628139
0,138528138628139
0,138528138628139
0,138528138628139
0,138528138628139
0,138528138628139
0,138528138628139
0,138528138628139
0,138528138628139
0,138528138628139
0,138528138628139
0,138528138628139
0,138528138628139
0,138528138628139
0,138528138628139
0,138528138628139
0,138528138628139
0,138528138628139
1E-10
Gen 62
0,277294686190338
0,155844155944156
0,138528138628139
0,138528138628139
0,138528138628139
0,138528138628139
0,138528138628139
0,138528138628139
0,138528138628139
0,138528138628139
0,138528138628139
0,138528138628139
0,138528138628139
0,138528138628139
0,138528138628139
0,138528138628139
0,138528138628139
0,138528138628139
0,138528138628139
1E-10
Gen 63
0,277294686190338
0,277294686190338
0,155844155944156
0,155844155944156
0,138528138628139
0,138528138628139
0,138528138628139
0,138528138628139
0,138528138628139
0,138528138628139
0,138528138628139
0,138528138628139
0,138528138628139
0,138528138628139
0,138528138628139
0,138528138628139
0,138528138628139
0,138528138628139
1E-10
1E-10
Gen 64
0,277294686190338
0,277294686190338
0,277294686190338
0,277294686190338
0,155844155944156
0,155844155944156
0,155844155944156
0,138528138628139
0,138528138628139
0,138528138628139
0,138528138628139
0,138528138628139
0,138528138628139
0,138528138628139
0,138528138628139
0,138528138628139
0,138528138628139
0,138528138628139
2E-10
1E-10
Gen 65
0,277294686190338
0,277294686190338
0,277294686190338
0,277294686190338
0,277294686190338
0,277294686190338
0,277294686190338
0,155844155944156
0,155844155944156
0,155844155944156
0,138528138628139
0,138528138628139
0,138528138628139
0,138528138628139
0,138528138628139
0,138528138628139
0,138528138628139
0,138528138628139
0,0779220780220779
2E-10
Gen 66
0,277294686190338
0,277294686190338
0,277294686190338
0,277294686190338
0,277294686190338
0,277294686190338
0,277294686190338
0,277294686190338
0,277294686190338
0,155844155944156
0,138528138628139
0,138528138628139
0,138528138628139
0,138528138628139
0,0779220780220779
0,0606060607060606
1E-10
1E-10
1E-10
1E-10
Gen 67
0,277294686190338
0,277294686190338
0,277294686190338
0,277294686190338
0,277294686190338
0,277294686190338
0,277294686190338
0,277294686190338
0,277294686190338
0,155844155944156
0,138528138628139
0,138528138628139
0,0909090910090909
0,0779220780220779
0,0606060607060606
2E-10
1E-10
1E-10
1E-10
1E-10
Gen 68
0,277294686190338
0,277294686190338
0,277294686190338
0,277294686190338
0,277294686190338
0,277294686190338
0,277294686190338
0,277294686190338
0,277294686190338
0,277294686190338
0,277294686190338
0,277294686190338
0,277294686190338
0,276328502615459
0,155844155944156
0,138528138628139
2E-10
1E-10
1E-10
1E-10
Gen 69
0,277294686190338
0,277294686190338
0,277294686190338
0,277294686190338
0,277294686190338
0,277294686190338
0,277294686190338
0,277294686190338
0,277294686190338
0,277294686190338
0,277294686190338
0,277294686190338
0,277294686190338
0,276328502615459
0,155844155944156
0,138528138628139
1E-10
1E-10
1E-10
1E-10
Gen 70
0,277294686190338
0,277294686190338
0,277294686190338
0,277294686190338
0,277294686190338
0,277294686190338
0,277294686190338
0,277294686190338
0,277294686190338
0,277294686190338
0,277294686190338
0,277294686190338
0,276328502615459
0,0562770563770563
0,012987013087013
2E-10
1E-10
1E-10
1E-10
1E-10
Gen 71
0,277294686190338
0,277294686190338
0,277294686190338
0,277294686190338
0,277294686190338
0,277294686190338
0,277294686190338
0,277294686190338
0,277294686190338
0,277294686190338
0,277294686190338
0,277294686190338
0,277294686190338
0,277294686190338
0,276328502615459
0,0270531402966184
2E-10
1E-10
1E-10
1E-10
Gen 72
0,277294686190338
0,277294686190338
0,277294686190338
0,277294686190338
0,277294686190338
0,277294686190338
0,277294686190338
0,277294686190338
0,277294686190338
0,277294686190338
0,277294686190338
0,277294686190338
0,277294686190338
0,277294686190338
0,277294686190338
0,277294686190338
0,276328502615459
0,0270531402966184
1E-10
1E-10
Gen 73
0,277294686190338
0,277294686190338
0,277294686190338
0,277294686190338
0,277294686190338
0,277294686190338
0,277294686190338
0,277294686190338
0,277294686190338
0,277294686190338
0,277294686190338
0,277294686190338
0,277294686190338
0,277294686190338
0,277294686190338
0,276328502615459
0,0735930736930736
0,0562770563770563
2E-10
1E-10
Gen 74
0,277294686190338
0,277294686190338
0,277294686190338
0,277294686190338
0,277294686190338
0,277294686190338
0,277294686190338
0,277294686190338
0,277294686190338
0,277294686190338
0,277294686190338
0,277294686190338
0,277294686190338
0,277294686190338
0,277294686190338
0,277294686190338
0,277294686190338
0,276328502615459
1E-10
1E-10
Gen 75
0,285024154789372
0,277294686190338
0,277294686190338
0,277294686190338
0,277294686190338
0,277294686190338
0,277294686190338
0,277294686190338
0,277294686190338
0,277294686190338
0,277294686190338
0,277294686190338
0,277294686190338
0,277294686190338
0,277294686190338
0,277294686190338
0,276328502615459
0,155844155944156
0,0975845412628019
2E-10
Gen 76
0,285024154789372
0,285024154789372
0,277294686190338
0,277294686190338
0,277294686190338
0,277294686190338
0,277294686190338
0,277294686190338
0,277294686190338
0,277294686190338
0,277294686190338
0,277294686190338
0,277294686190338
0,277294686190338
0,276328502615459
0,155844155944156
0,0476190477190476
2E-10
2E-10
1E-10
Gen 77
0,285024154789372
0,285024154789372
0,285024154789372
0,285024154789372
0,277294686190338
0,277294686190338
0,277294686190338
0,277294686190338
0,277294686190338
0,277294686190338
0,277294686190338
0,277294686190338
0,277294686190338
0,277294686190338
0,277294686190338
0,276328502615459
0,0347826088956522
0,025974026074026
1E-10
1E-10
Gen 78
0,285024154789372
0,285024154789372
0,285024154789372
0,285024154789372
0,285024154789372
0,285024154789372
0,277294686190338
0,277294686190338
0,277294686190338
0,277294686190338
0,277294686190338
0,277294686190338
0,277294686190338
0,277294686190338
0,277294686190338
0,276328502615459
1E-10
1E-10
1E-10
1E-10
Gen 79
0,285024154789372
0,285024154789372
0,285024154789372
0,285024154789372
0,285024154789372
0,285024154789372
0,277294686190338
0,277294686190338
0,277294686190338
0,277294686190338
0,277294686190338
0,277294686190338
0,277294686190338
0,277294686190338
0,277294686190338
0,277294686190338
0,276328502615459
0,0476190477190476
2E-10
1E-10
Gen 80
0,285024154789372
0,285024154789372
0,285024154789372
0,285024154789372
0,285024154789372
0,285024154789372
0,285024154789372
0,285024154789372
0,277294686190338
0,277294686190338
0,277294686190338
0,277294686190338
0,277294686190338
0,277294686190338
0,277294686190338
0,276328502615459
0,0476190477190476
2E-10
2E-10
1E-10
Gen 81
0,285024154789372
0,285024154789372
0,285024154789372
0,285024154789372
0,285024154789372
0,285024154789372
0,285024154789372
0,285024154789372
0,285024154789372
0,285024154789372
0,277294686190338
0,277294686190338
0,277294686190338
0,277294686190338
0,277294686190338
0,277294686190338
0,276328502615459
0,161352657204831
0,0405797103449275
1E-10
Gen 82
0,285024154789372
0,285024154789372
0,285024154789372
0,285024154789372
0,285024154789372
0,285024154789372
0,285024154789372
0,285024154789372
0,285024154789372
0,285024154789372
0,285024154789372
0,285024154789372
0,285024154789372
0,285024154789372
0,285024154789372
0,277294686190338
0,277294686190338
0,276328502615459
1E-10
1E-10
Gen 83
0,285024154789372
0,285024154789372
0,285024154789372
0,285024154789372
0,285024154789372
0,285024154789372
0,285024154789372
0,285024154789372
0,285024154789372
0,285024154789372
0,285024154789372
0,285024154789372
0,285024154789372
0,285024154789372
0,285024154789372
0,285024154789372
0,285024154789372
0,285024154789372
0,285024154789372
0,285024154789372
Gen 84
0,285024154789372
0,285024154789372
0,285024154789372
0,285024154789372
0,285024154789372
0,285024154789372
0,285024154789372
0,285024154789372
0,285024154789372
0,285024154789372
0,285024154789372
0,285024154789372
0,285024154789372
0,285024154789372
0,285024154789372
0,285024154789372
0,285024154789372
0,285024154789372
0,285024154789372
2E-10
Gen 85
0,285024154789372
0,285024154789372
0,285024154789372
0,285024154789372
0,285024154789372
0,285024154789372
0,285024154789372
0,285024154789372
0,285024154789372
0,285024154789372
0,285024154789372
0,285024154789372
0,285024154789372
0,285024154789372
0,285024154789372
0,285024154789372
0,285024154789372
0,285024154789372
0,012987013087013
1E-10
Gen 86
0,285024154789372
0,285024154789372
0,285024154789372
0,285024154789372
0,285024154789372
0,285024154789372
0,285024154789372
0,285024154789372
0,285024154789372
0,285024154789372
0,285024154789372
0,285024154789372
0,285024154789372
0,285024154789372
0,155844155944156
0,051948052048052
0,0193236716975845
0,012987013087013
0,012987013087013
1E-10
Gen 87
0,285024154789372
0,285024154789372
0,285024154789372
0,285024154789372
0,285024154789372
0,285024154789372
0,285024154789372
0,285024154789372
0,285024154789372
0,285024154789372
0,285024154789372
0,285024154789372
0,285024154789372
0,155844155944156
0,051948052048052
0,051948052048052
1E-10
1E-10
1E-10
1E-10
Gen 88
0,285024154789372
0,285024154789372
0,285024154789372
0,285024154789372
0,285024154789372
0,285024154789372
0,285024154789372
0,285024154789372
0,285024154789372
0,285024154789372
0,285024154789372
0,285024154789372
0,285024154789372
0,285024154789372
0,285024154789372
0,155844155944156
0,051948052048052
0,0476190477190476
2E-10
1E-10
Gen 89
0,285024154789372
0,285024154789372
0,285024154789372
0,285024154789372
0,285024154789372
0,285024154789372
0,285024154789372
0,285024154789372
0,285024154789372
0,285024154789372
0,285024154789372
0,285024154789372
0,285024154789372
0,285024154789372
0,285024154789372
0,285024154789372
0,285024154789372
0,155844155944156
2E-10
1E-10
Gen 90
0,285024154789372
0,285024154789372
0,285024154789372
0,285024154789372
0,285024154789372
0,285024154789372
0,285024154789372
0,285024154789372
0,285024154789372
0,285024154789372
0,285024154789372
0,285024154789372
0,285024154789372
0,285024154789372
0,285024154789372
0,285024154789372
0,285024154789372
0,051948052048052
1E-10
1E-10
Gen 91
0,285024154789372
0,285024154789372
0,285024154789372
0,285024154789372
0,285024154789372
0,285024154789372
0,285024154789372
0,285024154789372
0,285024154789372
0,285024154789372
0,285024154789372
0,285024154789372
0,285024154789372
0,285024154789372
0,285024154789372
0,285024154789372
0,012987013087013
2E-10
1E-10
1E-10
Gen 92
0,285024154789372
0,285024154789372
0,285024154789372
0,285024154789372
0,285024154789372
0,285024154789372
0,285024154789372
0,285024154789372
0,285024154789372
0,285024154789372
0,285024154789372
0,285024154789372
0,285024154789372
0,285024154789372
0,285024154789372
0,285024154789372
0,0782608697652174
2E-10
1E-10
1E-10
Gen 93
0,285024154789372
0,285024154789372
0,285024154789372
0,285024154789372
0,285024154789372
0,285024154789372
0,285024154789372
0,285024154789372
0,285024154789372
0,285024154789372
0,285024154789372
0,285024154789372
0,285024154789372
0,285024154789372
0,285024154789372
0,285024154789372
0,012987013087013
0,00289855092463768
1E-10
1E-10
Gen 94
0,285024154789372
0,285024154789372
0,285024154789372
0,285024154789372
0,285024154789372
0,285024154789372
0,285024154789372
0,285024154789372
0,285024154789372
0,285024154789372
0,285024154789372
0,285024154789372
0,285024154789372
0,285024154789372
0,285024154789372
0,285024154789372
2E-10
1E-10
1E-10
1E-10
Gen 95
0,285024154789372
0,285024154789372
0,285024154789372
0,285024154789372
0,285024154789372
0,285024154789372
0,285024154789372
0,285024154789372
0,285024154789372
0,285024154789372
0,285024154789372
0,285024154789372
0,285024154789372
0,285024154789372
0,285024154789372
0,285024154789372
0,285024154789372
0,285024154789372
1E-10
1E-10
Gen 96
0,285024154789372
0,285024154789372
0,285024154789372
0,285024154789372
0,285024154789372
0,285024154789372
0,285024154789372
0,285024154789372
0,285024154789372
0,285024154789372
0,285024154789372
0,285024154789372
0,285024154789372
0,285024154789372
0,285024154789372
0,285024154789372
0,284057971214493
0,0434782610695652
1E-10
1E-10
Gen 97
0,285024154789372
0,285024154789372
0,285024154789372
0,285024154789372
0,285024154789372
0,285024154789372
0,285024154789372
0,285024154789372
0,285024154789372
0,285024154789372
0,285024154789372
0,285024154789372
0,285024154789372
0,285024154789372
0,285024154789372
0,285024154789372
0,285024154789372
0,284057971214493
0,012987013087013
2E-10
Gen 98
0,285024154789372
0,285024154789372
0,285024154789372
0,285024154789372
0,285024154789372
0,285024154789372
0,285024154789372
0,285024154789372
0,285024154789372
0,285024154789372
0,285024154789372
0,285024154789372
0,285024154789372
0,285024154789372
0,285024154789372
0,285024154789372
0,285024154789372
0,284057971214493
0,0476190477190476
1E-10
Gen 99
0,285024154789372
0,285024154789372
0,285024154789372
0,285024154789372
0,285024154789372
0,285024154789372
0,285024154789372
0,285024154789372
0,285024154789372
0,285024154789372
0,285024154789372
0,285024154789372
0,285024154789372
0,285024154789372
0,285024154789372
0,285024154789372
0,284057971214493
2E-10
2E-10
2E-10
Gen 100
0,285024154789372
0,285024154789372
0,285024154789372
0,285024154789372
0,285024154789372
0,285024154789372
0,285024154789372
0,285024154789372
0,285024154789372
0,285024154789372
0,285024154789372
0,285024154789372
0,285024154789372
0,285024154789372
0,285024154789372
0,284057971214493
0,0476190477190476
1E-10
1E-10
1E-10
Gen 101
0,285024154789372
0,285024154789372
0,285024154789372
0,285024154789372
0,285024154789372
0,285024154789372
0,285024154789372
0,285024154789372
0,285024154789372
0,285024154789372
0,285024154789372
0,285024154789372
0,285024154789372
0,285024154789372
0,285024154789372
0,285024154789372
0,284057971214493
0,138528138628139
0,0476190477190476
1E-10
Gen 102
0,285024154789372
0,285024154789372
0,285024154789372
0,285024154789372
0,285024154789372
0,285024154789372
0,285024154789372
0,285024154789372
0,285024154789372
0,285024154789372
0,285024154789372
0,285024154789372
0,285024154789372
0,285024154789372
0,285024154789372
0,285024154789372
0,285024154789372
0,284057971214493
1E-10
1E-10
Gen 103
0,285024154789372
0,285024154789372
0,285024154789372
0,285024154789372
0,285024154789372
0,285024154789372
0,285024154789372
0,285024154789372
0,285024154789372
0,285024154789372
0,285024154789372
0,285024154789372
0,285024154789372
0,285024154789372
0,285024154789372
0,285024154789372
0,285024154789372
0,164502164602165
2E-10
2E-10
Gen 104
0,285024154789372
0,285024154789372
0,285024154789372
0,285024154789372
0,285024154789372
0,285024154789372
0,285024154789372
0,285024154789372
0,285024154789372
0,285024154789372
0,285024154789372
0,285024154789372
0,285024154789372
0,285024154789372
0,285024154789372
0,012987013087013
1E-10
1E-10
1E-10
1E-10
Gen 105
0,285024154789372
0,285024154789372
0,285024154789372
0,285024154789372
0,285024154789372
0,285024154789372
0,285024154789372
0,285024154789372
0,285024154789372
0,285024154789372
0,285024154789372
0,285024154789372
0,285024154789372
0,285024154789372
0,285024154789372
0,285024154789372
0,285024154789372
0,0173160174160173
1E-10
1E-10
Gen 106
0,285024154789372
0,285024154789372
0,285024154789372
0,285024154789372
0,285024154789372
0,285024154789372
0,285024154789372
0,285024154789372
0,285024154789372
0,285024154789372
0,285024154789372
0,285024154789372
0,285024154789372
0,285024154789372
0,285024154789372
0,285024154789372
0,138528138628139
0,0476190477190476
2E-10
1E-10
Gen 107
0,285024154789372
0,285024154789372
0,285024154789372
0,285024154789372
0,285024154789372
0,285024154789372
0,285024154789372
0,285024154789372
0,285024154789372
0,285024154789372
0,285024154789372
0,285024154789372
0,285024154789372
0,285024154789372
0,285024154789372
0,285024154789372
0,285024154789372
0,285024154789372
0,285024154789372
0,138528138628139
Gen 108
0,285024154789372
0,285024154789372
0,285024154789372
0,285024154789372
0,285024154789372
0,285024154789372
0,285024154789372
0,285024154789372
0,285024154789372
0,285024154789372
0,285024154789372
0,285024154789372
0,285024154789372
0,285024154789372
0,285024154789372
0,285024154789372
0,285024154789372
0,285024154789372
0,285024154789372
0,138528138628139
Gen 109
0,285024154789372
0,285024154789372
0,285024154789372
0,285024154789372
0,285024154789372
0,285024154789372
0,285024154789372
0,285024154789372
0,285024154789372
0,285024154789372
0,285024154789372
0,285024154789372
0,285024154789372
0,285024154789372
0,285024154789372
0,285024154789372
0,285024154789372
0,285024154789372
0,285024154789372
0,285024154789372
Gen 110
0,285024154789372
0,285024154789372
0,285024154789372
0,285024154789372
0,285024154789372
0,285024154789372
0,285024154789372
0,285024154789372
0,285024154789372
0,285024154789372
0,285024154789372
0,285024154789372
0,285024154789372
0,285024154789372
0,285024154789372
0,285024154789372
0,285024154789372
0,285024154789372
0,285024154789372
0,0476190477190476
Gen 111
0,285024154789372
0,285024154789372
0,285024154789372
0,285024154789372
0,285024154789372
0,285024154789372
0,285024154789372
0,285024154789372
0,285024154789372
0,285024154789372
0,285024154789372
0,285024154789372
0,285024154789372
0,285024154789372
0,285024154789372
0,285024154789372
0,285024154789372
0,285024154789372
0,285024154789372
1E-10
Gen 112
0,285024154789372
0,285024154789372
0,285024154789372
0,285024154789372
0,285024154789372
0,285024154789372
0,285024154789372
0,285024154789372
0,285024154789372
0,285024154789372
0,285024154789372
0,285024154789372
0,285024154789372
0,285024154789372
0,285024154789372
0,285024154789372
0,285024154789372
0,285024154789372
0,108212560586473
1E-10
Gen 113
0,285024154789372
0,285024154789372
0,285024154789372
0,285024154789372
0,285024154789372
0,285024154789372
0,285024154789372
0,285024154789372
0,285024154789372
0,285024154789372
0,285024154789372
0,285024154789372
0,285024154789372
0,285024154789372
0,285024154789372
0,285024154789372
0,0649350650350649
0,051948052048052
2E-10
1E-10
Gen 114
0,285024154789372
0,285024154789372
0,285024154789372
0,285024154789372
0,285024154789372
0,285024154789372
0,285024154789372
0,285024154789372
0,285024154789372
0,285024154789372
0,285024154789372
0,285024154789372
0,285024154789372
0,285024154789372
0,051948052048052
0,051948052048052
0,012987013087013
2E-10
1E-10
1E-10
Gen 115
0,285024154789372
0,285024154789372
0,285024154789372
0,285024154789372
0,285024154789372
0,285024154789372
0,285024154789372
0,285024154789372
0,285024154789372
0,285024154789372
0,285024154789372
0,285024154789372
0,285024154789372
0,285024154789372
0,285024154789372
0,138528138628139
2E-10
1E-10
1E-10
1E-10
Gen 116
0,285024154789372
0,285024154789372
0,285024154789372
0,285024154789372
0,285024154789372
0,285024154789372
0,285024154789372
0,285024154789372
0,285024154789372
0,285024154789372
0,285024154789372
0,285024154789372
0,285024154789372
0,285024154789372
0,285024154789372
0,285024154789372
0,285024154789372
0,138528138628139
2E-10
1E-10
Gen 117
0,285024154789372
0,285024154789372
0,285024154789372
0,285024154789372
0,285024154789372
0,285024154789372
0,285024154789372
0,285024154789372
0,285024154789372
0,285024154789372
0,285024154789372
0,285024154789372
0,285024154789372
0,285024154789372
0,285024154789372
0,285024154789372
0,285024154789372
0,285024154789372
0,285024154789372
0,285024154789372
Gen 118
0,285024154789372
0,285024154789372
0,285024154789372
0,285024154789372
0,285024154789372
0,285024154789372
0,285024154789372
0,285024154789372
0,285024154789372
0,285024154789372
0,285024154789372
0,285024154789372
0,285024154789372
0,285024154789372
0,285024154789372
0,285024154789372
0,285024154789372
0,285024154789372
0,285024154789372
0,0685990340164251
Gen 119
0,285024154789372
0,285024154789372
0,285024154789372
0,285024154789372
0,285024154789372
0,285024154789372
0,285024154789372
0,285024154789372
0,285024154789372
0,285024154789372
0,285024154789372
0,285024154789372
0,285024154789372
0,285024154789372
0,285024154789372
0,285024154789372
0,285024154789372
0,285024154789372
1E-10
1E-10
Gen 120
0,285024154789372
0,285024154789372
0,285024154789372
0,285024154789372
0,285024154789372
0,285024154789372
0,285024154789372
0,285024154789372
0,285024154789372
0,285024154789372
0,285024154789372
0,285024154789372
0,285024154789372
0,285024154789372
0,285024154789372
0,285024154789372
0,285024154789372
2E-10
1E-10
1E-10
Gen 121
0,285024154789372
0,285024154789372
0,285024154789372
0,285024154789372
0,285024154789372
0,285024154789372
0,285024154789372
0,285024154789372
0,285024154789372
0,285024154789372
0,285024154789372
0,285024154789372
0,285024154789372
0,285024154789372
0,285024154789372
0,285024154789372
0,0995670996670996
1E-10
1E-10
1E-10
Gen 122
0,285024154789372
0,285024154789372
0,285024154789372
0,285024154789372
0,285024154789372
0,285024154789372
0,285024154789372
0,285024154789372
0,285024154789372
0,285024154789372
0,285024154789372
0,285024154789372
0,285024154789372
0,285024154789372
0,285024154789372
0,285024154789372
2E-10
1E-10
1E-10
1E-10
Gen 123
0,285024154789372
0,285024154789372
0,285024154789372
0,285024154789372
0,285024154789372
0,285024154789372
0,285024154789372
0,285024154789372
0,285024154789372
0,285024154789372
0,285024154789372
0,285024154789372
0,285024154789372
0,285024154789372
0,285024154789372
0,285024154789372
2E-10
2E-10
2E-10
1E-10
Gen 124
0,285024154789372
0,285024154789372
0,285024154789372
0,285024154789372
0,285024154789372
0,285024154789372
0,285024154789372
0,285024154789372
0,285024154789372
0,285024154789372
0,285024154789372
0,285024154789372
0,285024154789372
0,285024154789372
0,285024154789372
0,285024154789372
0,285024154789372
0,0909090910090909
0,0476190477190476
1E-10
Gen 125
0,285024154789372
0,285024154789372
0,285024154789372
0,285024154789372
0,285024154789372
0,285024154789372
0,285024154789372
0,285024154789372
0,285024154789372
0,285024154789372
0,285024154789372
0,285024154789372
0,285024154789372
0,285024154789372
0,285024154789372
0,285024154789372
0,0303030304030303
0,012987013087013
1E-10
1E-10
Gen 126
0,285024154789372
0,285024154789372
0,285024154789372
0,285024154789372
0,285024154789372
0,285024154789372
0,285024154789372
0,285024154789372
0,285024154789372
0,285024154789372
0,285024154789372
0,285024154789372
0,285024154789372
0,285024154789372
0,284057971214493
0,157487922905314
2E-10
2E-10
1E-10
1E-10
Gen 127
0,285024154789372
0,285024154789372
0,285024154789372
0,285024154789372
0,285024154789372
0,285024154789372
0,285024154789372
0,285024154789372
0,285024154789372
0,285024154789372
0,285024154789372
0,285024154789372
0,285024154789372
0,285024154789372
0,285024154789372
0,284057971214493
0,012987013087013
2E-10
1E-10
1E-10
Gen 128
0,285024154789372
0,285024154789372
0,285024154789372
0,285024154789372
0,285024154789372
0,285024154789372
0,285024154789372
0,285024154789372
0,285024154789372
0,285024154789372
0,285024154789372
0,285024154789372
0,285024154789372
0,285024154789372
0,285024154789372
0,138528138628139
2E-10
1E-10
1E-10
1E-10
Gen 129
0,285024154789372
0,285024154789372
0,285024154789372
0,285024154789372
0,285024154789372
0,285024154789372
0,285024154789372
0,285024154789372
0,285024154789372
0,285024154789372
0,285024154789372
0,285024154789372
0,285024154789372
0,285024154789372
0,116883116983117
0,107246377011594
0,0476190477190476
0,012987013087013
1E-10
1E-10
Gen 130
0,285024154789372
0,285024154789372
0,285024154789372
0,285024154789372
0,285024154789372
0,285024154789372
0,285024154789372
0,285024154789372
0,285024154789372
0,285024154789372
0,285024154789372
0,285024154789372
0,116883116983117
0,051948052048052
0,012987013087013
2E-10
2E-10
2E-10
1E-10
1E-10
Gen 131
0,285024154789372
0,285024154789372
0,285024154789372
0,285024154789372
0,285024154789372
0,285024154789372
0,285024154789372
0,285024154789372
0,285024154789372
0,285024154789372
0,285024154789372
0,285024154789372
0,285024154789372
0,285024154789372
0,285024154789372
0,285024154789372
0,0476190477190476
0,00289855092463768
1E-10
1E-10
Gen 132
0,285024154789372
0,285024154789372
0,285024154789372
0,285024154789372
0,285024154789372
0,285024154789372
0,285024154789372
0,285024154789372
0,285024154789372
0,285024154789372
0,285024154789372
0,285024154789372
0,285024154789372
0,285024154789372
0,285024154789372
0,285024154789372
0,285024154789372
0,285024154789372
0,284057971214493
2E-10
Gen 133
0,28695652193913
0,285024154789372
0,285024154789372
0,285024154789372
0,285024154789372
0,285024154789372
0,285024154789372
0,285024154789372
0,285024154789372
0,285024154789372
0,285024154789372
0,285024154789372
0,285024154789372
0,285024154789372
0,285024154789372
0,285024154789372
0,285024154789372
0,285024154789372
0,285024154789372
2E-10
Gen 134
0,28695652193913
0,285024154789372
0,285024154789372
0,285024154789372
0,285024154789372
0,285024154789372
0,285024154789372
0,285024154789372
0,285024154789372
0,285024154789372
0,285024154789372
0,285024154789372
0,285024154789372
0,285024154789372
0,285024154789372
0,285024154789372
0,285024154789372
0,285024154789372
0,285024154789372
2E-10
Gen 135
0,28695652193913
0,285024154789372
0,285024154789372
0,285024154789372
0,285024154789372
0,285024154789372
0,285024154789372
0,285024154789372
0,285024154789372
0,285024154789372
0,285024154789372
0,285024154789372
0,285024154789372
0,285024154789372
0,285024154789372
0,285024154789372
0,285024154789372
0,285024154789372
0,012987013087013
1E-10
Gen 136
0,28695652193913
0,285024154789372
0,285024154789372
0,285024154789372
0,285024154789372
0,285024154789372
0,285024154789372
0,285024154789372
0,285024154789372
0,285024154789372
0,285024154789372
0,285024154789372
0,285024154789372
0,285024154789372
0,285024154789372
0,285024154789372
0,285024154789372
0,285024154789372
0,285024154789372
0,285024154789372
Gen 137
0,28695652193913
0,28695652193913
0,285024154789372
0,285024154789372
0,285024154789372
0,285024154789372
0,285024154789372
0,285024154789372
0,285024154789372
0,285024154789372
0,285024154789372
0,285024154789372
0,285024154789372
0,285024154789372
0,285024154789372
0,285024154789372
0,285024154789372
0,285024154789372
0,285024154789372
0,27536231904058
Gen 138
0,28695652193913
0,28695652193913
0,285024154789372
0,285024154789372
0,285024154789372
0,285024154789372
0,285024154789372
0,285024154789372
0,285024154789372
0,285024154789372
0,285024154789372
0,285024154789372
0,285024154789372
0,285024154789372
0,285024154789372
0,285024154789372
0,285024154789372
0,285024154789372
0,27536231904058
0,051948052048052
Gen 139
0,28695652193913
0,28695652193913
0,28695652193913
0,28695652193913
0,285024154789372
0,285024154789372
0,285024154789372
0,285024154789372
0,285024154789372
0,285024154789372
0,285024154789372
0,285024154789372
0,285024154789372
0,285024154789372
0,285024154789372
0,285024154789372
0,285024154789372
0,27536231904058
0,012987013087013
1E-10
Gen 140
0,28695652193913
0,28695652193913
0,28695652193913
0,28695652193913
0,28695652193913
0,28695652193913
0,285024154789372
0,285024154789372
0,285024154789372
0,285024154789372
0,285024154789372
0,285024154789372
0,285024154789372
0,285024154789372
0,285024154789372
0,285024154789372
0,285024154789372
0,285024154789372
0,051948052048052
2E-10
Gen 141
0,28695652193913
0,28695652193913
0,28695652193913
0,28695652193913
0,28695652193913
0,28695652193913
0,28695652193913
0,28695652193913
0,285024154789372
0,285024154789372
0,285024154789372
0,285024154789372
0,285024154789372
0,285024154789372
0,285024154789372
0,285024154789372
0,285024154789372
0,281159420489855
1E-10
1E-10
Gen 142
0,28695652193913
0,28695652193913
0,28695652193913
0,28695652193913
0,28695652193913
0,28695652193913
0,28695652193913
0,28695652193913
0,28695652193913
0,28695652193913
0,285024154789372
0,285024154789372
0,285024154789372
0,285024154789372
0,285024154789372
0,285024154789372
0,285024154789372
0,285024154789372
1E-10
1E-10
Gen 143
0,28695652193913
0,28695652193913
0,28695652193913
0,28695652193913
0,28695652193913
0,28695652193913
0,28695652193913
0,28695652193913
0,28695652193913
0,28695652193913
0,28695652193913
0,28695652193913
0,285024154789372
0,285024154789372
0,285024154789372
0,285024154789372
0,285024154789372
0,285024154789372
2E-10
1E-10
Gen 144
0,28695652193913
0,28695652193913
0,28695652193913
0,28695652193913
0,28695652193913
0,28695652193913
0,28695652193913
0,28695652193913
0,28695652193913
0,28695652193913
0,28695652193913
0,285024154789372
0,285024154789372
0,285024154789372
0,285024154789372
0,285024154789372
0,285024154789372
0,051948052048052
1E-10
1E-10
Gen 145
0,28695652193913
0,28695652193913
0,28695652193913
0,28695652193913
0,28695652193913
0,28695652193913
0,28695652193913
0,28695652193913
0,28695652193913
0,28695652193913
0,285024154789372
0,285024154789372
0,285024154789372
0,285024154789372
0,0476190477190476
2E-10
2E-10
1E-10
1E-10
1E-10
Gen 146
0,28695652193913
0,28695652193913
0,28695652193913
0,28695652193913
0,28695652193913
0,28695652193913
0,28695652193913
0,28695652193913
0,28695652193913
0,28695652193913
0,28695652193913
0,28695652193913
0,28695652193913
0,28695652193913
0,285024154789372
0,285024154789372
0,285024154789372
0,285024154789372
1E-10
1E-10
Gen 147
0,28695652193913
0,28695652193913
0,28695652193913
0,28695652193913
0,28695652193913
0,28695652193913
0,28695652193913
0,28695652193913
0,28695652193913
0,28695652193913
0,28695652193913
0,28695652193913
0,28695652193913
0,28695652193913
0,28695652193913
0,28695652193913
0,285024154789372
0,285024154789372
0,285024154789372
0,285024154789372
Gen 148
0,28695652193913
0,28695652193913
0,28695652193913
0,28695652193913
0,28695652193913
0,28695652193913
0,28695652193913
0,28695652193913
0,28695652193913
0,28695652193913
0,28695652193913
0,28695652193913
0,28695652193913
0,28695652193913
0,28695652193913
0,28695652193913
0,285024154789372
0,285024154789372
0,0909090910090909
0,051948052048052
Gen 149
0,28695652193913
0,28695652193913
0,28695652193913
0,28695652193913
0,28695652193913
0,28695652193913
0,28695652193913
0,28695652193913
0,28695652193913
0,28695652193913
0,28695652193913
0,28695652193913
0,28695652193913
0,28695652193913
0,28695652193913
0,28695652193913
0,285024154789372
0,285024154789372
0,0909090910090909
1E-10
Gen 150
0,28695652193913
0,28695652193913
0,28695652193913
0,28695652193913
0,28695652193913
0,28695652193913
0,28695652193913
0,28695652193913
0,28695652193913
0,28695652193913
0,28695652193913
0,28695652193913
0,28695652193913
0,28695652193913
0,28695652193913
0,28695652193913
0,28695652193913
0,0909090910090909
0,012987013087013
2E-10
Gen 151
0,28695652193913
0,28695652193913
0,28695652193913
0,28695652193913
0,28695652193913
0,28695652193913
0,28695652193913
0,28695652193913
0,28695652193913
0,28695652193913
0,28695652193913
0,28695652193913
0,28695652193913
0,28695652193913
0,28695652193913
0,28695652193913
0,012987013087013
2E-10
1E-10
1E-10
Gen 152
0,28695652193913
0,28695652193913
0,28695652193913
0,28695652193913
0,28695652193913
0,28695652193913
0,28695652193913
0,28695652193913
0,28695652193913
0,28695652193913
0,28695652193913
0,28695652193913
0,28695652193913
0,28695652193913
0,28695652193913
0,28695652193913
0,28695652193913
0,28695652193913
1E-10
1E-10
Gen 153
0,28695652193913
0,28695652193913
0,28695652193913
0,28695652193913
0,28695652193913
0,28695652193913
0,28695652193913
0,28695652193913
0,28695652193913
0,28695652193913
0,28695652193913
0,28695652193913
0,28695652193913
0,28695652193913
0,28695652193913
0,28695652193913
0,28695652193913
0,28695652193913
0,051948052048052
2E-10
Gen 154
0,28792270551401
0,28695652193913
0,28695652193913
0,28695652193913
0,28695652193913
0,28695652193913
0,28695652193913
0,28695652193913
0,28695652193913
0,28695652193913
0,28695652193913
0,28695652193913
0,28695652193913
0,28695652193913
0,28695652193913
0,28695652193913
2E-10
2E-10
1E-10
1E-10
Gen 155
0,28792270551401
0,28792270551401
0,28695652193913
0,28695652193913
0,28695652193913
0,28695652193913
0,28695652193913
0,28695652193913
0,28695652193913
0,28695652193913
0,28695652193913
0,28695652193913
0,28695652193913
0,28695652193913
0,28695652193913
0,28695652193913
0,28695652193913
0,28695652193913
0,0432900433900433
1E-10
Gen 156
0,28792270551401
0,28792270551401
0,28792270551401
0,28792270551401
0,28695652193913
0,28695652193913
0,28695652193913
0,28695652193913
0,28695652193913
0,28695652193913
0,28695652193913
0,28695652193913
0,28695652193913
0,28695652193913
0,28695652193913
0,28695652193913
0,28695652193913
0,28695652193913
0,28695652193913
0,28695652193913
Gen 157
0,288888889088889
0,28792270551401
0,28792270551401
0,28792270551401
0,28792270551401
0,28792270551401
0,28792270551401
0,28695652193913
0,28695652193913
0,28695652193913
0,28695652193913
0,28695652193913
0,28695652193913
0,28695652193913
0,28695652193913
0,28695652193913
0,28695652193913
0,28695652193913
0,285990338364251
0,0608695654173913
Gen 158
0,288888889088889
0,28792270551401
0,28792270551401
0,28792270551401
0,28792270551401
0,28792270551401
0,28792270551401
0,28792270551401
0,28792270551401
0,28792270551401
0,28695652193913
0,28695652193913
0,28695652193913
0,28695652193913
0,28695652193913
0,28695652193913
0,28695652193913
0,157487922905314
0,0476190477190476
1E-10
Gen 159
0,288888889088889
0,288888889088889
0,28792270551401
0,28792270551401
0,28792270551401
0,28792270551401
0,28792270551401
0,28792270551401
0,28792270551401
0,28792270551401
0,28695652193913
0,28695652193913
0,28695652193913
0,28695652193913
0,28695652193913
0,28695652193913
0,28695652193913
0,0193236716975845
1E-10
1E-10
Gen 160
0,288888889088889
0,288888889088889
0,28792270551401
0,28792270551401
0,28792270551401
0,28792270551401
0,28792270551401
0,28792270551401
0,28792270551401
0,28792270551401
0,28695652193913
0,28695652193913
0,28695652193913
0,28695652193913
0,28695652193913
0,28695652193913
1E-10
1E-10
1E-10
1E-10
Gen 161
0,288888889088889
0,288888889088889
0,288888889088889
0,288888889088889
0,28792270551401
0,28792270551401
0,28792270551401
0,28792270551401
0,28792270551401
0,28792270551401
0,28792270551401
0,28792270551401
0,28792270551401
0,28695652193913
0,28695652193913
0,28695652193913
0,28695652193913
0,28695652193913
2E-10
1E-10
Gen 162
0,288888889088889
0,288888889088889
0,288888889088889
0,288888889088889
0,288888889088889
0,28792270551401
0,28792270551401
0,28792270551401
0,28792270551401
0,28792270551401
0,28792270551401
0,28792270551401
0,28792270551401
0,28792270551401
0,28792270551401
0,28792270551401
0,28792270551401
0,28792270551401
0,28695652193913
0,28695652193913
Gen 163
0,288888889088889
0,288888889088889
0,288888889088889
0,288888889088889
0,288888889088889
0,288888889088889
0,28792270551401
0,28792270551401
0,28792270551401
0,28792270551401
0,28792270551401
0,28792270551401
0,28792270551401
0,28792270551401
0,28792270551401
0,28792270551401
0,28792270551401
0,28792270551401
0,28695652193913
0,0692640693640693
Gen 164
0,288888889088889
0,288888889088889
0,288888889088889
0,288888889088889
0,288888889088889
0,288888889088889
0,288888889088889
0,288888889088889
0,288888889088889
0,288888889088889
0,288888889088889
0,288888889088889
0,28792270551401
0,28792270551401
0,28792270551401
0,28792270551401
0,28792270551401
0,28792270551401
0,28792270551401
2E-10
Gen 165
0,288888889088889
0,288888889088889
0,288888889088889
0,288888889088889
0,288888889088889
0,288888889088889
0,288888889088889
0,288888889088889
0,288888889088889
0,288888889088889
0,288888889088889
0,288888889088889
0,28792270551401
0,28792270551401
0,28792270551401
0,28792270551401
0,28792270551401
0,0550724639681159
0,0476190477190476
1E-10
Gen 166
0,288888889088889
0,288888889088889
0,288888889088889
0,288888889088889
0,288888889088889
0,288888889088889
0,288888889088889
0,288888889088889
0,288888889088889
0,288888889088889
0,288888889088889
0,288888889088889
0,288888889088889
0,288888889088889
0,288888889088889
0,28792270551401
0,28792270551401
0,28792270551401
0,28792270551401
0,28792270551401
Gen 167
0,288888889088889
0,288888889088889
0,288888889088889
0,288888889088889
0,288888889088889
0,288888889088889
0,288888889088889
0,288888889088889
0,288888889088889
0,288888889088889
0,288888889088889
0,288888889088889
0,288888889088889
0,288888889088889
0,288888889088889
0,288888889088889
0,288888889088889
0,28792270551401
0,28792270551401
0,28792270551401
Gen 168
0,288888889088889
0,288888889088889
0,288888889088889
0,288888889088889
0,288888889088889
0,288888889088889
0,288888889088889
0,288888889088889
0,288888889088889
0,288888889088889
0,288888889088889
0,288888889088889
0,288888889088889
0,288888889088889
0,288888889088889
0,288888889088889
0,288888889088889
0,288888889088889
0,28792270551401
2E-10
Gen 169
0,288888889088889
0,288888889088889
0,288888889088889
0,288888889088889
0,288888889088889
0,288888889088889
0,288888889088889
0,288888889088889
0,288888889088889
0,288888889088889
0,288888889088889
0,288888889088889
0,288888889088889
0,288888889088889
0,288888889088889
0,288888889088889
0,28792270551401
0,0779220780220779
0,0476190477190476
2E-10
Gen 170
0,288888889088889
0,288888889088889
0,288888889088889
0,288888889088889
0,288888889088889
0,288888889088889
0,288888889088889
0,288888889088889
0,288888889088889
0,288888889088889
0,288888889088889
0,288888889088889
0,288888889088889
0,288888889088889
0,288888889088889
0,288888889088889
0,288888889088889
0,0779220780220779
0,00289855092463768
1E-10
Gen 171
0,288888889088889
0,288888889088889
0,288888889088889
0,288888889088889
0,288888889088889
0,288888889088889
0,288888889088889
0,288888889088889
0,288888889088889
0,288888889088889
0,288888889088889
0,288888889088889
0,288888889088889
0,288888889088889
0,288888889088889
0,288888889088889
0,288888889088889
0,0779220780220779
0,025974026074026
2E-10
Gen 172
0,288888889088889
0,288888889088889
0,288888889088889
0,288888889088889
0,288888889088889
0,288888889088889
0,288888889088889
0,288888889088889
0,288888889088889
0,288888889088889
0,288888889088889
0,288888889088889
0,288888889088889
0,288888889088889
0,288888889088889
0,288888889088889
0,288888889088889
0,288888889088889
0,0734299518908212
0,0476190477190476
Gen 173
0,288888889088889
0,288888889088889
0,288888889088889
0,288888889088889
0,288888889088889
0,288888889088889
0,288888889088889
0,288888889088889
0,288888889088889
0,288888889088889
0,288888889088889
0,288888889088889
0,288888889088889
0,288888889088889
0,288888889088889
0,288888889088889
0,288888889088889
0,288888889088889
0,0734299518908212
0,0476190477190476
Gen 174
0,288888889088889
0,288888889088889
0,288888889088889
0,288888889088889
0,288888889088889
0,288888889088889
0,288888889088889
0,288888889088889
0,288888889088889
0,288888889088889
0,288888889088889
0,288888889088889
0,288888889088889
0,288888889088889
0,288888889088889
0,288888889088889
0,288888889088889
0,288888889088889
0,288888889088889
0,0734299518908212
Gen 175
0,288888889088889
0,288888889088889
0,288888889088889
0,288888889088889
0,288888889088889
0,288888889088889
0,288888889088889
0,288888889088889
0,288888889088889
0,288888889088889
0,288888889088889
0,288888889088889
0,288888889088889
0,288888889088889
0,288888889088889
0,288888889088889
0,288888889088889
0,288888889088889
0,0476190477190476
0,0476190477190476
Gen 176
0,288888889088889
0,288888889088889
0,288888889088889
0,288888889088889
0,288888889088889
0,288888889088889
0,288888889088889
0,288888889088889
0,288888889088889
0,288888889088889
0,288888889088889
0,288888889088889
0,288888889088889
0,288888889088889
0,288888889088889
0,288888889088889
0,288888889088889
0,288888889088889
2E-10
1E-10
Gen 177
0,288888889088889
0,288888889088889
0,288888889088889
0,288888889088889
0,288888889088889
0,288888889088889
0,288888889088889
0,288888889088889
0,288888889088889
0,288888889088889
0,288888889088889
0,288888889088889
0,288888889088889
0,288888889088889
0,288888889088889
0,288888889088889
0,288888889088889
0,288888889088889
0,288888889088889
0,288888889088889
Gen 178
0,288888889088889
0,288888889088889
0,288888889088889
0,288888889088889
0,288888889088889
0,288888889088889
0,288888889088889
0,288888889088889
0,288888889088889
0,288888889088889
0,288888889088889
0,288888889088889
0,288888889088889
0,288888889088889
0,288888889088889
0,288888889088889
0,288888889088889
0,288888889088889
0,0695652175913043
0,0606060607060606
Gen 179
0,288888889088889
0,288888889088889
0,288888889088889
0,288888889088889
0,288888889088889
0,288888889088889
0,288888889088889
0,288888889088889
0,288888889088889
0,288888889088889
0,288888889088889
0,288888889088889
0,288888889088889
0,288888889088889
0,288888889088889
0,288888889088889
0,288888889088889
0,288888889088889
0,288888889088889
2E-10
Gen 180
0,288888889088889
0,288888889088889
0,288888889088889
0,288888889088889
0,288888889088889
0,288888889088889
0,288888889088889
0,288888889088889
0,288888889088889
0,288888889088889
0,288888889088889
0,288888889088889
0,288888889088889
0,288888889088889
0,288888889088889
0,288888889088889
0,288888889088889
0,288888889088889
0,288888889088889
2E-10
Gen 181
0,288888889088889
0,288888889088889
0,288888889088889
0,288888889088889
0,288888889088889
0,288888889088889
0,288888889088889
0,288888889088889
0,288888889088889
0,288888889088889
0,288888889088889
0,288888889088889
0,288888889088889
0,288888889088889
0,288888889088889
0,288888889088889
0,140096618557488
0,0606060607060606
0,0476190477190476
1E-10
Gen 182
0,288888889088889
0,288888889088889
0,288888889088889
0,288888889088889
0,288888889088889
0,288888889088889
0,288888889088889
0,288888889088889
0,288888889088889
0,288888889088889
0,288888889088889
0,288888889088889
0,288888889088889
0,288888889088889
0,288888889088889
0,288888889088889
0,147186147286147
0,0476190477190476
0,0241545895719807
1E-10
Gen 183
0,288888889088889
0,288888889088889
0,288888889088889
0,288888889088889
0,288888889088889
0,288888889088889
0,288888889088889
0,288888889088889
0,288888889088889
0,288888889088889
0,288888889088889
0,288888889088889
0,288888889088889
0,288888889088889
0,288888889088889
0,288888889088889
0,147186147286147
0,0476190477190476
1E-10
1E-10
Gen 184
0,288888889088889
0,288888889088889
0,288888889088889
0,288888889088889
0,288888889088889
0,288888889088889
0,288888889088889
0,288888889088889
0,288888889088889
0,288888889088889
0,288888889088889
0,288888889088889
0,288888889088889
0,288888889088889
0,288888889088889
0,0952380953380952
0,0303030304030303
1E-10
1E-10
1E-10
Gen 185
0,288888889088889
0,288888889088889
0,288888889088889
0,288888889088889
0,288888889088889
0,288888889088889
0,288888889088889
0,288888889088889
0,288888889088889
0,288888889088889
0,288888889088889
0,288888889088889
0,288888889088889
0,288888889088889
0,288888889088889
0,283091787639614
0,0476190477190476
0,0476190477190476
2E-10
1E-10
Gen 186
0,288888889088889
0,288888889088889
0,288888889088889
0,288888889088889
0,288888889088889
0,288888889088889
0,288888889088889
0,288888889088889
0,288888889088889
0,288888889088889
0,288888889088889
0,288888889088889
0,288888889088889
0,288888889088889
0,283091787639614
2E-10
1E-10
1E-10
1E-10
1E-10
Gen 187
0,288888889088889
0,288888889088889
0,288888889088889
0,288888889088889
0,288888889088889
0,288888889088889
0,288888889088889
0,288888889088889
0,288888889088889
0,288888889088889
0,288888889088889
0,288888889088889
0,288888889088889
0,288888889088889
0,288888889088889
0,288888889088889
0,288888889088889
0,288888889088889
0,288888889088889
0,288888889088889
Gen 188
0,288888889088889
0,288888889088889
0,288888889088889
0,288888889088889
0,288888889088889
0,288888889088889
0,288888889088889
0,288888889088889
0,288888889088889
0,288888889088889
0,288888889088889
0,288888889088889
0,288888889088889
0,288888889088889
0,288888889088889
0,288888889088889
0,288888889088889
0,288888889088889
0,288888889088889
0,0952380953380952
Gen 189
0,288888889088889
0,288888889088889
0,288888889088889
0,288888889088889
0,288888889088889
0,288888889088889
0,288888889088889
0,288888889088889
0,288888889088889
0,288888889088889
0,288888889088889
0,288888889088889
0,288888889088889
0,288888889088889
0,288888889088889
0,288888889088889
0,288888889088889
0,288888889088889
0,0952380953380952
0,0606060607060606
Gen 190
0,288888889088889
0,288888889088889
0,288888889088889
0,288888889088889
0,288888889088889
0,288888889088889
0,288888889088889
0,288888889088889
0,288888889088889
0,288888889088889
0,288888889088889
0,288888889088889
0,288888889088889
0,288888889088889
0,288888889088889
0,288888889088889
0,0952380953380952
0,0476190477190476
2E-10
1E-10
Gen 191
0,288888889088889
0,288888889088889
0,288888889088889
0,288888889088889
0,288888889088889
0,288888889088889
0,288888889088889
0,288888889088889
0,288888889088889
0,288888889088889
0,288888889088889
0,288888889088889
0,288888889088889
0,288888889088889
0,288888889088889
0,288888889088889
0,288888889088889
0,0952380953380952
1E-10
1E-10
Gen 192
0,288888889088889
0,288888889088889
0,288888889088889
0,288888889088889
0,288888889088889
0,288888889088889
0,288888889088889
0,288888889088889
0,288888889088889
0,288888889088889
0,288888889088889
0,288888889088889
0,288888889088889
0,288888889088889
0,288888889088889
0,285990338364251
0,285990338364251
0,0952380953380952
1E-10
1E-10
Gen 193
0,288888889088889
0,288888889088889
0,288888889088889
0,288888889088889
0,288888889088889
0,288888889088889
0,288888889088889
0,288888889088889
0,288888889088889
0,288888889088889
0,288888889088889
0,288888889088889
0,288888889088889
0,288888889088889
0,288888889088889
0,285990338364251
0,285990338364251
0,285990338364251
2E-10
1E-10
Gen 194
0,288888889088889
0,288888889088889
0,288888889088889
0,288888889088889
0,288888889088889
0,288888889088889
0,288888889088889
0,288888889088889
0,288888889088889
0,288888889088889
0,288888889088889
0,288888889088889
0,288888889088889
0,288888889088889
0,288888889088889
0,285990338364251
0,285990338364251
0,0649350650350649
1E-10
1E-10
Gen 195
0,288888889088889
0,288888889088889
0,288888889088889
0,288888889088889
0,288888889088889
0,288888889088889
0,288888889088889
0,288888889088889
0,288888889088889
0,288888889088889
0,288888889088889
0,288888889088889
0,288888889088889
0,288888889088889
0,288888889088889
0,288888889088889
0,138528138628139
0,0476190477190476
1E-10
1E-10
Gen 196
0,288888889088889
0,288888889088889
0,288888889088889
0,288888889088889
0,288888889088889
0,288888889088889
0,288888889088889
0,288888889088889
0,288888889088889
0,288888889088889
0,288888889088889
0,288888889088889
0,288888889088889
0,288888889088889
0,0476190477190476
0,0338164253207729
1E-10
1E-10
1E-10
1E-10
Gen 197
0,288888889088889
0,288888889088889
0,288888889088889
0,288888889088889
0,288888889088889
0,288888889088889
0,288888889088889
0,288888889088889
0,288888889088889
0,288888889088889
0,288888889088889
0,288888889088889
0,288888889088889
0,288888889088889
0,288888889088889
0,288888889088889
1E-10
1E-10
1E-10
1E-10
Gen 198
0,288888889088889
0,288888889088889
0,288888889088889
0,288888889088889
0,288888889088889
0,288888889088889
0,288888889088889
0,288888889088889
0,288888889088889
0,288888889088889
0,288888889088889
0,288888889088889
0,288888889088889
0,288888889088889
0,285990338364251
2E-10
2E-10
1E-10
1E-10
1E-10
Gen 199
0,288888889088889
0,288888889088889
0,288888889088889
0,288888889088889
0,288888889088889
0,288888889088889
0,288888889088889
0,288888889088889
0,288888889088889
0,288888889088889
0,288888889088889
0,288888889088889
0,288888889088889
0,0869565219391304
0,0476190477190476
0,0476190477190476
0,0476190477190476
1E-10
1E-10
1E-10
Gen 200
0,288888889088889
0,288888889088889
0,288888889088889
0,288888889088889
0,288888889088889
0,288888889088889
0,288888889088889
0,288888889088889
0,288888889088889
0,288888889088889
0,288888889088889
0,288888889088889
0,288888889088889
0,288888889088889
0,288888889088889
0,0476190477190476
2E-10
1E-10
1E-10
1E-10
