Gen 1
0.0909090909090909
0.00415847920195746
0.0166339168078299
0
0
0
Gen 2
0.0909090909090909
0.0325946420729029
0.0782683982683982
0.0514918125352908
0.000618357487922705
0
Gen 3
0.121212121212121
0.0542980111675763
0.0921212121212121
0.0909090909090909
0.0341617416400025
0
Gen 4
0.121212121212121
0.0852380952380952
0.103030303030303
0.0909090909090909
0.0909090909090909
0.0561038961038961
Gen 5
0.121212121212121
0.0965367965367965
0.121212121212121
0.121212121212121
0.101818181818182
0.0419047619047619
Gen 6
0.121212121212121
0.11969696969697
0.121212121212121
0.121212121212121
0.121212121212121
0.115151515151515
Gen 7
0.125541125541126
0.117445887445887
0.121385281385281
0.121212121212121
0.121212121212121
0.105974025974026
Gen 8
0.125541125541126
0.121038961038961
0.122943722943723
0.121212121212121
0.121212121212121
0.118787878787879
Gen 9
0.125541125541126
0.122900432900433
0.125541125541126
0.125541125541126
0.122770562770563
0.117748917748918
Gen 10
0.155844155844156
0.119220779220779
0.126753246753247
0.125541125541126
0.125541125541126
0.0990476190476191
Gen 11
0.155844155844156
0.126363636363636
0.14008658008658
0.125541125541126
0.125541125541126
0.114285714285714
Gen 12
0.155844155844156
0.143073593073593
0.155844155844156
0.155844155844156
0.14008658008658
0.120519480519481
Gen 13
0.155844155844156
0.153376623376623
0.155844155844156
0.155844155844156
0.155844155844156
0.145974025974026
Gen 14
0.155844155844156
0.147087897609636
0.155844155844156
0.155844155844156
0.155844155844156
0.120819122906079
Gen 15
0.155844155844156
0.152554112554112
0.155844155844156
0.155844155844156
0.155844155844156
0.142683982683983
Gen 16
0.155844155844156
0.155627705627705
0.155844155844156
0.155844155844156
0.155844155844156
0.154978354978355
Gen 17
0.164251207729469
0.154326494761277
0.156180437919568
0.155844155844156
0.155844155844156
0.149437229437229
Gen 18
0.164251207729469
0.155674132630654
0.161397829223916
0.155844155844156
0.155844155844156
0.14961038961039
Gen 19
0.164251207729469
0.158895162808206
0.164251207729469
0.164251207729469
0.164251207729469
0.142827028044419
Gen 20
0.164251207729469
0.162608695652174
0.164251207729469
0.164251207729469
0.164251207729469
0.15768115942029
Gen 21
0.164251207729469
0.16370487483531
0.164251207729469
0.164251207729469
0.164251207729469
0.162065876152833
Gen 22
0.164251207729469
0.164251207729469
0.164251207729469
0.164251207729469
0.164251207729469
0.164251207729469
Gen 23
0.164251207729469
0.161183135704875
0.164251207729469
0.164251207729469
0.164251207729469
0.151978919631094
Gen 24
0.164251207729469
0.160908212560387
0.164251207729469
0.164251207729469
0.164251207729469
0.15087922705314
Gen 25
0.164251207729469
0.162178304787001
0.164251207729469
0.164251207729469
0.164251207729469
0.155959595959596
Gen 26
0.164251207729469
0.16096618357488
0.164251207729469
0.164251207729469
0.164251207729469
0.151111111111111
Gen 27
0.164251207729469
0.161586548716984
0.164251207729469
0.164251207729469
0.164251207729469
0.153592571679528
Gen 28
0.164251207729469
0.16096618357488
0.164251207729469
0.164251207729469
0.164251207729469
0.151111111111111
Gen 29
0.203463203463203
0.157080117949683
0.165819687558818
0.164251207729469
0.164251207729469
0.133998368780977
Gen 30
0.203463203463203
0.172093606876216
0.195620804316456
0.164251207729469
0.164251207729469
0.164251207729469
Gen 31
0.203463203463203
0.196012924273793
0.203463203463203
0.203463203463203
0.203463203463203
0.173662086705565
Gen 32
0.203463203463203
0.202727272727273
0.203463203463203
0.203463203463203
0.203463203463203
0.200519480519481
Gen 33
0.203463203463203
0.202143547273982
0.203463203463203
0.203463203463203
0.203463203463203
0.198184578706318
Gen 34
0.203463203463203
0.199393939393939
0.203463203463203
0.203463203463203
0.203463203463203
0.187186147186147
Gen 35
0.203463203463203
0.199393939393939
0.203463203463203
0.203463203463203
0.203463203463203
0.187186147186147
Gen 36
0.203463203463203
0.199393939393939
0.203463203463203
0.203463203463203
0.203463203463203
0.187186147186147
Gen 37
0.203463203463203
0.203463203463204
0.203463203463203
0.203463203463203
0.203463203463203
0.203463203463203
Gen 38
0.203463203463203
0.200863291298074
0.203463203463203
0.203463203463203
0.203463203463203
0.193063554802685
Gen 39
0.203463203463203
0.203071083505866
0.203463203463203
0.203463203463203
0.203463203463203
0.201894723633854
Gen 40
0.203463203463203
0.201428571428571
0.203463203463203
0.203463203463203
0.203463203463203
0.195324675324675
Gen 41
0.203463203463203
0.198122592383462
0.203463203463203
0.203463203463203
0.203463203463203
0.182100759144237
Gen 42
0.203463203463203
0.201036451471234
0.203463203463203
0.203463203463203
0.203463203463203
0.193756195495326
Gen 43
0.203463203463203
0.19630441056528
0.203463203463203
0.203463203463203
0.203463203463203
0.17482803187151
Gen 44
0.225108225108225
0.201252901687684
0.204329004329004
0.203463203463203
0.203463203463203
0.193756195495326
Gen 45
0.225108225108225
0.198598406424493
0.208658008658009
0.203463203463203
0.203463203463203
0.178809210113558
Gen 46
0.225108225108225
0.211818181818182
0.225108225108225
0.223376623376623
0.203463203463203
0.195324675324675
Gen 47
0.225108225108225
0.214112554112555
0.225108225108225
0.225108225108225
0.225108225108225
0.181125541125541
Gen 48
0.233766233766234
0.217962858397641
0.225454545454545
0.225108225108225
0.225108225108225
0.196180437919568
Gen 49
0.233766233766234
0.220541815672251
0.227532467532468
0.225108225108225
0.225108225108225
0.204418344940084
Gen 50
0.233766233766234
0.224848484848485
0.233766233766234
0.233419913419913
0.225108225108225
0.207099567099567
Gen 51
0.233766233766234
0.226580086580086
0.233766233766234
0.233766233766234
0.233766233766234
0.205021645021645
Gen 52
0.233766233766234
0.22735303343999
0.233766233766234
0.233766233766234
0.233766233766234
0.208113432461259
Gen 53
0.233766233766234
0.224761904761905
0.233766233766234
0.233766233766234
0.233766233766234
0.197748917748918
Gen 54
0.233766233766234
0.229632724763159
0.233766233766234
0.233766233766234
0.233766233766234
0.217232197753937
Gen 55
0.233766233766234
0.223463203463203
0.233766233766234
0.233766233766234
0.233766233766234
0.192554112554113
Gen 56
0.233766233766234
0.229004329004329
0.233766233766234
0.233766233766234
0.233766233766234
0.214718614718615
Gen 57
0.233766233766234
0.233506493506493
0.233766233766234
0.233766233766234
0.233766233766234
0.232727272727273
Gen 58
0.233766233766234
0.233506493506493
0.233766233766234
0.233766233766234
0.233766233766234
0.232727272727273
Gen 59
0.233766233766234
0.222683982683982
0.233766233766234
0.233766233766234
0.233766233766234
0.189437229437229
Gen 60
0.233766233766234
0.229437229437229
0.233766233766234
0.233766233766234
0.233766233766234
0.216450216450216
Gen 61
0.233766233766234
0.230733421168203
0.233766233766234
0.233766233766234
0.233766233766234
0.221634983374114
Gen 62
0.233766233766234
0.227792207792208
0.233766233766234
0.233766233766234
0.233766233766234
0.20987012987013
Gen 63
0.233766233766234
0.218213187778405
0.233766233766234
0.233766233766234
0.233766233766234
0.171554049814919
Gen 64
0.233766233766234
0.224545454545454
0.233766233766234
0.233766233766234
0.233766233766234
0.196883116883117
Gen 65
0.233766233766234
0.226839826839827
0.233766233766234
0.233766233766234
0.233766233766234
0.206060606060606
Gen 66
0.233766233766234
0.229696969696969
0.233766233766234
0.233766233766234
0.233766233766234
0.217489177489178
Gen 67
0.233766233766234
0.227878787878788
0.233766233766234
0.233766233766234
0.233766233766234
0.21021645021645
Gen 68
0.233766233766234
0.227381642512077
0.233766233766234
0.233766233766234
0.233766233766234
0.208227868749608
Gen 69
0.233766233766234
0.227922077922078
0.233766233766234
0.233766233766234
0.233766233766234
0.21038961038961
Gen 70
0.233766233766234
0.228528138528138
0.233766233766234
0.233766233766234
0.233766233766234
0.212813852813853
Gen 71
0.233766233766234
0.227575757575757
0.233766233766234
0.233766233766234
0.233766233766234
0.209004329004329
Gen 72
0.233766233766234
0.226634795156534
0.233766233766234
0.233766233766234
0.233766233766234
0.205240479327436
Gen 73
0.233766233766234
0.227256791517661
0.233766233766234
0.233766233766234
0.233766233766234
0.207728464771943
Gen 74
0.233766233766234
0.226536796536796
0.233766233766234
0.233766233766234
0.233766233766234
0.204848484848485
Gen 75
0.233766233766234
0.229004329004329
0.233766233766234
0.233766233766234
0.233766233766234
0.214718614718615
Gen 76
0.233766233766234
0.229090909090909
0.233766233766234
0.233766233766234
0.233766233766234
0.215064935064935
Gen 77
0.233766233766234
0.228484848484848
0.233766233766234
0.233766233766234
0.233766233766234
0.212640692640693
Gen 78
0.233766233766234
0.232987012987013
0.233766233766234
0.233766233766234
0.233766233766234
0.230649350649351
Gen 79
0.233766233766234
0.231177865612648
0.233766233766234
0.233766233766234
0.233766233766234
0.223412761151892
Gen 80
0.233766233766234
0.228420478072652
0.233766233766234
0.233766233766234
0.233766233766234
0.212383210991907
Gen 81
0.233766233766234
0.222170901562206
0.233766233766234
0.233766233766234
0.233766233766234
0.187384904950122
Gen 82
0.233766233766234
0.223902503293807
0.233766233766234
0.233766233766234
0.233766233766234
0.194311311876529
Gen 83
0.233766233766234
0.228528138528138
0.233766233766234
0.233766233766234
0.233766233766234
0.212813852813853
Gen 84
0.233766233766234
0.223744400527009
0.233766233766234
0.233766233766234
0.233766233766234
0.193678900809336
Gen 85
0.233766233766234
0.233071083505866
0.233766233766234
0.233766233766234
0.233766233766234
0.230985632724763
Gen 86
0.233766233766234
0.229546144676579
0.233766233766234
0.233766233766234
0.233766233766234
0.216885877407617
Gen 87
0.233766233766234
0.233766233766233
0.233766233766234
0.233766233766234
0.233766233766234
0.233766233766234
Gen 88
0.233766233766234
0.231428571428571
0.233766233766234
0.233766233766234
0.233766233766234
0.224415584415584
Gen 89
0.233766233766234
0.231991341991342
0.233766233766234
0.233766233766234
0.233766233766234
0.226666666666667
Gen 90
0.233766233766234
0.233766233766233
0.233766233766234
0.233766233766234
0.233766233766234
0.233766233766234
Gen 91
0.233766233766234
0.228637053767488
0.233766233766234
0.233766233766234
0.233766233766234
0.213249513771253
Gen 92
0.233766233766234
0.23351552795031
0.233766233766234
0.233766233766234
0.233766233766234
0.232763410502541
Gen 93
0.233766233766234
0.231255411255411
0.233766233766234
0.233766233766234
0.233766233766234
0.223722943722944
Gen 94
0.233766233766234
0.229350649350649
0.233766233766234
0.233766233766234
0.233766233766234
0.216103896103896
Gen 95
0.233766233766234
0.229350649350649
0.233766233766234
0.233766233766234
0.233766233766234
0.216103896103896
Gen 96
0.233766233766234
0.231428571428571
0.233766233766234
0.233766233766234
0.233766233766234
0.224415584415584
Gen 97
0.233766233766234
0.22325716795282
0.233766233766234
0.233766233766234
0.233766233766234
0.191729970512579
Gen 98
0.233766233766234
0.229437229437229
0.233766233766234
0.233766233766234
0.233766233766234
0.216450216450216
Gen 99
0.233766233766234
0.227445887445887
0.233766233766234
0.233766233766234
0.233766233766234
0.208484848484848
Gen 100
0.233766233766234
0.233419913419913
0.233766233766234
0.233766233766234
0.233766233766234
0.232380952380952
Gen 101
0.233766233766234
0.228609824957651
0.233766233766234
0.233766233766234
0.233766233766234
0.213140598531903
