0.12393355369567871
0.08899879455566406
0.043998003005981445
0.0650017261505127
0.07199788093566895
0.16100025177001953
0.0749979019165039
0.0709996223449707
0.08701634407043457
0.09100103378295898
0.038996219635009766
0.06894588470458984
0.15799832344055176
0.03699970245361328
0.039999961853027344
0.06900191307067871
0.13000059127807617
0.06899857521057129
0.12300562858581543
0.10299515724182129
0.07900643348693848
0.03500628471374512
0.08699965476989746
0.0409998893737793
0.054999589920043945
0.09599900245666504
0.07699942588806152
0.060999155044555664
0.09900045394897461
0.03899788856506348
0.11100029945373535
0.13499927520751953
0.033998966217041016
0.1549999713897705
0.11800432205200195
0.09902381896972656
0.16193890571594238
0.0839996337890625
0.040999650955200195
0.14800000190734863
0.09298920631408691
0.09300589561462402
0.0989999771118164
0.08599996566772461
0.10399985313415527
0.07398462295532227
0.07899951934814453
0.07999897003173828
0.13800263404846191
0.10300016403198242
0.057999610900878906
0.13400936126708984
0.055999755859375
0.09399843215942383
0.10999917984008789
0.1139984130859375
0.08706283569335938
0.17598295211791992
0.07699990272521973
0.17299890518188477
0.17999935150146484
0.10599946975708008
0.06800055503845215
0.1009976863861084
0.0709984302520752
0.180999755859375
0.18704771995544434
0.1859886646270752
0.17100071907043457
0.1119987964630127
0.16105175018310547
0.12205147743225098
0.03499960899353027
0.10204958915710449
0.2050018310546875
0.16605210304260254
0.16700100898742676
0.12505173683166504
0.16698837280273438
0.0459437370300293
0.15199971199035645
0.1370224952697754
0.10700464248657227
0.09099888801574707
0.1520538330078125
0.18105196952819824
0.11900115013122559
0.1319432258605957
0.057997941970825195
0.07399916648864746
0.07699894905090332
0.10800290107727051
0.15199732780456543
0.0709996223449707
0.10898756980895996
0.16805219650268555
0.08404898643493652
0.1259925365447998
0.08999204635620117
0.11205196380615234
0.07894301414489746
0.0579988956451416
0.18804121017456055
0.08099818229675293
0.053015708923339844
0.17303824424743652
0.06299996376037598
0.05999946594238281
0.17400026321411133
0.08999967575073242
0.130049467086792
0.027997732162475586
0.06998848915100098
0.08999991416931152
0.10599946975708008
0.07299971580505371
0.09305071830749512
0.12894535064697266
0.07899999618530273
0.13299345970153809
0.04599952697753906
0.1530013084411621
0.16405010223388672
0.055998802185058594
0.14505290985107422
0.11400270462036133
0.13303685188293457
0.0579988956451416
0.1165924072265625
0.043999433517456055
0.12404632568359375
0.05099749565124512
0.11800551414489746
0.1440591812133789
0.17705249786376953
0.045946359634399414
0.16000008583068848
0.055997371673583984
0.05596113204956055
0.06999874114990234
0.16000056266784668
0.12200117111206055
0.16399884223937988
0.1000051498413086
0.11999940872192383
0.0989980697631836
0.08599853515625
0.1379992961883545
0.09800481796264648
0.056052446365356445
0.15899944305419922
0.12405228614807129
0.08506107330322266
0.058998823165893555
0.1629955768585205
0.09399986267089844
0.13005328178405762
0.0819997787475586
0.06799936294555664
0.15800094604492188
0.06798100471496582
0.1419999599456787
0.08799624443054199
0.1915123462677002
0.04600644111633301
0.06899881362915039
0.13700056076049805
0.07699990272521973
0.07400059700012207
0.1299886703491211
0.10797858238220215
0.1809980869293213
0.13599944114685059
0.07999968528747559
0.04399871826171875
0.08899855613708496
0.050998687744140625
0.14699983596801758
0.18705368041992188
0.16099834442138672
0.08099937438964844
0.08000564575195312
0.05299854278564453
0.16806912422180176
0.13795256614685059
0.20694208145141602
0.15499305725097656
0.18694663047790527
0.0709993839263916
0.1699979305267334
0.051999568939208984
0.10699868202209473
0.1130526065826416
0.1850142478942871
0.08299970626831055
0.0690000057220459
0.170013427734375
0.17398548126220703
0.11899995803833008
0.1009988784790039
0.07199978828430176
0.10499930381774902
0.0709998607635498
0.1309983730316162
0.1309983730316162
0.06299948692321777
0.17405271530151367
0.05399918556213379
0.1569840908050537
0.1690528392791748
0.1549992561340332
0.06099987030029297
0.06599950790405273
0.04600119590759277
0.09200406074523926
0.056053876876831055
0.04804706573486328
0.04406929016113281
0.06892991065979004
0.06299853324890137
0.18599963188171387
0.07699918746948242
0.06599783897399902
0.04799008369445801
0.09199190139770508
0.04900026321411133
0.16500163078308105
0.07605910301208496
0.09091424942016602
0.0540003776550293
0.07600116729736328
0.14005184173583984
0.0729978084564209
0.04306459426879883
0.05994749069213867
0.07999992370605469
0.07199811935424805
0.04100441932678223
0.06699991226196289
0.09193944931030273
0.06798768043518066
0.03699994087219238
0.04700112342834473
0.13900184631347656
0.09699773788452148
0.05500173568725586
0.042998313903808594
0.06399989128112793
0.06205391883850098
0.10300064086914062
0.11400008201599121
0.06393694877624512
0.08423995971679688
0.125
0.07499933242797852
0.08599972724914551
0.11499595642089844
0.10200047492980957
0.08099913597106934
0.08900070190429688
0.16693973541259766
0.08199954032897949
0.08600735664367676
0.08605194091796875
0.1170511245727539
0.1350409984588623
0.16305112838745117
0.07899904251098633
0.0440523624420166
0.09005069732666016
0.06699967384338379
0.0749971866607666
0.1029965877532959
0.0689997673034668
0.08899998664855957
0.15400099754333496
0.10699915885925293
0.07500171661376953
0.07599449157714844
0.1439986228942871
0.1569995880126953
0.12200331687927246
0.12399530410766602
0.07800006866455078
0.10605144500732422
0.16100049018859863
0.16898751258850098
0.15000104904174805
0.08305954933166504
0.0699460506439209
0.11700153350830078
0.12400031089782715
0.08605146408081055
0.07796645164489746
0.09999990463256836
0.08599972724914551
0.06500005722045898
0.09499883651733398
0.05899858474731445
0.1529982089996338
0.08400201797485352
0.07399797439575195
0.1390547752380371
0.09699320793151855
0.15099668502807617
0.15999913215637207
0.10799884796142578
0.1670539379119873
0.11499977111816406
0.1029508113861084
0.1170041561126709
0.07399725914001465
0.0840003490447998
0.1400618553161621
0.09599900245666504
0.12900209426879883
0.1049964427947998
0.15100502967834473
0.08499336242675781
0.1000516414642334
0.15105247497558594
0.14999914169311523
0.12005114555358887
0.114044189453125
0.09999895095825195
0.08701157569885254
0.06994771957397461
0.07103443145751953
0.18105316162109375
0.06705188751220703
0.17199945449829102
0.08500528335571289
0.07699942588806152
0.08699798583984375
0.15799832344055176
0.1590116024017334
0.11199498176574707
0.11999988555908203
0.0939786434173584
0.1410529613494873
0.07802867889404297
0.09003901481628418
0.0550074577331543
0.11596441268920898
0.16500639915466309
0.05598711967468262
0.11799883842468262
0.09097576141357422
0.0540003776550293
0.06999921798706055
0.0989992618560791
0.09401750564575195
0.12298083305358887
0.042009592056274414
0.08398890495300293
0.07899904251098633
0.07300019264221191
0.1159982681274414
0.09599876403808594
0.07100081443786621
0.06999588012695312
0.11099934577941895
0.08899736404418945
0.10699987411499023
0.07799410820007324
0.07799911499023438
0.13698577880859375
0.12804722785949707
0.15195345878601074
0.1530013084411621
0.09005117416381836
0.04199981689453125
0.07397651672363281
0.11599183082580566
0.1120002269744873
0.1100006103515625
0.16697478294372559
0.07305097579956055
0.17098236083984375
0.1739976406097412
0.16300058364868164
0.04800105094909668
0.09899711608886719
0.10500574111938477
0.08500003814697266
0.08300566673278809
0.08405447006225586
0.09405660629272461
0.08405256271362305
0.05900740623474121
0.158005952835083
0.07606101036071777
0.1099996566772461
0.09800028800964355
0.09400677680969238
0.09199738502502441
0.15800094604492188
0.0879969596862793
0.07601475715637207
0.15199995040893555
0.13900351524353027
0.1500234603881836
0.06000089645385742
0.14599990844726562
0.11699271202087402
0.11304306983947754
0.09795928001403809
0.1529982089996338
0.16899824142456055
0.10299921035766602
0.10605168342590332
0.14299750328063965
0.07100462913513184
0.06401395797729492
0.0830531120300293
0.11699128150939941
0.17499947547912598
0.08799862861633301
0.08405089378356934
0.10599994659423828
0.11794066429138184
0.10800004005432129
0.0980520248413086
0.10700631141662598
0.07905101776123047
0.09300041198730469
0.09700489044189453
0.09199857711791992
0.05099940299987793
0.12500429153442383
0.08199906349182129
0.14200210571289062
0.08699798583984375
0.11899971961975098
0.11800098419189453
0.1009981632232666
0.09900140762329102
0.09300661087036133
0.09599733352661133
0.12000036239624023
0.06999969482421875
0.15600061416625977
0.06999850273132324
0.0950007438659668
0.08699917793273926
0.05800056457519531
0.14899492263793945
0.06199979782104492
0.15400028228759766
0.059999704360961914
0.08300065994262695
0.03699827194213867
0.07800030708312988
0.09700441360473633
0.1009986400604248
0.1210167407989502
0.10199880599975586
0.10899925231933594
0.08905839920043945
0.07999205589294434
0.0709984302520752
0.05899953842163086
0.12299919128417969
0.1589951515197754
0.18999862670898438
0.09600567817687988
0.05704784393310547
0.10199880599975586
0.09200000762939453
0.10399985313415527
0.07699966430664062
0.09800100326538086
0.07105255126953125
0.17000055313110352
0.08199858665466309
0.07699918746948242
0.07299923896789551
0.10500144958496094
0.15600085258483887
0.16195201873779297
0.18204021453857422
0.09198617935180664
0.09199953079223633
0.0939481258392334
0.07299971580505371
0.17803454399108887
0.09605121612548828
0.09299802780151367
0.08699965476989746
0.07300043106079102
0.15305352210998535
0.1089482307434082
0.08300089836120605
0.07002091407775879
0.11700296401977539
0.09899759292602539
0.10000228881835938
0.09999966621398926
0.0740048885345459
0.08899736404418945
0.06800031661987305
0.16299939155578613
0.08805346488952637
0.10505223274230957
0.09905409812927246
0.08098864555358887
0.11503410339355469
0.09099960327148438
0.07798886299133301
0.0820000171661377
0.1099998950958252
0.1690068244934082
0.14704608917236328
0.11700129508972168
0.10695528984069824
0.0879981517791748
0.07599925994873047
0.10900115966796875
0.07300114631652832
0.11299967765808105
0.10505366325378418
0.17599916458129883
0.09999918937683105
0.10000133514404297
0.08905339241027832
0.08693718910217285
0.09099268913269043
0.15599942207336426
0.12499856948852539
0.08699917793273926
0.08699870109558105
0.13599920272827148
0.0870051383972168
0.0989999771118164
0.11400103569030762
0.08805036544799805
0.11294770240783691
0.10500621795654297
0.08199858665466309
0.10199737548828125
0.0989985466003418
0.08899760246276855
0.16899919509887695
0.09206175804138184
0.07694673538208008
0.1119847297668457
0.09700512886047363
0.11799955368041992
0.1120002269744873
0.08799958229064941
0.11299610137939453
0.044997215270996094
0.11899948120117188
0.06999921798706055
0.1510016918182373
0.10200023651123047
0.10000157356262207
0.1569993495941162
0.10599970817565918
0.11499857902526855
0.17399954795837402
0.16099977493286133
0.060999393463134766
0.0879976749420166
0.10199975967407227
0.07799959182739258
0.09200024604797363
0.18799972534179688
0.07605934143066406
0.08205103874206543
0.08694028854370117
0.10799956321716309
0.11905193328857422
0.10399913787841797
0.10394573211669922
0.06199145317077637
0.0989987850189209
0.0729985237121582
0.1009986400604248
0.07400274276733398
0.1210627555847168
0.08700013160705566
0.06399893760681152
0.12999773025512695
0.08799886703491211
0.07699918746948242
0.09399271011352539
0.05800032615661621
0.04601168632507324
0.0629875659942627
0.1040043830871582
0.06499934196472168
0.08500027656555176
0.03399991989135742
0.05899810791015625
0.07699942588806152
0.10400080680847168
0.08299589157104492
0.1210012435913086
0.12499761581420898
0.11799049377441406
0.06205320358276367
0.09499478340148926
0.06898856163024902
0.0870521068572998
0.1710071563720703
0.07799100875854492
0.10199975967407227
0.19005346298217773
0.08704137802124023
0.03598833084106445
0.09295177459716797
0.043024539947509766
0.04205131530761719
0.10403299331665039
0.10505223274230957
0.09899425506591797
0.1089468002319336
0.11300015449523926
0.08500552177429199
0.07800006866455078
0.06399893760681152
0.09000110626220703
0.14999818801879883
0.12200450897216797
0.09199881553649902
0.15099787712097168
0.08699727058410645
0.08199954032897949
0.09998440742492676
0.1810002326965332
0.0809473991394043
0.09299850463867188
0.17999696731567383
0.07399153709411621
0.0839989185333252
0.0650031566619873
0.0969994068145752
0.15700554847717285
0.06999993324279785
0.13198065757751465
0.09505271911621094
0.0659477710723877
0.08000516891479492
0.13500571250915527
0.19299888610839844
0.12799763679504395
0.10201883316040039
0.11298060417175293
0.10699987411499023
0.10699963569641113
0.07800626754760742
0.07301974296569824
0.1649339199066162
0.17300033569335938
0.11200094223022461
0.07299947738647461
0.1380014419555664
0.09405899047851562
0.10000228881835938
0.052999258041381836
0.12294721603393555
0.09499907493591309
0.059000253677368164
0.09100055694580078
0.0870053768157959
0.08499383926391602
0.16399884223937988
0.06999874114990234
0.11800503730773926
0.09099912643432617
0.12298798561096191
0.06201791763305664
0.10100054740905762
0.17399978637695312
0.07399988174438477
0.09100127220153809
0.09099173545837402
0.11505293846130371
0.1260058879852295
0.11601924896240234
0.08104252815246582
0.11794519424438477
0.0709998607635498
0.10299968719482422
0.1100001335144043
0.08399820327758789
0.1130056381225586
0.11805152893066406
0.09405016899108887
0.07294750213623047
0.041999101638793945
0.10499739646911621
0.07442927360534668
0.10901427268981934
0.07500028610229492
0.10899853706359863
0.15806102752685547
0.11001420021057129
0.059998512268066406
0.10905241966247559
0.1239473819732666
0.11600732803344727
0.08904695510864258
0.1119990348815918
0.11402177810668945
0.0969998836517334
0.0750281810760498
0.1040503978729248
0.1089472770690918
0.07800555229187012
0.15599346160888672
0.08699822425842285
0.12099981307983398
0.09400105476379395
0.07905197143554688
0.15705227851867676
0.10305118560791016
0.069000244140625
0.16498947143554688
0.06695151329040527
0.1800534725189209
0.10499858856201172
0.12299728393554688
0.09906411170959473
0.07198143005371094
0.06505179405212402
0.12000727653503418
0.06406569480895996
0.12799811363220215
0.07600235939025879
0.1080474853515625
0.11705183982849121
0.0949404239654541
0.08800101280212402
0.059999942779541016
0.045053720474243164
0.08299088478088379
0.051010847091674805
0.15999078750610352
0.059000253677368164
0.0980081558227539
0.0839996337890625
0.10405206680297852
0.0729985237121582
0.1699995994567871
0.11299896240234375
0.07099246978759766
0.0740053653717041
0.09604477882385254
0.125014066696167
0.09799504280090332
0.09300017356872559
0.10206127166748047
0.10600161552429199
0.08199954032897949
0.05405235290527344
0.1770002841949463
0.10207343101501465
0.05900144577026367
0.07498288154602051
0.13799810409545898
0.18300485610961914
0.11803340911865234
0.09605240821838379
0.11799836158752441
0.1839888095855713
0.1029975414276123
0.18602633476257324
0.07199907302856445
0.10998964309692383
0.10800838470458984
0.09504890441894531
0.12199974060058594
0.10599994659423828
0.11099934577941895
0.08099126815795898
0.16899847984313965
0.1249995231628418
0.10799956321716309
0.10199880599975586
0.06499981880187988
0.10400009155273438
0.11299991607666016
0.08300065994262695
0.07898139953613281
0.06199955940246582
0.1020205020904541
0.10399985313415527
0.09499859809875488
0.07399773597717285
0.07599782943725586
0.14599990844726562
0.08700013160705566
0.11699867248535156
0.0559995174407959
0.10699868202209473
0.10899972915649414
0.10400605201721191
0.08500051498413086
0.11900186538696289
0.044999122619628906
0.055999040603637695
0.12299942970275879
0.09900021553039551
0.10399222373962402
0.07899880409240723
0.09302067756652832
0.09497809410095215
0.07299089431762695
0.05399918556213379
0.10399913787841797
0.09599924087524414
0.11500000953674316
0.09700417518615723
0.13899445533752441
0.029998779296875
0.06799864768981934
0.10099339485168457
0.07900023460388184
0.09900522232055664
0.10504746437072754
0.10207605361938477
0.128035306930542
0.11100482940673828
0.16899776458740234
0.08000063896179199
0.09099912643432617
0.07299947738647461
0.11600637435913086
0.11998510360717773
0.07900333404541016
0.17305994033813477
0.13499999046325684
0.06501245498657227
0.1059720516204834
0.0840003490447998
0.1950533390045166
0.10605287551879883
0.0440523624420166
0.0899205207824707
0.08605194091796875
0.08896660804748535
0.0979776382446289
0.10100126266479492
0.09398984909057617
0.0720069408416748
0.09599614143371582
0.09800028800964355
0.05701422691345215
0.09894657135009766
0.055999755859375
0.07500004768371582
0.10399985313415527
0.13900518417358398
0.03504800796508789
0.059056758880615234
0.09094715118408203
0.09399867057800293
0.10899949073791504
0.033998727798461914
0.1119985580444336
0.06099891662597656
0.10899996757507324
0.09999895095825195
0.08099746704101562
0.13299894332885742
0.04899907112121582
0.17205238342285156
0.11596179008483887
0.09601116180419922
0.11205220222473145
0.09603238105773926
0.09205317497253418
0.16499948501586914
0.08705830574035645
0.15999841690063477
0.16300559043884277
0.1020050048828125
0.11700248718261719
0.06099510192871094
0.07799792289733887
0.05100393295288086
0.07301783561706543
0.12294578552246094
0.10199928283691406
0.07199931144714355
0.10805392265319824
0.10793733596801758
0.10500025749206543
0.07300448417663574
0.10200047492980957
0.1649456024169922
0.10098958015441895
0.08899950981140137
0.17699933052062988
0.09701919555664062
0.07103896141052246
0.08599996566772461
0.0969991683959961
0.06800270080566406
0.060999155044555664
0.08002185821533203
0.0629887580871582
0.07799768447875977
0.0870048999786377
0.10605335235595703
0.16794705390930176
0.10299897193908691
0.10006141662597656
0.07705092430114746
0.05099916458129883
0.09999990463256836
0.04900765419006348
0.08594751358032227
0.17399954795837402
0.1030113697052002
0.11099982261657715
0.10100054740905762
0.08099842071533203
0.0839998722076416
0.14700055122375488
0.09499883651733398
0.05600118637084961
0.11999988555908203
0.10599970817565918
0.10699963569641113
0.08999443054199219
0.06199789047241211
0.11499929428100586
0.03300023078918457
0.1509997844696045
0.11099982261657715
0.1119997501373291
0.10600090026855469
0.10900044441223145
0.1959986686706543
0.17599868774414062
0.0710000991821289
0.09399795532226562
0.11700010299682617
0.16499853134155273
0.11000466346740723
0.1219930648803711
0.10100698471069336
0.1139988899230957
0.125
0.11999893188476562
0.08699917793273926
0.1119987964630127
0.10600042343139648
0.10899710655212402
0.08099913597106934
0.05500078201293945
0.10099220275878906
0.13797640800476074
0.06899905204772949
0.11500716209411621
0.10699248313903809
0.11799883842468262
0.09398365020751953
0.10399937629699707
0.10599637031555176
0.08899927139282227
0.08000659942626953
0.06599831581115723
0.17800116539001465
0.12700152397155762
0.11600136756896973
0.07999849319458008
0.17899799346923828
0.10799932479858398
0.11999869346618652
0.08599972724914551
0.15100312232971191
0.09900021553039551
0.06300067901611328
0.0650022029876709
0.03799724578857422
0.049001216888427734
0.1080634593963623
0.08505082130432129
0.08800005912780762
0.11594700813293457
0.09000468254089355
0.08105254173278809
0.09099984169006348
0.11805105209350586
0.0989995002746582
0.10094714164733887
0.07800006866455078
0.11805200576782227
0.09899687767028809
0.10001158714294434
0.10899877548217773
0.09498476982116699
0.12400627136230469
0.15701651573181152
0.07699990272521973
0.09802055358886719
0.17200517654418945
0.0939943790435791
0.11899971961975098
0.11706137657165527
0.059998512268066406
0.07700228691101074
0.07599020004272461
0.10397934913635254
0.09999966621398926
0.1669909954071045
0.04000401496887207
0.12200069427490234
0.16899919509887695
0.049997568130493164
0.16699957847595215
0.1089932918548584
0.12000036239624023
0.1249990463256836
0.11200070381164551
0.1000051498413086
0.10799813270568848
0.10099244117736816
0.11818695068359375
0.08299565315246582
0.17000484466552734
0.08600044250488281
0.07607102394104004
0.1979808807373047
0.11105203628540039
0.08899879455566406
0.10299873352050781
0.1110532283782959
0.0650641918182373
0.11099982261657715
0.05899977684020996
0.0800013542175293
0.12000322341918945
0.08299398422241211
0.10500025749206543
0.09600138664245605
0.13199853897094727
0.10700178146362305
0.0770101547241211
0.1870434284210205
0.10894083976745605
0.17999982833862305
0.0709993839263916
0.1849977970123291
0.14699840545654297
0.11699962615966797
0.09100508689880371
0.06799912452697754
0.05800509452819824
0.08200550079345703
0.14599967002868652
0.06200075149536133
0.18999981880187988
0.1020052433013916
0.12499642372131348
0.15505313873291016
0.0980520248413086
0.12296128273010254
0.14000296592712402
0.08805155754089355
0.14394903182983398
0.12705278396606445
0.16705107688903809
0.08399796485900879
0.13399982452392578
0.1450185775756836
0.11000657081604004
0.05205583572387695
0.07105183601379395
0.07505989074707031
0.08693933486938477
0.06099843978881836
0.09897255897521973
0.06899237632751465
0.09299135208129883
0.1250004768371582
0.10599803924560547
0.1000068187713623
0.14599847793579102
0.10800552368164062
0.11499953269958496
0.13198256492614746
0.0989997386932373
0.10100436210632324
0.13505172729492188
0.11094141006469727
0.09999966621398926
0.10800361633300781
0.1699988842010498
0.19200587272644043
0.10600042343139648
0.10607624053955078
0.056000471115112305
0.10705208778381348
0.13299798965454102
0.0780029296875
0.08800601959228516
0.10800027847290039
0.10799932479858398
0.11600613594055176
0.06099534034729004
0.12900137901306152
0.12799835205078125
0.17600011825561523
0.06600093841552734
0.07000064849853516
0.08000659942626953
0.08605360984802246
0.0960536003112793
0.12105703353881836
0.18400096893310547
0.09798955917358398
0.10799694061279297
0.09599924087524414
0.11899709701538086
0.1679995059967041
0.08499956130981445
0.11399984359741211
0.06000018119812012
0.0819997787475586
0.10400032997131348
0.1269993782043457
0.18199801445007324
0.15800142288208008
0.14400076866149902
0.16100025177001953
0.13498258590698242
0.1790008544921875
0.1419992446899414
0.1150045394897461
0.13099312782287598
0.14801502227783203
0.11100053787231445
0.05400729179382324
0.09799861907958984
0.12199878692626953
0.1139986515045166
0.10498261451721191
0.10899853706359863
0.08299946784973145
0.1300053596496582
0.10799956321716309
0.053002119064331055
0.11200308799743652
0.06599235534667969
0.0720062255859375
0.10698652267456055
0.10605216026306152
0.0989980697631836
0.09505486488342285
0.11098957061767578
0.0969390869140625
0.10199952125549316
0.10700535774230957
0.05005311965942383
0.1130070686340332
0.09505844116210938
0.10705733299255371
0.09904646873474121
0.0980520248413086
0.1059868335723877
0.07600927352905273
0.06305170059204102
0.09100008010864258
0.11299753189086914
0.04599928855895996
0.08399009704589844
0.0839993953704834
0.13499999046325684
0.165999174118042
0.09505295753479004
0.06306648254394531
0.1399827003479004
0.10199975967407227
0.1639997959136963
0.13199973106384277
0.09799957275390625
0.09599757194519043
0.10400128364562988
0.18200039863586426
0.09399819374084473
0.06400012969970703
0.17699861526489258
0.12099957466125488
0.12600088119506836
0.125
0.1439981460571289
0.14300251007080078
0.15399813652038574
0.14600062370300293
0.1119992733001709
0.0859978199005127
0.16499805450439453
0.07299971580505371
0.11600065231323242
0.15199971199035645
0.15099596977233887
0.08299875259399414
0.0739896297454834
0.1230015754699707
0.10199999809265137
0.1059880256652832
0.10500049591064453
0.1390063762664795
0.165999174118042
0.08299803733825684
0.10399961471557617
0.11699986457824707
0.08099722862243652
0.13299822807312012
0.08199906349182129
0.09599828720092773
0.12199783325195312
0.09800052642822266
0.16699886322021484
0.14899992942810059
0.0989983081817627
0.14400029182434082
0.12000012397766113
0.09000301361083984
0.1680004596710205
0.18900012969970703
0.06500053405761719
0.1260054111480713
0.10405278205871582
0.08095574378967285
0.1959986686706543
0.11300015449523926
0.12399077415466309
0.1430065631866455
0.14599204063415527
0.09499144554138184
0.1450059413909912
0.09799766540527344
0.09505295753479004
0.08105087280273438
0.07700419425964355
0.1829991340637207
0.12499737739562988
0.0660545825958252
0.07400035858154297
0.112060546875
0.07804346084594727
0.05901789665222168
0.09899640083312988
0.10800647735595703
0.07402396202087402
0.11905050277709961
0.09904789924621582
0.09405183792114258
0.17305254936218262
0.09296965599060059
0.1249997615814209
0.09896612167358398
0.09599924087524414
0.05399942398071289
0.09505200386047363
0.15996885299682617
0.1619412899017334
0.07000017166137695
0.10406112670898438
0.17099833488464355
0.16501116752624512
0.14905357360839844
0.06006026268005371
0.0850515365600586
0.1629469394683838
0.07800149917602539
0.09299826622009277
0.1430058479309082
0.10399651527404785
0.17196083068847656
0.11405324935913086
0.18899989128112793
0.14600467681884766
0.1549994945526123
0.17999744415283203
0.12406110763549805
0.1159982681274414
0.16600537300109863
0.07605218887329102
0.08494830131530762
0.1380000114440918
0.06497573852539062
0.18100690841674805
0.17599821090698242
0.1829996109008789
0.05899953842163086
0.05300641059875488
0.12000012397766113
0.11499381065368652
0.1979992389678955
0.12999939918518066
0.12200498580932617
0.07499980926513672
0.09499812126159668
0.17199945449829102
0.11800551414489746
0.12397623062133789
0.1119997501373291
0.17899870872497559
0.09800076484680176
0.1120004653930664
0.08800029754638672
0.0709989070892334
0.09805870056152344
0.11399960517883301
0.09599995613098145
0.11499953269958496
0.07499980926513672
0.09299921989440918
0.11899924278259277
0.1699981689453125
0.16300082206726074
0.12405276298522949
0.08305096626281738
0.1259918212890625
0.17696785926818848
0.06500530242919922
0.1720573902130127
0.09394669532775879
0.09900140762329102
0.20999836921691895
0.09400606155395508
0.11505246162414551
0.1809995174407959
0.05900001525878906
0.1370525360107422
0.1770327091217041
0.058999061584472656
0.1100001335144043
0.1399993896484375
0.08500027656555176
0.10499763488769531
0.12005877494812012
0.11099886894226074
0.07300066947937012
0.11900019645690918
0.1529991626739502
0.11099767684936523
0.0770723819732666
0.1159975528717041
0.09800004959106445
0.11699938774108887
0.06399989128112793
0.12200069427490234
0.17799925804138184
0.1360611915588379
0.125946044921875
0.11699914932250977
0.13100004196166992
0.06300234794616699
0.1660010814666748
0.12405037879943848
0.16094732284545898
0.09999823570251465
0.05000019073486328
0.0709991455078125
0.03699827194213867
0.07599830627441406
0.13400626182556152
0.11394476890563965
0.1700000762939453
0.1000056266784668
0.17799735069274902
0.10299921035766602
0.11800146102905273
0.08699893951416016
0.11599087715148926
0.08800029754638672
0.08099746704101562
0.14699959754943848
0.1770000457763672
0.07799935340881348
0.09800004959106445
0.21299958229064941
0.13300061225891113
0.19299983978271484
0.1790006160736084
0.15500426292419434
0.0969994068145752
0.12800049781799316
0.13200139999389648
0.13199853897094727
0.13100433349609375
0.11701822280883789
0.11300110816955566
0.09300065040588379
0.13700032234191895
0.18699979782104492
0.11699914932250977
0.0839991569519043
0.06399941444396973
0.11399984359741211
0.1270003318786621
0.13499784469604492
0.10400009155273438
0.06799960136413574
0.11899971961975098
0.09599924087524414
0.06099987030029297
0.09998083114624023
0.18805336952209473
0.17699885368347168
0.11699914932250977
0.059998273849487305
0.09200024604797363
0.10799956321716309
0.12299966812133789
0.09000635147094727
0.1119990348815918
0.10500526428222656
0.12101554870605469
0.17599987983703613
0.09902429580688477
0.06797552108764648
0.07800006866455078
0.11300468444824219
0.10599803924560547
0.16199898719787598
0.053998470306396484
0.08805584907531738
0.0699460506439209
0.10900020599365234
0.16700005531311035
0.1719977855682373
0.13199901580810547
0.11099910736083984
0.11100625991821289
0.10399961471557617
0.09299921989440918
0.13300013542175293
0.09199905395507812
0.12200355529785156
0.12399458885192871
0.0969991683959961
0.08800029754638672
0.11299943923950195
0.07300138473510742
0.16000103950500488
0.08600115776062012
0.09705376625061035
0.10992860794067383
0.048998117446899414
0.09600210189819336
0.11999845504760742
0.1099996566772461
0.10800027847290039
0.1070549488067627
0.0630488395690918
0.1269972324371338
0.09299254417419434
0.056998252868652344
0.05000162124633789
0.12199783325195312
0.16100025177001953
0.13500142097473145
0.16899871826171875
0.08799958229064941
0.15800023078918457
0.09105300903320312
0.18594622611999512
0.11805367469787598
0.09094786643981934
0.1710059642791748
0.07900595664978027
0.18000221252441406
0.11399245262145996
0.09799838066101074
0.09699559211730957
0.1990044116973877
0.13499784469604492
0.0729990005493164
0.126007080078125
0.09799838066101074
0.10506033897399902
0.09905147552490234
0.10095810890197754
0.1709916591644287
0.1049811840057373
0.13399863243103027
0.14499974250793457
0.12799859046936035
0.1540532112121582
0.1219944953918457
0.11405062675476074
0.07799911499023438
0.10800933837890625
0.16199851036071777
0.16598773002624512
0.07199764251708984
0.07005190849304199
0.07801079750061035
0.1659553050994873
0.16499853134155273
0.10504364967346191
0.09494733810424805
0.15000033378601074
0.06100583076477051
0.10899496078491211
0.18399953842163086
0.0480189323425293
0.11900186538696289
0.15198349952697754
0.17199921607971191
0.08799409866333008
0.1260058879852295
0.11799216270446777
0.09999966621398926
0.17002344131469727
0.1410062313079834
0.09599924087524414
0.07799863815307617
0.10899877548217773
0.1009986400604248
0.08701109886169434
0.12700748443603516
0.16100549697875977
0.13899946212768555
0.08499717712402344
0.12705326080322266
0.16799712181091309
0.07799935340881348
0.0970008373260498
0.0969998836517334
0.1849982738494873
0.167999267578125
0.09300541877746582
0.13599395751953125
0.08700227737426758
0.1150059700012207
0.12399983406066895
0.07805347442626953
0.10799956321716309
0.15500569343566895
0.13399791717529297
0.20599842071533203
0.2089993953704834
0.18200039863586426
0.16300082206726074
0.10601806640625
0.16199755668640137
0.154005765914917
0.11899900436401367
0.11199951171875
0.18300080299377441
0.07799983024597168
0.10199952125549316
0.10500097274780273
0.050998687744140625
0.12000155448913574
0.10599899291992188
0.17000222206115723
0.09299945831298828
0.18799781799316406
0.07599163055419922
0.11298155784606934
0.16899895668029785
0.1490001678466797
0.1080024242401123
0.10999917984008789
0.0929868221282959
0.10800004005432129
0.16300034523010254
0.13100552558898926
0.10399866104125977
0.1670386791229248
0.056000471115112305
0.1289987564086914
0.1699974536895752
0.128004789352417
0.09299278259277344
0.17499494552612305
0.11805152893066406
0.14294743537902832
0.13505172729492188
0.10494709014892578
0.11500906944274902
0.16904807090759277
0.11500024795532227
0.1039896011352539
0.10800743103027344
0.13799715042114258
0.07301712036132812
0.1199948787689209
0.14599943161010742
0.1849989891052246
0.17206048965454102
0.15601325035095215
0.15799999237060547
0.052046775817871094
0.14699792861938477
0.14699840545654297
0.07499980926513672
0.057006120681762695
0.11499881744384766
0.04900002479553223
0.10099983215332031
0.09399962425231934
0.09201765060424805
0.12205147743225098
0.13205862045288086
0.08305096626281738
0.07599306106567383
0.05298900604248047
0.1419963836669922
0.1009979248046875
0.13406729698181152
0.045978546142578125
0.14899945259094238
0.12995362281799316
0.1120002269744873
0.15399885177612305
0.09006214141845703
0.10599756240844727
0.0859992504119873
0.08499979972839355
0.13999676704406738
0.16100072860717773
0.09002804756164551
0.15305233001708984
0.10201907157897949
0.1529388427734375
0.08800005912780762
0.13199901580810547
0.12800073623657227
0.14699792861938477
0.12100076675415039
0.12000083923339844
0.16899967193603516
0.13900089263916016
0.09297990798950195
0.16299939155578613
0.13099980354309082
0.09300041198730469
0.18799829483032227
0.1829984188079834
0.15700101852416992
0.07599854469299316
0.07700181007385254
0.04799842834472656
0.08699965476989746
0.0709996223449707
0.16299962997436523
0.17199945449829102
0.0590212345123291
0.12097644805908203
0.11399984359741211
0.17000102996826172
0.07000064849853516
0.16100549697875977
0.14699864387512207
0.08599996566772461
0.09600067138671875
0.056998491287231445
0.14799785614013672
0.17800140380859375
0.1660010814666748
0.14499807357788086
0.10500049591064453
0.14498591423034668
0.1829991340637207
0.07700014114379883
0.16499900817871094
0.15199732780456543
0.1569991111755371
0.0839998722076416
0.14599871635437012
0.13899993896484375
0.09799885749816895
0.13500046730041504
0.152998685836792
0.07899951934814453
0.12399744987487793
0.09299874305725098
0.19700026512145996
0.17399978637695312
0.1280217170715332
0.0950019359588623
0.14099931716918945
0.11797308921813965
0.12000131607055664
0.15300798416137695
0.13499927520751953
0.13699913024902344
0.15400028228759766
0.10800004005432129
0.11499905586242676
0.10599946975708008
0.12800264358520508
0.07199740409851074
0.04199552536010742
0.14798951148986816
0.05599784851074219
0.14300084114074707
0.10206055641174316
0.08005809783935547
0.11705183982849121
0.12599873542785645
0.09194707870483398
0.1660006046295166
0.1129908561706543
0.14700007438659668
0.1530003547668457
0.14306187629699707
0.1259453296661377
0.12800335884094238
0.18505191802978516
0.15099501609802246
0.06599998474121094
0.06199979782104492
0.14499902725219727
0.12901592254638672
0.09592723846435547
0.15000200271606445
0.16596460342407227
0.12800049781799316
0.09299778938293457
0.15599822998046875
0.16305255889892578
0.11905360221862793
0.11499929428100586
0.11505293846130371
0.13899970054626465
0.11700582504272461
0.07399916648864746
0.10505366325378418
0.13700032234191895
0.13599753379821777
0.15399503707885742
0.15099859237670898
0.0950002670288086
0.07599997520446777
0.06699824333190918
0.1010138988494873
0.13399958610534668
0.13399982452392578
0.11699962615966797
0.0879983901977539
0.0839998722076416
0.16199994087219238
0.04900026321411133
0.08702468872070312
0.13499975204467773
0.13100123405456543
0.14999890327453613
0.06800103187561035
0.07299971580505371
0.05999875068664551
0.16899824142456055
0.1379997730255127
0.08500027656555176
0.09999942779541016
0.10500240325927734
0.16899800300598145
0.17199969291687012
0.08699846267700195
0.07800078392028809
0.13299894332885742
0.08900046348571777
0.13199925422668457
0.1640000343322754
0.13300251960754395
0.1269989013671875
0.1330099105834961
0.076019287109375
0.12798094749450684
0.04700517654418945
0.14599394798278809
0.12799882888793945
0.12600183486938477
0.10306048393249512
0.14895105361938477
0.08205318450927734
0.14799904823303223
0.14699959754943848
0.06100106239318848
0.14799976348876953
0.06305265426635742
0.13299942016601562
0.13599777221679688
0.09800481796264648
0.12805962562561035
0.13299846649169922
0.15894627571105957
0.13599872589111328
0.06799983978271484
0.12702369689941406
0.09303736686706543
0.1529524326324463
0.12199640274047852
0.0980539321899414
0.1399998664855957
0.13899993896484375
0.10799932479858398
0.13000011444091797
0.16499829292297363
0.15600132942199707
0.1549990177154541
0.10199499130249023
0.11600041389465332
0.10699915885925293
0.08299827575683594
0.195997953414917
0.0579988956451416
0.1399986743927002
0.07899808883666992
0.13399910926818848
0.13700151443481445
0.1589984893798828
0.16000008583068848
0.1509997844696045
0.13699865341186523
0.11999893188476562
0.1080007553100586
0.06399893760681152
0.0969991683959961
0.08999896049499512
0.1479940414428711
0.13399982452392578
0.051999568939208984
0.13599848747253418
0.07900071144104004
0.14299988746643066
0.12800097465515137
0.0709998607635498
0.05099844932556152
0.07999992370605469
0.07499837875366211
0.08299899101257324
0.0760047435760498
0.12904787063598633
0.14894604682922363
0.08799910545349121
0.13399887084960938
0.08405256271362305
0.05705142021179199
0.14600038528442383
0.06400084495544434
0.060999155044555664
0.12794756889343262
0.10700011253356934
0.11694622039794922
0.09405398368835449
0.09694933891296387
0.09099960327148438
0.09399986267089844
0.11500120162963867
0.08805227279663086
0.08599638938903809
0.15999889373779297
0.11499881744384766
0.06999945640563965
0.1260535717010498
0.09705305099487305
0.16194748878479004
0.08805584907531738
0.1309950351715088
0.12400031089782715
0.08200478553771973
0.126007080078125
0.13199973106384277
0.08999896049499512
0.14099931716918945
0.11904239654541016
0.12505221366882324
0.14500975608825684
0.14105749130249023
0.1220405101776123
0.14194464683532715
0.12199902534484863
0.055999755859375
0.1219637393951416
0.10203909873962402
0.1669461727142334
0.10500049591064453
0.06200551986694336
0.10100507736206055
0.08904862403869629
0.07194900512695312
0.1099998950958252
0.12200045585632324
0.09299588203430176
0.11800098419189453
0.07400155067443848
0.1660459041595459
0.03504538536071777
0.0719907283782959
0.13894200325012207
0.1249992847442627
0.17499923706054688
0.06199812889099121
0.12599873542785645
0.12199759483337402
0.15199661254882812
0.1340010166168213
0.13599419593811035
0.11699986457824707
0.1159982681274414
0.06301999092102051
0.12494730949401855
0.13199853897094727
0.07906126976013184
0.11800408363342285
0.09800004959106445
0.10803580284118652
0.14894652366638184
0.09799909591674805
0.1269989013671875
0.08899903297424316
0.05899953842163086
0.15200090408325195
0.05399894714355469
0.06499791145324707
0.17099952697753906
0.051999568939208984
0.047998666763305664
0.09599995613098145
0.09799671173095703
0.07499885559082031
0.11899852752685547
0.08000636100769043
0.09305524826049805
0.07194638252258301
0.1120002269744873
0.1419992446899414
0.15399813652038574
0.10700011253356934
0.10300207138061523
0.11200070381164551
0.20100021362304688
0.05499982833862305
0.19999933242797852
0.0629875659942627
0.09800100326538086
0.10799860954284668
0.16102051734924316
0.10699820518493652
0.14899921417236328
0.16800522804260254
0.07699465751647949
0.12000036239624023
0.12599849700927734
0.0709991455078125
0.17200088500976562
0.1530005931854248
0.10499882698059082
0.05099940299987793
0.11699843406677246
0.07499980926513672
0.15899920463562012
0.12599873542785645
0.0969994068145752
0.12900114059448242
0.09902358055114746
0.0730292797088623
0.057000160217285156
0.12999963760375977
0.10199999809265137
0.13899850845336914
0.07101225852966309
0.12399840354919434
0.10000038146972656
0.14200162887573242
0.14499831199645996
0.07400035858154297
0.11405277252197266
0.16293978691101074
0.06800532341003418
0.15299367904663086
0.11899995803833008
0.16199994087219238
0.08800959587097168
0.12505340576171875
0.12500667572021484
0.1209421157836914
0.11599946022033691
0.13999223709106445
0.13199973106384277
0.082000732421875
0.0970003604888916
0.09998488426208496
0.14899253845214844
0.08699965476989746
0.13699984550476074
0.13100171089172363
0.13298273086547852
0.07797527313232422
0.14699935913085938
0.07800006866455078
0.09799933433532715
0.0720055103302002
0.12600064277648926
0.09499859809875488
0.11499929428100586
0.1490004062652588
0.0390019416809082
0.08899807929992676
0.12400054931640625
0.1510000228881836
0.1399996280670166
0.09800004959106445
0.1549985408782959
0.1119992733001709
0.17500090599060059
0.14600062370300293
0.11399960517883301
0.13399910926818848
0.17999958992004395
0.11299848556518555
0.10399913787841797
0.11499834060668945
0.04700016975402832
0.12700605392456055
0.09004688262939453
0.05503201484680176
0.14499998092651367
0.12199997901916504
0.1230001449584961
0.15399885177612305
0.13199758529663086
0.1509997844696045
0.12000036239624023
0.14699912071228027
0.10199928283691406
0.08899879455566406
0.06405329704284668
0.06705331802368164
0.08894824981689453
0.07005190849304199
0.10493874549865723
0.06200003623962402
0.17999863624572754
0.12600040435791016
0.10794639587402344
0.12705278396606445
0.10300016403198242
0.06599783897399902
0.08699893951416016
0.11005115509033203
0.08999419212341309
0.12505316734313965
0.051947593688964844
0.14105796813964844
0.07999897003173828
0.0919961929321289
0.1860051155090332
0.08306121826171875
0.08005070686340332
0.06505227088928223
0.11900448799133301
0.16299939155578613
0.1100015640258789
0.08700013160705566
0.08394742012023926
0.11705827713012695
0.15899944305419922
0.13699841499328613
0.07299971580505371
0.09700536727905273
0.07999801635742188
0.09599876403808594
0.07401442527770996
0.09398293495178223
0.07200169563293457
0.09399938583374023
0.15106463432312012
0.08302521705627441
0.0619511604309082
0.14206385612487793
0.08305144309997559
0.07893562316894531
0.054052114486694336
0.13205814361572266
0.13394689559936523
0.0559992790222168
0.05605292320251465
0.07405543327331543
0.08005166053771973
0.07105231285095215
0.12404823303222656
0.12299990653991699
0.17000079154968262
0.13201189041137695
0.05699777603149414
0.18700051307678223
0.09206366539001465
0.0979456901550293
0.09599852561950684
0.10705065727233887
0.14299917221069336
0.13197875022888184
0.10599946975708008
0.08099961280822754
0.13099980354309082
0.12799954414367676
0.07700014114379883
0.0879981517791748
0.10900020599365234
0.03700065612792969
0.09299731254577637
0.09199881553649902
0.1329948902130127
0.10199880599975586
0.032999277114868164
0.1100001335144043
0.06099843978881836
0.12499880790710449
0.05800294876098633
0.1189725399017334
0.16100025177001953
0.07799744606018066
0.14899969100952148
0.03299880027770996
0.06299996376037598
0.15200471878051758
0.07199764251708984
0.1110239028930664
0.08399844169616699
0.0690004825592041
0.14099597930908203
0.14602327346801758
0.14599895477294922
0.14300107955932617
0.10805249214172363
0.06305146217346191
0.11999249458312988
0.09705257415771484
0.13994598388671875
0.1119992733001709
0.08899998664855957
0.06699872016906738
0.05500078201293945
0.05499982833862305
0.12900114059448242
0.09399795532226562
0.06000399589538574
0.053998470306396484
0.08299922943115234
0.1510004997253418
0.06802225112915039
0.1629774570465088
0.1260511875152588
0.06694865226745605
0.13194584846496582
0.06499934196472168
0.11508679389953613
0.11092877388000488
0.05799436569213867
0.09905433654785156
0.170027494430542
0.1490001678466797
0.14599895477294922
0.09505200386047363
0.1679983139038086
0.0870065689086914
0.1090538501739502
0.15200567245483398
0.12100052833557129
0.12499856948852539
0.0760033130645752
0.13499903678894043
0.15800046920776367
0.07699918746948242
0.12399744987487793
0.156998872756958
0.1380012035369873
0.09799885749816895
0.15199947357177734
0.12599968910217285
0.07100129127502441
0.0749974250793457
0.09805846214294434
0.09505820274353027
0.05399942398071289
0.0699460506439209
0.15499401092529297
0.0729990005493164
0.1359996795654297
0.17399978637695312
0.15199875831604004
0.16700005531311035
0.08599972724914551
0.1269984245300293
0.1379995346069336
0.06599950790405273
0.09200143814086914
0.11299896240234375
0.12099719047546387
0.11899876594543457
0.13500189781188965
0.06799912452697754
0.16099905967712402
0.08799886703491211
0.07699894905090332
0.1490006446838379
0.09199905395507812
0.06799936294555664
0.10000085830688477
0.05999875068664551
0.13299894332885742
0.12299966812133789
0.059998512268066406
0.04799842834472656
0.1399996280670166
0.05299997329711914
0.10500478744506836
0.192000150680542
0.09100580215454102
0.059001922607421875
0.10200023651123047
0.13799619674682617
0.08299970626831055
0.04899883270263672
0.09306073188781738
0.08905172348022461
0.07200884819030762
0.049046993255615234
0.12305307388305664
0.15705275535583496
0.05303454399108887
0.09099841117858887
0.09400033950805664
0.06998968124389648
0.11400032043457031
0.13299989700317383
0.07300949096679688
0.07300019264221191
0.11405301094055176
0.11000394821166992
0.13299918174743652
0.13994288444519043
0.07199764251708984
0.09499955177307129
0.05299830436706543
0.13299870491027832
0.11399984359741211
0.16099953651428223
0.08200597763061523
0.11699366569519043
0.10400104522705078
0.10398459434509277
0.08202099800109863
0.14700078964233398
0.1279597282409668
0.13100361824035645
0.1479952335357666
0.09299993515014648
0.08699893951416016
0.08099865913391113
0.08299374580383301
0.1399998664855957
0.10999941825866699
0.1569986343383789
0.16699981689453125
0.16099905967712402
0.12599825859069824
0.1399989128112793
0.08899950981140137
0.08699822425842285
0.10999894142150879
0.08399653434753418
0.1770009994506836
0.07699942588806152
0.06000542640686035
0.10799551010131836
0.0839986801147461
0.10699868202209473
0.0769968032836914
0.06600022315979004
0.08500051498413086
0.08599615097045898
0.14099454879760742
0.07700538635253906
0.13899755477905273
0.08099913597106934
0.10299897193908691
0.049999237060546875
0.11299943923950195
0.10399866104125977
0.08801102638244629
0.10298347473144531
0.14699912071228027
0.0839998722076416
0.06500053405761719
0.1569991111755371
0.1529996395111084
0.07100033760070801
0.07699966430664062
0.07599949836730957
0.07501912117004395
0.13397836685180664
0.1250002384185791
0.1400003433227539
0.09600043296813965
0.10199928283691406
0.0989990234375
0.1009988784790039
0.08399820327758789
0.0820012092590332
0.15099811553955078
0.13900184631347656
0.11899805068969727
0.09601545333862305
0.15601730346679688
0.13199830055236816
0.10205316543579102
0.18095111846923828
0.07999825477600098
0.14899969100952148
0.10399913787841797
0.09199881553649902
0.09500503540039062
0.0740060806274414
0.07899117469787598
0.0939948558807373
0.13199830055236816
0.05499911308288574
0.11599230766296387
0.17499828338623047
0.08500218391418457
0.07305264472961426
0.15899991989135742
0.11295175552368164
0.09200000762939453
0.1390531063079834
0.07396054267883301
0.05903935432434082
0.08498668670654297
0.14503145217895508
0.11805272102355957
0.11905288696289062
0.10100054740905762
0.1360030174255371
0.15198612213134766
0.09600043296813965
0.08600091934204102
0.08394074440002441
0.09597420692443848
0.04999971389770508
0.15599775314331055
0.07999992370605469
0.14304828643798828
0.0970001220703125
0.061005353927612305
0.04099869728088379
0.14005231857299805
0.08199810981750488
0.10899925231933594
0.13707399368286133
0.08399772644042969
0.05100607872009277
0.041001319885253906
0.056000471115112305
0.050998687744140625
0.13305163383483887
0.04205322265625
0.0939946174621582
0.0760507583618164
0.1119997501373291
0.05399799346923828
0.1509993076324463
0.13405323028564453
0.06999611854553223
0.13399791717529297
0.08099555969238281
0.08599090576171875
0.08199715614318848
0.05899834632873535
0.10199856758117676
0.061998844146728516
0.06999874114990234
0.029999732971191406
0.0989995002746582
0.054999589920043945
0.05199861526489258
0.06799983978271484
0.08000421524047852
0.13299775123596191
0.055999755859375
0.1159968376159668
0.16299939155578613
0.17199945449829102
0.1640002727508545
0.05899834632873535
0.05500006675720215
0.14405226707458496
0.14605164527893066
0.0610499382019043
0.10805225372314453
0.09499979019165039
0.16304230690002441
0.07799983024597168
0.1779792308807373
0.10899066925048828
0.16699957847595215
0.06799983978271484
0.06405186653137207
0.13898134231567383
0.03900003433227539
0.0870511531829834
0.08794736862182617
0.1149756908416748
0.17004752159118652
0.17999601364135742
0.16499972343444824
0.17999911308288574
0.13399720191955566
0.17400002479553223
0.17200016975402832
0.1699991226196289
0.1060030460357666
0.17805194854736328
0.0840606689453125
0.17199921607971191
0.1520535945892334
0.042040348052978516
0.17594099044799805
0.09297871589660645
0.13001799583435059
0.10400032997131348
0.09900021553039551
0.08898520469665527
0.10900068283081055
0.09205842018127441
0.1430511474609375
0.11305451393127441
0.09904861450195312
0.08503508567810059
0.1159970760345459
0.0970005989074707
0.04105234146118164
0.051003217697143555
0.04399681091308594
0.11805605888366699
0.11199736595153809
0.0540003776550293
0.12600040435791016
0.10806083679199219
0.17695951461791992
0.09800124168395996
0.1719973087310791
0.06700015068054199
0.1770000457763672
0.08900117874145508
0.05599856376647949
0.15999889373779297
0.08199930191040039
0.12599921226501465
0.15599894523620605
0.16499948501586914
0.06999993324279785
0.04099893569946289
0.07500100135803223
0.12799882888793945
0.04900002479553223
0.22500061988830566
0.07900261878967285
0.0879974365234375
0.12799882888793945
0.10900068283081055
0.23299813270568848
0.06400179862976074
0.08100032806396484
0.2330002784729004
0.221998929977417
0.1935126781463623
0.11899971961975098
0.08100032806396484
0.20301103591918945
0.10900068283081055
0.18199968338012695
0.14100074768066406
0.2400059700012207
0.14400076866149902
0.12000012397766113
0.20798540115356445
0.08499956130981445
0.20456290245056152
0.08698272705078125
0.15598654747009277
0.131516695022583
0.25999951362609863
0.1470029354095459
0.10899591445922852
0.26800012588500977
0.1509995460510254
0.1750011444091797
0.15999960899353027
0.1309957504272461
0.07700109481811523
0.2325892448425293
0.1759958267211914
0.1940000057220459
0.08500099182128906
0.12599825859069824
0.07899999618530273
0.07699990272521973
0.06199836730957031
0.196000337600708
0.1620042324066162
0.1399986743927002
0.20000076293945312
0.07800006866455078
0.053978681564331055
0.08699679374694824
0.08299994468688965
0.08898019790649414
0.12399864196777344
0.2859992980957031
0.1070091724395752
0.20599150657653809
0.15302610397338867
0.15397977828979492
0.1399998664855957
0.07200074195861816
0.08199906349182129
0.061000823974609375
0.143998384475708
0.2389981746673584
0.1940007209777832
0.13300013542175293
0.13199996948242188
0.09399986267089844
0.1119999885559082
0.13801264762878418
0.10500335693359375
0.09399819374084473
0.18500638008117676
0.22700071334838867
0.22699785232543945
0.18300151824951172
0.08199882507324219
0.14100074768066406
0.11299729347229004
0.03800535202026367
0.18499970436096191
0.20299935340881348
0.1490018367767334
0.225999116897583
0.21700048446655273
0.21599888801574707
0.12001848220825195
0.07699918746948242
0.0709984302520752
0.2110004425048828
0.2019965648651123
0.08599996566772461
0.20800089836120605
0.18799948692321777
0.07900094985961914
0.04702186584472656
0.14300251007080078
0.1589982509613037
0.17400002479553223
0.234999418258667
0.09399771690368652
0.21700096130371094
0.1809983253479004
0.06499361991882324
0.21199941635131836
0.22099900245666504
0.1100013256072998
0.2050318717956543
0.2735135555267334
0.14156436920166016
0.24252080917358398
0.25400543212890625
0.19499444961547852
0.2199993133544922
0.15999960899353027
0.14099907875061035
0.20400691032409668
0.16099309921264648
0.18599796295166016
0.14859223365783691
0.23799824714660645
0.14700603485107422
0.09499979019165039
0.13499879837036133
0.03799939155578613
0.149000883102417
0.19602537155151367
0.18200087547302246
0.09901905059814453
0.17394709587097168
0.23298430442810059
0.07000446319580078
0.1029965877532959
0.11299824714660645
0.10600018501281738
0.18700027465820312
0.12799882888793945
0.05899953842163086
0.16700029373168945
0.10500264167785645
0.15500283241271973
0.20099830627441406
0.0820009708404541
0.2330007553100586
0.21700072288513184
0.08699965476989746
0.1490018367767334
0.14099884033203125
0.15100550651550293
0.07899999618530273
0.10500025749206543
0.11600065231323242
0.23299336433410645
0.21700119972229004
0.18899917602539062
0.18800091743469238
0.221998929977417
0.09600114822387695
0.07799959182739258
0.05299830436706543
0.12200021743774414
0.22300028800964355
0.21291375160217285
0.1939997673034668
0.17899799346923828
0.10300278663635254
0.06799674034118652
0.10400032997131348
0.08800745010375977
0.12898516654968262
0.18305253982543945
0.20799756050109863
0.12200021743774414
0.18199968338012695
0.24100041389465332
0.11700081825256348
0.13800263404846191
0.06999850273132324
0.09399819374084473
0.1190025806427002
0.12200117111206055
0.22100043296813965
0.1269989013671875
0.14900541305541992
0.17000150680541992
0.0899953842163086
0.07799959182739258
0.2090010643005371
0.17799878120422363
0.13700032234191895
0.19499921798706055
0.04999995231628418
0.21600127220153809
0.1510007381439209
0.1380000114440918
0.10000419616699219
0.23851943016052246
0.21599960327148438
0.16100025177001953
0.1919999122619629
0.19098305702209473
0.2370014190673828
0.08299112319946289
0.1789839267730713
0.15399980545043945
0.06598234176635742
0.1349954605102539
0.17099905014038086
0.13599872589111328
0.07399892807006836
0.12000107765197754
0.07398366928100586
0.21599912643432617
0.1250009536743164
0.09099984169006348
0.1280062198638916
0.14097833633422852
0.13399958610534668
0.16499972343444824
0.14499521255493164
0.17800068855285645
0.14099836349487305
0.10298585891723633
0.0840001106262207
0.1609961986541748
0.21899175643920898
0.22100138664245605
0.10800004005432129
0.07899880409240723
0.07800006866455078
0.06299901008605957
0.07999873161315918
0.09600019454956055
0.22499823570251465
0.06199812889099121
0.10900020599365234
0.21599841117858887
0.07500147819519043
0.20799994468688965
0.07899928092956543
0.09099817276000977
0.07500076293945312
0.20400023460388184
0.1880016326904297
0.14999938011169434
0.20999956130981445
0.22699999809265137
0.05899977684020996
0.22899651527404785
0.1000056266784668
0.2109992504119873
0.20399808883666992
0.23799991607666016
0.22999978065490723
0.07898139953613281
0.11299586296081543
0.19299936294555664
0.20101189613342285
0.14400124549865723
0.11599993705749512
0.1770007610321045
0.1569995880126953
0.1960008144378662
0.20799946784973145
0.1340014934539795
0.09400081634521484
0.07300019264221191
0.22899317741394043
0.1530003547668457
0.28099989891052246
0.23653340339660645
0.23399877548217773
0.23551583290100098
0.14751625061035156
0.11551451683044434
0.14199328422546387
0.07499885559082031
0.07299995422363281
0.1519932746887207
0.07001662254333496
0.16300010681152344
0.21199846267700195
0.10299873352050781
0.1139981746673584
0.11600041389465332
0.16100597381591797
0.0919945240020752
0.18700027465820312
0.13199877738952637
0.11599946022033691
0.1439957618713379
0.1360001564025879
0.12301063537597656
0.15799403190612793
0.1810016632080078
0.22299933433532715
0.2189960479736328
0.16899824142456055
0.20400166511535645
0.1379990577697754
0.2129979133605957
0.12700104713439941
0.12299942970275879
0.12100005149841309
0.050000667572021484
0.2239997386932373
0.22100019454956055
0.15600061416625977
0.2030019760131836
0.24199533462524414
0.12799835205078125
0.09399938583374023
0.11500167846679688
0.11100125312805176
0.1509995460510254
0.06897997856140137
0.2149982452392578
0.13400030136108398
0.1639859676361084
0.1419968605041504
0.17699909210205078
0.13200759887695312
0.1529984474182129
0.2759997844696045
0.1240077018737793
0.07600116729736328
0.1250004768371582
0.1529989242553711
0.23900055885314941
0.19500088691711426
0.1790027618408203
0.1549990177154541
0.3730020523071289
0.1520092487335205
0.17499995231628418
0.11199069023132324
0.05299997329711914
0.1750016212463379
0.22699928283691406
0.07499814033508301
0.16199779510498047
0.23399996757507324
0.19699954986572266
0.18599700927734375
0.08699750900268555
0.14000797271728516
0.08499860763549805
0.10500097274780273
0.07399845123291016
0.07000041007995605
0.10401749610900879
0.11900615692138672
0.06801915168762207
0.16299939155578613
0.03900551795959473
0.08196306228637695
0.1419980525970459
0.10699963569641113
0.09299969673156738
0.1640033721923828
0.07500052452087402
0.1379992961883545
0.12231826782226562
0.09599876403808594
0.04304170608520508
0.07199883460998535
0.12299323081970215
0.03802371025085449
0.09000134468078613
0.09999799728393555
0.09605264663696289
0.12298750877380371
0.05600595474243164
0.19599485397338867
0.06805157661437988
0.07297849655151367
0.17704296112060547
0.1269998550415039
0.12700152397155762
0.132004976272583
0.12799906730651855
0.10700082778930664
0.09002161026000977
0.0950002670288086
0.03699970245361328
0.06699943542480469
0.03399991989135742
0.13597655296325684
0.1970524787902832
0.08201050758361816
0.11197876930236816
0.06700015068054199
0.06192612648010254
0.1530008316040039
0.062000274658203125
0.16100096702575684
0.16299939155578613
0.20399832725524902
0.11599898338317871
0.14705348014831543
0.12700271606445312
0.16100072860717773
0.11400079727172852
0.10400032997131348
0.11599898338317871
0.12800073623657227
0.09199929237365723
0.09999990463256836
0.17900514602661133
0.17300128936767578
0.15400123596191406
0.20397591590881348
0.16299986839294434
0.21405291557312012
0.10399889945983887
0.21900177001953125
0.1250002384185791
0.07299923896789551
0.12397646903991699
0.336514949798584
0.1790018081665039
0.09599995613098145
0.16503286361694336
0.2225487232208252
0.07500147819519043
0.07499957084655762
0.10500073432922363
0.07300138473510742
0.0820016860961914
0.21954345703125
0.06852173805236816
0.15799880027770996
0.23800039291381836
0.19099950790405273
0.15903568267822266
0.19699954986572266
0.09395670890808105
0.1959998607635498
0.07799673080444336
0.06599950790405273
0.2310020923614502
0.16199731826782227
0.2180023193359375
0.1419975757598877
0.1529984474182129
0.3079962730407715
0.10000014305114746
0.0840001106262207
0.27199769020080566
0.26349854469299316
0.24651598930358887
0.24700021743774414
0.14801406860351562
0.3020005226135254
0.4100010395050049
0.14751601219177246
0.14499783515930176
0.11900138854980469
0.3250396251678467
0.0839993953704834
0.21900129318237305
0.19800066947937012
0.2290036678314209
0.21599912643432617
0.22300076484680176
0.07599973678588867
0.06699919700622559
0.22799992561340332
0.2089986801147461
0.19300031661987305
0.12404417991638184
0.25100255012512207
0.24251413345336914
0.2680540084838867
0.22310256958007812
0.19098186492919922
0.24900102615356445
0.19849920272827148
0.24051785469055176
0.1380000114440918
0.1610109806060791
0.25699806213378906
0.3080019950866699
0.17699980735778809
0.12451863288879395
0.15199899673461914
0.331512451171875
0.3209998607635498
0.32199907302856445
0.17756962776184082
0.1555185317993164
0.37799739837646484
0.2680017948150635
0.1100010871887207
0.2879981994628906
0.2329998016357422
0.13000011444091797
0.15952444076538086
0.24999427795410156
0.2595226764678955
0.20851492881774902
0.22652816772460938
0.10200071334838867
0.23999810218811035
0.2519986629486084
0.22600007057189941
0.21300148963928223
0.21599650382995605
0.1894993782043457
0.3055143356323242
0.17802953720092773
0.09151983261108398
0.2440032958984375
0.12299489974975586
0.20751619338989258
0.12999796867370605
0.23900413513183594
0.15701746940612793
0.2245185375213623
0.22399616241455078
0.13400053977966309
0.16700196266174316
0.1425185203552246
0.2330014705657959
0.05900001525878906
0.24852657318115234
0.2069988250732422
0.15599870681762695
0.16099905967712402
0.06706047058105469
0.23701763153076172
0.22850966453552246
0.2585601806640625
0.21151494979858398
0.18898367881774902
0.2070012092590332
0.11299967765808105
0.0989992618560791
0.062003374099731445
0.22203660011291504
0.10799908638000488
0.21600031852722168
0.1425182819366455
0.1809992790222168
0.11300253868103027
0.22800278663635254
0.2045149803161621
0.11900210380554199
0.24151349067687988
0.1659984588623047
0.2255241870880127
0.1719982624053955
0.263563871383667
0.08799529075622559
0.180999755859375
0.11699962615966797
0.16399884223937988
0.23299765586853027
0.2615165710449219
0.29200148582458496
0.17499017715454102
0.12600326538085938
0.08299875259399414
0.08299994468688965
0.06200742721557617
0.14998698234558105
0.23799800872802734
0.12199950218200684
0.17151641845703125
0.20600080490112305
0.09799957275390625
0.2220001220703125
0.1639997959136963
0.19600486755371094
0.06399893760681152
0.08399772644042969
0.1900005340576172
0.10200643539428711
0.2325143814086914
0.2279984951019287
0.24299955368041992
0.18900179862976074
0.23999905586242676
0.17999958992004395
0.25999999046325684
0.14899754524230957
0.2389984130859375
0.20499944686889648
0.1549999713897705
0.23800063133239746
0.2125108242034912
0.23099923133850098
0.045000553131103516
0.18400073051452637
0.18899822235107422
0.2030019760131836
0.10499978065490723
0.08399844169616699
0.20000076293945312
0.20101428031921387
0.12299871444702148
0.17500019073486328
0.1529996395111084
0.13499975204467773
0.2380056381225586
0.19499421119689941
0.1230001449584961
0.17299962043762207
0.12202119827270508
0.09797859191894531
0.05500054359436035
0.20800185203552246
0.19300222396850586
0.11700105667114258
0.17399930953979492
0.16299962997436523
0.15999913215637207
0.07700610160827637
0.06199908256530762
0.07999992370605469
0.19700002670288086
0.09800243377685547
0.09199738502502441
0.07600212097167969
0.11502194404602051
0.1389772891998291
0.10900068283081055
0.0950002670288086
0.11400079727172852
0.22099971771240234
0.08899760246276855
0.11997604370117188
0.13299918174743652
0.09100031852722168
0.07613635063171387
0.06282854080200195
0.12999773025512695
0.06598353385925293
0.16099905967712402
0.23799896240234375
0.24903416633605957
0.11299967765808105
0.13304853439331055
0.2670004367828369
0.14599871635437012
0.09000301361083984
0.1380009651184082
0.24951815605163574
0.12099790573120117
0.30100059509277344
0.282515287399292
0.15151715278625488
0.182999849319458
0.07699918746948242
0.04400062561035156
0.16199946403503418
0.19099998474121094
0.20800042152404785
0.1940011978149414
0.21799755096435547
0.1070096492767334
0.10399913787841797
0.10900068283081055
0.1419992446899414
0.11899924278259277
0.18799948692321777
0.23200392723083496
0.09200024604797363
0.1829991340637207
0.17899847030639648
0.15600943565368652
0.16900181770324707
0.08099794387817383
0.1829986572265625
0.13499832153320312
0.21400165557861328
0.13300561904907227
0.2089996337890625
0.09100055694580078
0.050995588302612305
0.17702031135559082
0.2189779281616211
0.3035144805908203
0.19500160217285156
0.0969994068145752
0.12900137901306152
0.2069990634918213
0.0800011157989502
0.22200489044189453
0.1860063076019287
0.046201467514038086
0.08300137519836426
0.18301177024841309
0.16700196266174316
0.21102356910705566
0.20905089378356934
0.12000107765197754
0.0890042781829834
0.18500542640686035
0.16201233863830566
0.1645824909210205
0.17990779876708984
0.1640007495880127
0.21399998664855957
0.20400094985961914
0.09701061248779297
0.07199954986572266
0.13399791717529297
0.09299945831298828
0.07399749755859375
0.1790008544921875
0.11499977111816406
0.16499924659729004
0.16188669204711914
0.20503854751586914
0.40600013732910156
0.27202415466308594
0.2545506954193115
0.20100069046020508
0.305999755859375
0.1849982738494873
0.27199816703796387
0.2545151710510254
0.1309981346130371
0.23400020599365234
0.17299985885620117
0.27305006980895996
0.20099878311157227
0.49356698989868164
0.30100417137145996
0.2755162715911865
0.08953619003295898
0.24301958084106445
0.09398198127746582
0.291994571685791
0.11999940872192383
0.26003026962280273
0.313551664352417
0.2485792636871338
0.23999977111816406
0.2689964771270752
0.2609987258911133
0.14799976348876953
0.1919996738433838
0.20900487899780273
0.06176137924194336
0.25800228118896484
0.1569995880126953
0.28403162956237793
0.23199915885925293
0.24199938774108887
0.23202943801879883
0.2120518684387207
0.10397768020629883
0.2065269947052002
0.24000072479248047
0.22803330421447754
0.09198713302612305
0.22600030899047852
0.24307894706726074
0.21698379516601562
0.10652375221252441
0.2125256061553955
0.06100010871887207
0.1235203742980957
0.21799516677856445
0.24599909782409668
0.0939948558807373
0.1269996166229248
0.25299954414367676
0.13099980354309082
0.11699962615966797
0.10100007057189941
0.19204497337341309
0.11100482940673828
0.1290292739868164
0.2369990348815918
0.18355727195739746
0.1775217056274414
0.058999061584472656
0.12699532508850098
0.09299850463867188
0.20699429512023926
0.0989992618560791
0.20299935340881348
0.12999391555786133
0.1610269546508789
0.1850278377532959
0.13299036026000977
0.16099810600280762
0.10300135612487793
0.11800551414489746
0.24000072479248047
0.22001218795776367
0.14699888229370117
0.15199828147888184
0.1490018367767334
0.14099860191345215
0.1360023021697998
0.05904197692871094
0.09600520133972168
0.20002365112304688
0.17697596549987793
0.197037935256958
0.13199973106384277
0.06752276420593262
0.1585526466369629
0.18898296356201172
0.04599714279174805
0.25702953338623047
0.17399907112121582
0.17900562286376953
0.2299971580505371
0.0710000991821289
0.07799887657165527
0.1215212345123291
0.10551619529724121
0.11599922180175781
0.18102526664733887
0.1620006561279297
0.12999987602233887
0.10500049591064453
0.18399715423583984
0.17600011825561523
0.12024426460266113
0.19500374794006348
0.050978660583496094
0.28600192070007324
0.08499932289123535
0.07699704170227051
0.10800027847290039
0.20199966430664062
0.20800018310546875
0.17351698875427246
0.06951546669006348
0.1410045623779297
0.2129960060119629
0.2610023021697998
0.08334016799926758
0.1289992332458496
0.12062788009643555
0.0970003604888916
0.14200115203857422
0.12999820709228516
0.23151540756225586
0.1975393295288086
0.24751520156860352
0.2525148391723633
0.1399989128112793
0.10700154304504395
0.14151859283447266
0.17600011825561523
0.11700439453125
0.12100076675415039
0.2670001983642578
0.2460005283355713
0.07999873161315918
0.09599995613098145
0.18999862670898438
0.12251543998718262
0.11899781227111816
0.24654555320739746
0.21256113052368164
0.08099985122680664
0.13099980354309082
0.1029973030090332
0.11000347137451172
0.18004179000854492
0.18739676475524902
0.08700227737426758
0.16350913047790527
0.27100086212158203
0.17900514602661133
0.10899591445922852
0.32251834869384766
0.28699803352355957
0.15100741386413574
0.19099926948547363
0.14100122451782227
0.13900542259216309
0.07900118827819824
0.18200159072875977
0.20599865913391113
0.1340019702911377
0.2285151481628418
0.2205183506011963
0.2059924602508545
0.11799430847167969
0.09199786186218262
0.21899986267089844
0.15351486206054688
0.22103166580200195
0.11300015449523926
0.08100032806396484
0.24355769157409668
0.12101292610168457
0.05151724815368652
0.2485644817352295
0.11500167846679688
0.16699600219726562
0.17100095748901367
0.07199263572692871
0.22902607917785645
0.06798362731933594
0.15799951553344727
0.18599867820739746
0.0469970703125
0.1549990177154541
