0.016000032424926758
0.009999990463256836
0.01000070571899414
0.00999903678894043
0.009999752044677734
0.011994123458862305
0.012999773025512695
0.012999534606933594
0.009999752044677734
0.00899958610534668
0.009000301361083984
0.01000070571899414
0.028024673461914062
0.01003408432006836
0.009010791778564453
0.01001286506652832
0.009010553359985352
0.010010480880737305
0.010010719299316406
0.011981964111328125
0.008485555648803711
0.009936332702636719
0.011003732681274414
0.010007143020629883
0.010010957717895508
0.019967317581176758
0.008944988250732422
0.009946346282958984
0.007976770401000977
0.009059906005859375
0.008991479873657227
0.010000944137573242
0.010001897811889648
0.008997440338134766
0.009000062942504883
0.009999990463256836
0.01100015640258789
0.010005712509155273
0.021000146865844727
0.007999897003173828
0.011007070541381836
0.00999903678894043
0.012055397033691406
0.009946346282958984
0.010129690170288086
0.008933782577514648
0.010000467300415039
0.009485960006713867
0.009999990463256836
0.009999752044677734
0.020053386688232422
0.007998228073120117
0.008998870849609375
0.009053468704223633
0.009946107864379883
0.009999513626098633
0.009000062942504883
0.011000633239746094
0.009999752044677734
0.010998964309692383
0.008999347686767578
0.010008096694946289
0.03200030326843262
0.008998394012451172
0.009000301361083984
0.01000070571899414
0.009005308151245117
0.011000394821166992
0.010995626449584961
0.009998559951782227
0.009999990463256836
0.007998943328857422
0.008998632431030273
0.010001182556152344
0.00900578498840332
0.019993066787719727
0.009999513626098633
0.009010791778564453
0.009999275207519531
0.00899958610534668
0.009999513626098633
0.01099848747253418
0.008998632431030273
0.009000301361083984
0.008999109268188477
0.008998632431030273
0.009000539779663086
0.008989572525024414
0.009000778198242188
0.01899886131286621
0.009997844696044922
0.00899958610534668
0.008999109268188477
0.008998394012451172
0.008997678756713867
0.010000228881835938
0.010999441146850586
0.00999903678894043
0.017991065979003906
0.01199793815612793
0.011000394821166992
0.008998394012451172
0.009999990463256836
0.009999513626098633
0.009981393814086914
0.010001182556152344
0.010998249053955078
0.01100015640258789
0.012000083923339844
0.01299905776977539
0.03300070762634277
0.009002208709716797
0.010998249053955078
0.009998083114624023
0.011005163192749023
0.011998891830444336
0.009999990463256836
0.011999130249023438
0.009998798370361328
0.007999897003173828
0.009000062942504883
0.008999824523925781
0.011999845504760742
0.017998933792114258
0.007999658584594727
0.00899958610534668
0.009000301361083984
0.008999109268188477
0.009998798370361328
0.010004043579101562
0.008993864059448242
0.008997917175292969
0.008000373840332031
0.009999275207519531
0.011000394821166992
0.008998632431030273
0.007998943328857422
0.017000436782836914
0.010000228881835938
0.010000228881835938
0.009998321533203125
0.008998394012451172
0.008981943130493164
0.009000062942504883
0.008996009826660156
0.009021759033203125
0.019999027252197266
0.009000301361083984
0.011999368667602539
0.00899958610534668
0.008994579315185547
0.008986234664916992
0.009997367858886719
0.01099848747253418
0.008999347686767578
0.012006044387817383
0.009006738662719727
0.012004613876342773
0.029998302459716797
0.009998798370361328
0.007998943328857422
0.009999513626098633
0.008999347686767578
0.010999202728271484
0.00900578498840332
0.00897669792175293
0.009999513626098633
0.009000778198242188
0.011001348495483398
0.010998249053955078
0.010999441146850586
0.019999980926513672
0.00899958610534668
0.009000301361083984
0.00899815559387207
0.008999109268188477
0.008998394012451172
0.009999513626098633
0.007998466491699219
0.008998394012451172
0.01000666618347168
0.010006189346313477
0.011999845504760742
0.009995460510253906
0.008999824523925781
0.017998933792114258
0.01199960708618164
0.010004997253417969
0.010004997253417969
0.010005474090576172
0.008005857467651367
0.010999917984008789
0.009993791580200195
0.011000633239746094
0.01900005340576172
0.010984182357788086
0.008998870849609375
0.008999824523925781
0.009987354278564453
0.013000249862670898
0.009999752044677734
0.01100015640258789
0.012000083923339844
0.00999903678894043
0.013998985290527344
0.01300048828125
0.040999650955200195
0.010994672775268555
0.008999347686767578
0.009002447128295898
0.009998798370361328
0.009994029998779297
0.012001514434814453
0.010999679565429688
0.020014047622680664
0.00999140739440918
0.008999109268188477
0.008999824523925781
0.009999513626098633
0.0279996395111084
0.012997865676879883
0.009999275207519531
0.010998964309692383
0.008999347686767578
0.010999917984008789
0.00999903678894043
0.011000394821166992
0.011000633239746094
0.009997844696044922
0.012998819351196289
0.010999679565429688
0.009998559951782227
0.007999420166015625
0.02100062370300293
0.008985757827758789
0.010999202728271484
0.010999917984008789
0.009999752044677734
0.008001327514648438
0.010999917984008789
0.014000415802001953
0.010001182556152344
0.01900029182434082
0.011001110076904297
0.009000062942504883
0.011000871658325195
0.009000539779663086
0.012000560760498047
0.012000083923339844
0.008998870849609375
0.008999824523925781
0.011000871658325195
0.008999109268188477
0.011847257614135742
0.0310060977935791
0.009998559951782227
0.009000062942504883
0.009999275207519531
0.0090179443359375
0.01100015640258789
0.008999824523925781
0.01000070571899414
0.01100015640258789
0.012000322341918945
0.012999773025512695
0.010998964309692383
0.012000799179077148
0.017999649047851562
0.009000778198242188
0.009996891021728516
0.009000062942504883
0.010999917984008789
0.010000944137573242
0.009999752044677734
0.009999513626098633
0.010999917984008789
0.009999752044677734
0.010000228881835938
0.009999275207519531
0.009000539779663086
0.009000062942504883
0.017001628875732422
0.009023666381835938
0.011976957321166992
0.011001110076904297
0.008999347686767578
0.007999897003173828
0.008998870849609375
0.009999513626098633
0.009000062942504883
0.018935441970825195
0.01005864143371582
0.011008262634277344
0.010055303573608398
0.009996891021728516
0.010000228881835938
0.011000394821166992
0.011015892028808594
0.009984493255615234
0.010999679565429688
0.009999275207519531
0.009999275207519531
0.029000043869018555
0.010000467300415039
0.00899958610534668
0.01000070571899414
0.009000062942504883
0.012000322341918945
0.009999275207519531
0.00899958610534668
0.008999109268188477
0.009999513626098633
0.00899958610534668
0.010010957717895508
0.010009050369262695
0.019025087356567383
0.009999513626098633
0.010010004043579102
0.008008718490600586
0.009998798370361328
0.00899958610534668
0.008998870849609375
0.009998559951782227
0.009927749633789062
0.00901031494140625
0.009999513626098633
0.010000944137573242
0.008999347686767578
0.009000539779663086
0.019159793853759766
0.010999917984008789
0.009000062942504883
0.008999347686767578
0.008999824523925781
0.00799870491027832
0.01199960708618164
0.009999990463256836
0.008998870849609375
0.01900005340576172
0.010999202728271484
0.009999990463256836
0.009999752044677734
0.008998632431030273
0.010000228881835938
0.010999679565429688
0.011001348495483398
0.010000467300415039
0.010000467300415039
0.009999752044677734
0.009999990463256836
0.029000282287597656
0.01099848747253418
0.010000467300415039
0.009999990463256836
0.009999513626098633
0.010000228881835938
0.009999752044677734
0.009998083114624023
0.009999990463256836
0.00999903678894043
0.009999990463256836
0.009997844696044922
0.010006189346313477
0.019005775451660156
0.01000070571899414
0.00999903678894043
0.01199793815612793
0.01296687126159668
0.010051727294921875
0.010976552963256836
0.008000612258911133
0.009057998657226562
0.010004758834838867
0.008999109268188477
0.01003575325012207
0.011052370071411133
0.009990930557250977
0.019025564193725586
0.01092529296875
0.012999296188354492
0.012000560760498047
0.00900125503540039
0.012000322341918945
0.009999513626098633
0.009000539779663086
0.00899815559387207
0.017999887466430664
0.01100015640258789
0.009999513626098633
0.010996341705322266
0.008998394012451172
0.010998964309692383
0.009998559951782227
0.010987997055053711
0.009999513626098633
0.011999130249023438
0.01100015640258789
0.008999109268188477
0.03000020980834961
0.00999903678894043
0.010998964309692383
0.010000467300415039
0.009998798370361328
0.00999903678894043
0.010994672775268555
0.009999752044677734
0.011986970901489258
0.009998798370361328
0.008998632431030273
0.010999917984008789
0.00999903678894043
0.017998933792114258
0.008999109268188477
0.009998559951782227
0.011000633239746094
0.009999990463256836
0.010999679565429688
0.010999441146850586
0.011001825332641602
0.009999752044677734
0.00999903678894043
0.011999368667602539
0.007999181747436523
0.010999679565429688
0.010999917984008789
0.016999244689941406
0.009999990463256836
0.009999275207519531
0.009998321533203125
0.009999990463256836
0.009999275207519531
0.010000228881835938
0.008999347686767578
0.009000301361083984
0.02000570297241211
0.01000070571899414
0.011006355285644531
0.010999917984008789
0.010980844497680664
0.011053085327148438
0.009994983673095703
0.010996103286743164
0.010999679565429688
0.009999752044677734
0.010001182556152344
0.01105189323425293
0.029999256134033203
0.011046171188354492
0.010053157806396484
0.010000228881835938
0.010058879852294922
0.010056495666503906
0.011011123657226562
0.010000944137573242
0.012000083923339844
0.010999202728271484
0.011993408203125
0.010063409805297852
0.010039567947387695
0.02000117301940918
0.01005244255065918
0.011060476303100586
0.011006832122802734
0.011080741882324219
0.011033296585083008
0.010057449340820312
0.01101064682006836
0.00998377799987793
0.012058258056640625
0.010033845901489258
0.010998010635375977
0.010999441146850586
0.008999347686767578
0.01801443099975586
0.011937141418457031
0.009999752044677734
0.009999990463256836
0.010999917984008789
0.012000083923339844
0.011998891830444336
0.010998249053955078
0.01100015640258789
0.01900029182434082
0.011999368667602539
0.010998725891113281
0.010019063949584961
0.010999679565429688
0.011000394821166992
0.009999275207519531
0.010999441146850586
0.008997678756713867
0.008999109268188477
0.011998891830444336
0.012000083923339844
0.03200364112854004
0.011998891830444336
0.008998870849609375
0.011000394821166992
0.009998798370361328
0.010999679565429688
0.010002851486206055
0.011984109878540039
0.009005069732666016
0.010003089904785156
0.009999513626098633
0.010999917984008789
0.009978294372558594
0.018999338150024414
0.011000394821166992
0.00999903678894043
0.009995222091674805
0.008998632431030273
0.010000228881835938
0.008999347686767578
0.008999824523925781
0.007999181747436523
0.010000467300415039
0.009999990463256836
0.009999513626098633
0.012000083923339844
0.009987831115722656
0.018999576568603516
0.010998725891113281
0.008999824523925781
0.010998964309692383
0.012000083923339844
0.00997781753540039
0.011000633239746094
0.009999990463256836
0.009000062942504883
0.02900218963623047
0.01100015640258789
0.010005474090576172
0.009999513626098633
0.010997772216796875
0.010979890823364258
0.012999534606933594
0.012998819351196289
0.009998798370361328
0.013999223709106445
0.010998010635375977
0.011000394821166992
0.03499960899353027
0.009999513626098633
0.010999917984008789
0.010998249053955078
0.011999845504760742
0.012998819351196289
0.010999679565429688
0.010998249053955078
0.012999296188354492
0.01100015640258789
0.014000892639160156
0.012999773025512695
0.015001058578491211
0.023998737335205078
0.011999845504760742
0.011999130249023438
0.010000467300415039
0.009999275207519531
0.010999441146850586
0.011000394821166992
0.01199960708618164
0.010000467300415039
0.01200103759765625
0.01199960708618164
0.01199793815612793
0.010998725891113281
0.009999513626098633
0.019999265670776367
0.010998725891113281
0.008999824523925781
0.009998559951782227
0.010014533996582031
0.008984565734863281
0.010999202728271484
0.01100015640258789
0.008999109268188477
0.019010305404663086
0.01199960708618164
0.009000778198242188
0.009001493453979492
0.00999903678894043
0.00999903678894043
0.00899052619934082
0.011000633239746094
0.012000560760498047
0.009999990463256836
0.010000228881835938
0.010000467300415039
0.03099989891052246
0.009999752044677734
0.010999917984008789
0.009999513626098633
0.009999513626098633
0.010998725891113281
0.011000394821166992
0.009999275207519531
0.009006261825561523
0.010006904602050781
0.011001110076904297
0.009006500244140625
0.012052774429321289
0.019059181213378906
0.010000467300415039
0.008999347686767578
0.009053945541381836
0.009999275207519531
0.009947061538696289
0.009937286376953125
0.009999513626098633
0.010054588317871094
0.010953903198242188
0.009986162185668945
0.010000228881835938
0.008997440338134766
0.012000799179077148
0.018051624298095703
0.00905156135559082
0.010000228881835938
0.010051965713500977
0.01005244255065918
0.010017871856689453
0.009981870651245117
0.007999897003173828
0.010947227478027344
0.02000117301940918
0.008998394012451172
0.009998559951782227
0.010000467300415039
0.010998964309692383
0.010023832321166992
0.009975910186767578
0.012999534606933594
0.009000062942504883
0.01000070571899414
0.012005329132080078
0.009994983673095703
0.03300118446350098
0.013052940368652344
0.010001897811889648
0.009989738464355469
0.010998964309692383
0.010999679565429688
0.011998176574707031
0.010000944137573242
0.010999441146850586
0.009999752044677734
0.009999513626098633
0.00899958610534668
0.010992050170898438
0.020999908447265625
0.00999903678894043
0.009999752044677734
0.008999824523925781
0.010999202728271484
0.007999181747436523
0.009999513626098633
0.009998321533203125
0.009000062942504883
0.008998870849609375
0.009000062942504883
0.010988950729370117
0.009999275207519531
0.009999275207519531
0.017999649047851562
0.009999275207519531
0.011000394821166992
0.009998083114624023
0.00799870491027832
0.010000467300415039
0.009997844696044922
0.008999824523925781
0.009999513626098633
0.01800060272216797
0.009999990463256836
0.010991573333740234
0.011999845504760742
0.009999513626098633
0.010999679565429688
0.01399683952331543
0.009999513626098633
0.011000394821166992
0.00899958610534668
0.009985685348510742
0.009999990463256836
0.028999805450439453
0.00999593734741211
0.009999275207519531
0.008999109268188477
0.008999109268188477
0.009992122650146484
0.008997678756713867
0.01199793815612793
0.009001493453979492
0.01101374626159668
0.010988950729370117
0.00900721549987793
0.009004592895507812
0.019052743911743164
0.010057210922241211
0.009052038192749023
0.010942459106445312
0.011008262634277344
0.009998798370361328
0.011000394821166992
0.008999824523925781
0.010051965713500977
0.009059667587280273
0.010004758834838867
0.012034893035888672
0.011051177978515625
0.009059429168701172
0.018044710159301758
0.00905752182006836
0.011057853698730469
0.011940956115722656
0.010060310363769531
0.009999990463256836
0.011013031005859375
0.009052515029907227
0.008942604064941406
0.017998456954956055
0.011998653411865234
0.012000083923339844
0.007982015609741211
0.010999202728271484
0.009999513626098633
0.009999990463256836
0.011998891830444336
0.008999109268188477
0.009999513626098633
0.009999513626098633
0.00899958610534668
0.03000354766845703
0.00999760627746582
0.008999109268188477
0.010998964309692383
0.010001182556152344
0.00999903678894043
0.010999917984008789
0.011013507843017578
0.009985208511352539
0.008999109268188477
0.008996248245239258
0.008999347686767578
0.009999513626098633
0.01999950408935547
0.008999109268188477
0.010999202728271484
0.008998870849609375
0.00999903678894043
0.010999679565429688
0.008999109268188477
0.009991645812988281
0.008998870849609375
0.00999903678894043
0.00999903678894043
0.009998798370361328
0.010999441146850586
0.010006427764892578
0.01999974250793457
0.011004447937011719
0.009053230285644531
0.01398015022277832
0.011017560958862305
0.012000322341918945
0.009983301162719727
0.009947776794433594
0.011998176574707031
0.017975807189941406
0.011999130249023438
0.009999513626098633
0.00899815559387207
0.010999917984008789
0.010998249053955078
0.009000062942504883
0.009999752044677734
0.009000062942504883
0.009000062942504883
0.009000062942504883
0.008986949920654297
0.029017925262451172
0.009998321533203125
0.008999824523925781
0.010999679565429688
0.010999202728271484
0.017999887466430664
0.010000228881835938
0.010000228881835938
0.008999824523925781
0.009000539779663086
0.011018514633178711
0.009000062942504883
0.011999368667602539
0.010000228881835938
0.00999903678894043
0.010999202728271484
0.008999109268188477
0.026997804641723633
0.007999897003173828
0.010999917984008789
0.009999275207519531
0.009997367858886719
0.010999202728271484
0.010999202728271484
0.010000228881835938
0.009998559951782227
0.010000228881835938
0.008999347686767578
0.008999347686767578
0.007998466491699219
0.019998788833618164
0.012999534606933594
0.011000633239746094
0.009997367858886719
0.009999513626098633
0.009000301361083984
0.009999990463256836
0.009998798370361328
0.011000394821166992
0.00999903678894043
0.010996341705322266
0.009997844696044922
0.009000539779663086
0.023000001907348633
0.01001119613647461
0.008994102478027344
0.009998559951782227
0.010000467300415039
0.00999903678894043
0.01000523567199707
0.008994340896606445
0.009999513626098633
0.010999917984008789
0.007999420166015625
0.011999845504760742
0.020998239517211914
0.009001016616821289
0.010999441146850586
0.013000011444091797
0.010988950729370117
0.009998083114624023
0.011000871658325195
0.011998176574707031
0.011000394821166992
0.010997772216796875
0.014000177383422852
0.012997627258300781
0.03500485420227051
0.012000083923339844
0.009999752044677734
0.012999534606933594
0.010999917984008789
0.010998964309692383
0.011000871658325195
0.014001607894897461
0.009984493255615234
0.01000070571899414
0.013000011444091797
0.010999441146850586
0.016001224517822266
0.02299952507019043
0.013998746871948242
0.011998414993286133
0.009998321533203125
0.010999679565429688
0.010999441146850586
0.012000322341918945
0.00999903678894043
0.009001016616821289
0.0110015869140625
0.009000539779663086
0.010999202728271484
0.00899958610534668
0.008999824523925781
0.016999244689941406
0.010999441146850586
0.010000228881835938
0.010999202728271484
0.010000467300415039
0.012999773025512695
0.00899815559387207
0.010005712509155273
0.011005163192749023
0.020000457763671875
0.012999773025512695
0.013999462127685547
0.010998725891113281
0.041999101638793945
0.01399993896484375
0.013000011444091797
0.014002561569213867
0.010998010635375977
0.01299905776977539
0.01200103759765625
0.01000070571899414
0.03400087356567383
0.007999897003173828
0.009975910186767578
0.007999420166015625
0.0110015869140625
0.011001110076904297
0.008999824523925781
0.010000228881835938
0.008999824523925781
0.011000633239746094
0.009998798370361328
0.010019779205322266
0.008998632431030273
0.020000696182250977
0.007999658584594727
0.009006023406982422
0.009999990463256836
0.009999513626098633
0.008999824523925781
0.011948108673095703
0.009998559951782227
0.008997678756713867
0.010997533798217773
0.009997129440307617
0.008998632431030273
0.010000467300415039
0.008000612258911133
0.017000436782836914
0.010999441146850586
0.00800013542175293
0.01000523567199707
0.00899362564086914
0.009006023406982422
0.009006738662719727
0.011993169784545898
0.009999513626098633
0.018941640853881836
0.010016679763793945
0.008981704711914062
0.010999202728271484
0.009999513626098633
0.010000228881835938
0.008999347686767578
0.009000539779663086
0.011000394821166992
0.009999513626098633
0.01100015640258789
0.008998870849609375
0.03200578689575195
0.010999917984008789
0.00999903678894043
0.009996175765991211
0.011994123458862305
0.010999441146850586
0.012001276016235352
0.010999917984008789
0.009004592895507812
0.009015083312988281
0.009997367858886719
0.009000301361083984
0.011005401611328125
0.017997264862060547
0.011999130249023438
0.008998632431030273
0.01199960708618164
0.008998870849609375
0.01300501823425293
0.010999917984008789
0.007996320724487305
0.011998653411865234
0.008998870849609375
0.010000228881835938
0.009999275207519531
0.008997917175292969
0.010001420974731445
0.017998933792114258
0.008998632431030273
0.007999420166015625
0.011000394821166992
0.008999109268188477
0.008999109268188477
0.010000228881835938
0.008999109268188477
0.013999223709106445
0.019999980926513672
0.010997533798217773
0.011000394821166992
0.01299905776977539
0.013000249862670898
0.009000062942504883
0.010999679565429688
0.00999903678894043
0.010011672973632812
0.011988401412963867
0.010998010635375977
0.010000467300415039
0.033997535705566406
0.012000799179077148
0.009000301361083984
0.008999347686767578
0.00899958610534668
0.00899958610534668
0.009001016616821289
0.00899958610534668
0.010993242263793945
0.009999275207519531
0.009001970291137695
0.010000228881835938
0.008999109268188477
0.0180056095123291
0.010051488876342773
0.010003328323364258
0.01100778579711914
0.013083696365356445
0.010977745056152344
0.009059906005859375
0.010947465896606445
0.009000301361083984
0.010051727294921875
0.008998870849609375
0.009997844696044922
0.008998870849609375
0.008999109268188477
0.020004987716674805
0.008999347686767578
0.03200054168701172
0.020998477935791016
0.020999431610107422
0.020999670028686523
0.02200031280517578
0.019999027252197266
0.01999950408935547
0.023999929428100586
0.023998498916625977
0.024999618530273438
0.019998788833618164
0.040999412536621094
0.021999597549438477
0.020001888275146484
0.02200174331665039
0.02200007438659668
0.02200007438659668
0.02200031280517578
0.021000146865844727
0.019999980926513672
0.019027233123779297
0.020980358123779297
0.021045923233032227
0.029052019119262695
0.02105116844177246
0.021053075790405273
0.02105402946472168
0.020998716354370117
0.021945714950561523
0.022024154663085938
0.01999807357788086
0.020999431610107422
0.019999027252197266
0.020998001098632812
0.020997047424316406
0.029999494552612305
0.02100062370300293
0.01999807357788086
0.01999831199645996
0.019999265670776367
0.019022703170776367
0.01997518539428711
0.01999950408935547
0.019998788833618164
0.019998550415039062
0.01899886131286621
0.019999027252197266
0.02799820899963379
0.020999431610107422
0.020998477935791016
0.03099989891052246
0.021005630493164062
0.02200031280517578
0.02005314826965332
0.019999980926513672
0.020049333572387695
0.02105712890625
0.020060062408447266
0.020999670028686523
0.02105093002319336
0.01999831199645996
0.04099607467651367
0.021057844161987305
0.02099752426147461
0.021004676818847656
0.02199411392211914
0.021000146865844727
0.020001649856567383
0.020078182220458984
0.019948720932006836
0.01998138427734375
0.020989418029785156
0.02106165885925293
0.03093719482421875
0.021053314208984375
0.019946575164794922
0.019999265670776367
0.019999265670776367
0.018999814987182617
0.020000219345092773
0.020000934600830078
0.021999835968017578
0.022998332977294922
0.02599930763244629
0.02100086212158203
0.03200125694274902
0.021999359130859375
0.02299952507019043
0.02499842643737793
0.02399921417236328
0.022997140884399414
0.02699875831604004
0.026999473571777344
0.022004127502441406
0.021999120712280273
0.023999691009521484
0.027998685836791992
0.03699851036071777
0.0280001163482666
0.020999670028686523
0.01899862289428711
0.020999431610107422
0.022003650665283203
0.021000146865844727
0.021004438400268555
0.021993398666381836
0.02200484275817871
0.02099442481994629
0.022014141082763672
0.04199934005737305
0.021944761276245117
0.022055387496948242
0.020998239517211914
0.021053314208984375
0.021989107131958008
0.019999980926513672
0.01999974250793457
0.020996809005737305
0.020000696182250977
0.01899242401123047
0.022025585174560547
0.0330045223236084
0.02299976348876953
0.02200007438659668
0.019997835159301758
0.019999027252197266
0.023005008697509766
0.021018028259277344
0.019998788833618164
0.019999027252197266
0.020000219345092773
0.02300095558166504
0.021000146865844727
0.0310056209564209
0.020999670028686523
0.020999670028686523
0.021999359130859375
0.02400064468383789
0.02399897575378418
0.024024009704589844
0.02097606658935547
0.020999431610107422
0.02100062370300293
0.018999338150024414
0.021000385284423828
0.03000044822692871
0.03605198860168457
0.020996570587158203
0.021015167236328125
0.021999835968017578
0.022051334381103516
0.019992589950561523
0.020997047424316406
0.01999950408935547
0.02200770378112793
0.020061254501342773
0.020993947982788086
0.0410003662109375
0.019999027252197266
0.020999431610107422
0.019999265670776367
0.01999950408935547
0.019998788833618164
0.019999027252197266
0.01999974250793457
0.02099752426147461
0.020000934600830078
0.019998550415039062
0.02099919319152832
0.028981447219848633
0.01999807357788086
0.019999265670776367
0.019997596740722656
0.020998477935791016
0.018999338150024414
0.01999974250793457
0.018999099731445312
0.01999974250793457
0.019999265670776367
0.02099895477294922
0.019999980926513672
0.031998634338378906
0.019999265670776367
0.020000219345092773
0.02099919319152832
0.01999974250793457
0.021001338958740234
0.020999908447265625
0.02100086212158203
0.02099323272705078
0.02099895477294922
0.020000457763671875
0.02100086212158203
0.02899956703186035
0.029002666473388672
0.019997596740722656
0.020999908447265625
0.019999265670776367
0.019999027252197266
0.020999908447265625
0.020000457763671875
0.019998788833618164
0.018999099731445312
0.019999027252197266
0.020998239517211914
0.038999319076538086
0.021000385284423828
0.02100062370300293
0.020994186401367188
0.020084857940673828
0.02403092384338379
0.02099442481994629
0.020000696182250977
0.019998788833618164
0.019989013671875
0.021999359130859375
0.020998239517211914
0.030057430267333984
0.02005624771118164
0.021004438400268555
0.020056486129760742
0.020055532455444336
0.020051002502441406
0.020058393478393555
0.020969629287719727
0.020056486129760742
0.02105093002319336
0.02100348472595215
0.0210418701171875
0.02905869483947754
0.02200460433959961
0.019994735717773438
0.020992040634155273
0.0190579891204834
0.01994609832763672
0.020062923431396484
0.020947933197021484
0.021030664443969727
0.02005171775817871
0.021006345748901367
0.02005171775817871
0.029956340789794922
0.029000520706176758
0.021999359130859375
0.020999908447265625
0.02200007438659668
0.021999120712280273
0.020004987716674805
0.02099776268005371
0.021000146865844727
0.019998550415039062
0.02100658416748047
0.021994352340698242
0.03900027275085449
0.020998001098632812
0.02000141143798828
0.020999908447265625
0.018999576568603516
0.020000457763671875
0.020000219345092773
0.019999265670776367
0.019999980926513672
0.019999980926513672
0.020020723342895508
0.020979881286621094
0.029999494552612305
0.020001649856567383
0.01999974250793457
0.024999141693115234
0.022997140884399414
0.021012067794799805
0.02098679542541504
0.021000385284423828
0.023000001907348633
0.01999950408935547
0.019998788833618164
0.01999974250793457
0.029999494552612305
0.025998592376708984
0.024999141693115234
0.031013011932373047
0.021000146865844727
0.021999597549438477
0.022999048233032227
0.020000457763671875
0.02200007438659668
0.020999670028686523
0.026996850967407227
0.022000551223754883
0.032000064849853516
0.029999732971191406
0.02099919319152832
0.02099919319152832
0.020999670028686523
0.018999814987182617
0.021000146865844727
0.019999265670776367
0.01900029182434082
0.021999597549438477
0.021999835968017578
0.02299332618713379
0.04399895668029785
0.021997928619384766
0.020999670028686523
0.021000146865844727
0.01999950408935547
0.01999950408935547
0.018999099731445312
0.02099895477294922
0.018999576568603516
0.020999431610107422
0.02100062370300293
0.020000219345092773
0.029998779296875
0.022006750106811523
0.02105259895324707
0.020050764083862305
0.02094721794128418
0.023051023483276367
0.020996809005737305
0.020999908447265625
0.02200007438659668
0.020999431610107422
0.021999835968017578
0.018999099731445312
0.02899909019470215
0.028005123138427734
0.01999950408935547
0.020999670028686523
0.020015239715576172
0.02098250389099121
0.019999027252197266
0.019999980926513672
0.020998716354370117
0.02599954605102539
0.019999027252197266
0.02100658416748047
0.031051158905029297
0.031000852584838867
0.022018909454345703
0.020999670028686523
0.02100062370300293
0.022999048233032227
0.019999980926513672
0.022998809814453125
0.020999908447265625
0.021999835968017578
0.020999670028686523
0.02200007438659668
0.04299807548522949
0.02199864387512207
0.022999286651611328
0.022999286651611328
0.02000737190246582
0.020999431610107422
0.020052671432495117
0.020998001098632812
0.02005171775817871
0.020917892456054688
0.021037578582763672
0.02098679542541504
0.029994726181030273
0.02199411392211914
0.020998477935791016
0.02099919319152832
0.019999027252197266
0.020998239517211914
0.020012378692626953
0.019989013671875
0.019999027252197266
0.02100086212158203
0.020999431610107422
0.021000146865844727
0.03000020980834961
0.021999120712280273
0.02100062370300293
0.020999908447265625
0.020992279052734375
0.020999908447265625
0.020998716354370117
0.021999835968017578
0.020999431610107422
0.020999908447265625
0.020000219345092773
0.022005081176757812
0.03099989891052246
0.0299985408782959
0.020999431610107422
0.02499866485595703
0.023000001907348633
0.020999431610107422
0.020999431610107422
0.019995450973510742
0.019997835159301758
0.019999265670776367
0.019999027252197266
0.020000457763671875
0.03999614715576172
0.019999265670776367
0.01999950408935547
0.01999974250793457
0.019998788833618164
0.019999265670776367
0.019998788833618164
0.01999974250793457
0.020998477935791016
0.01999950408935547
0.020005226135253906
0.02099442481994629
0.029998779296875
0.021000146865844727
0.021013736724853516
0.020053386688232422
0.021052837371826172
0.019997835159301758
0.020999431610107422
0.020999908447265625
0.021005630493164062
0.021965742111206055
0.020999431610107422
0.01999950408935547
0.03199887275695801
0.020999670028686523
0.024000883102416992
0.01999974250793457
0.020999908447265625
0.023000001907348633
0.021001100540161133
0.020009994506835938
0.01998305320739746
0.02099895477294922
0.01999950408935547
0.020999670028686523
0.028999805450439453
0.029003620147705078
0.023999691009521484
0.024999380111694336
0.022999286651611328
0.02399921417236328
0.02299976348876953
0.021999835968017578
0.02399921417236328
0.03699946403503418
0.024999380111694336
0.027998924255371094
0.0410003662109375
0.02300119400024414
0.022999286651611328
0.024000167846679688
0.019998788833618164
0.02099919319152832
0.019998788833618164
0.020997285842895508
0.01999974250793457
0.02100515365600586
0.024010658264160156
0.02099919319152832
0.029999494552612305
0.020999431610107422
0.020999670028686523
0.021001100540161133
0.021999120712280273
0.023999929428100586
0.02100539207458496
0.02101612091064453
0.021000146865844727
0.020999431610107422
0.022001028060913086
0.021999835968017578
0.03399968147277832
0.031000375747680664
0.02399134635925293
0.03299975395202637
0.022004365921020508
0.02200603485107422
0.02099442481994629
0.02299976348876953
0.026999711990356445
0.019999980926513672
0.020999908447265625
0.020999908447265625
0.023999691009521484
0.022000789642333984
0.04200458526611328
0.021005868911743164
0.020047426223754883
0.022000551223754883
0.021998167037963867
0.020998239517211914
0.02500128746032715
0.021999597549438477
0.02099919319152832
0.020999908447265625
0.021015167236328125
0.021984338760375977
0.030001401901245117
0.021000146865844727
0.02499866485595703
0.020999670028686523
0.02099919319152832
0.021001815795898438
0.02099895477294922
0.02099919319152832
0.023979663848876953
0.02199840545654297
0.01999950408935547
0.02099895477294922
0.027998924255371094
0.020998001098632812
0.021999120712280273
0.022999286651611328
0.020998239517211914
0.019999265670776367
0.020998716354370117
0.019998788833618164
0.02199840545654297
0.01999950408935547
0.020999908447265625
0.020998001098632812
0.03099846839904785
0.021998882293701172
0.023000240325927734
0.03100109100341797
0.020998239517211914
0.020998001098632812
0.020999670028686523
0.01999950408935547
0.01999974250793457
0.01999068260192871
0.02099919319152832
0.019998550415039062
0.02200603485107422
0.02100539207458496
0.04004812240600586
0.020999670028686523
0.022006988525390625
0.02105116844177246
0.021051645278930664
0.020059585571289062
0.021007537841796875
0.021030426025390625
0.019999980926513672
0.01999521255493164
0.021057844161987305
0.021999359130859375
0.030999422073364258
0.02099895477294922
0.021999597549438477
0.020999431610107422
0.019998788833618164
0.01999950408935547
0.01999974250793457
0.01999974250793457
0.020000219345092773
0.02099895477294922
0.02099895477294922
0.020999431610107422
0.029999732971191406
0.019999027252197266
0.023000478744506836
0.02200150489807129
0.02499866485595703
0.02500009536743164
0.01999950408935547
0.021999359130859375
0.02300119400024414
0.023990154266357422
0.02200007438659668
0.020999908447265625
0.03200030326843262
0.029995203018188477
0.021004199981689453
0.02203226089477539
0.02308058738708496
0.020998001098632812
0.020984649658203125
0.020999908447265625
0.025023937225341797
0.02200174331665039
0.023061752319335938
0.025988340377807617
0.04200148582458496
0.022999286651611328
0.020999908447265625
0.02199864387512207
0.01999974250793457
0.019999265670776367
0.02000117301940918
0.01999950408935547
0.0199887752532959
0.02300095558166504
0.021998167037963867
0.02199697494506836
0.030994892120361328
0.02401900291442871
0.0209808349609375
0.022005796432495117
0.02197742462158203
0.020998716354370117
0.02400040626525879
0.02199864387512207
0.021005868911743164
0.022993087768554688
0.02101612091064453
0.020984411239624023
0.029999494552612305
0.023006200790405273
0.022979259490966797
0.023998737335205078
0.050998687744140625
0.025000333786010742
0.031987905502319336
0.021999359130859375
0.03500008583068848
0.020998477935791016
0.024981021881103516
0.025999069213867188
0.03499960899353027
0.031000137329101562
0.022998809814453125
0.02200031280517578
0.024000167846679688
0.023998498916625977
0.021000146865844727
0.02099776268005371
0.02099895477294922
0.025005578994750977
0.02200484275817871
0.021053314208984375
0.041057586669921875
0.021947145462036133
0.022051095962524414
0.02599954605102539
0.021000146865844727
0.020998001098632812
0.019998788833618164
0.01999831199645996
0.019998788833618164
0.021000385284423828
0.01999831199645996
0.021021604537963867
0.027998685836791992
0.020998716354370117
0.019998550415039062
0.020998477935791016
0.02199864387512207
0.01999807357788086
0.019999980926513672
0.020998239517211914
0.021000385284423828
0.023005962371826172
0.02200460433959961
0.021052122116088867
0.03099799156188965
0.02100062370300293
0.022999286651611328
0.024000883102416992
0.021999597549438477
0.020999670028686523
0.020000457763671875
0.020999431610107422
0.020000219345092773
0.020000457763671875
0.020999670028686523
0.023000001907348633
0.03399920463562012
0.030001163482666016
0.021999359130859375
0.020999670028686523
0.021999597549438477
0.023000478744506836
0.019999980926513672
0.02199411392211914
0.021000385284423828
0.021060466766357422
0.020060062408447266
0.02199864387512207
0.04105329513549805
0.021937847137451172
0.02200007438659668
0.02105259895324707
0.02099776268005371
0.021998882293701172
0.019999980926513672
0.01999974250793457
0.02100086212158203
0.020999908447265625
0.021000385284423828
0.0200040340423584
0.031050443649291992
0.021059751510620117
0.021055936813354492
0.02104806900024414
0.021007537841796875
0.021947145462036133
0.020059823989868164
0.021998882293701172
0.02004241943359375
0.020934343338012695
0.02299666404724121
0.020052433013916016
0.030998945236206055
0.020998001098632812
0.02200794219970703
0.0230712890625
0.020011425018310547
0.022002696990966797
0.02105116844177246
0.020992040634155273
0.02105093002319336
0.02200031280517578
0.020050525665283203
0.02200007438659668
0.03199958801269531
0.02993917465209961
0.019995927810668945
0.021001577377319336
0.020999908447265625
0.02101302146911621
0.0200040340423584
0.021004199981689453
0.020019054412841797
0.020990610122680664
0.020998477935791016
0.020999431610107422
0.04100847244262695
0.02105998992919922
0.0209963321685791
0.021990299224853516
0.021004438400268555
0.019947528839111328
0.022053003311157227
0.021051645278930664
0.020946264266967773
0.020999908447265625
0.020999670028686523
0.021000146865844727
0.029999971389770508
0.021999835968017578
0.021000146865844727
0.02099919319152832
0.01999974250793457
0.019998788833618164
0.02100062370300293
0.01999950408935547
0.021997928619384766
0.021005630493164062
0.021000385284423828
0.021999120712280273
0.03099846839904785
0.021004915237426758
0.020061254501342773
0.022002458572387695
0.020004987716674805
0.020047664642333984
0.022008419036865234
0.021035194396972656
0.020060300827026367
0.021021366119384766
0.02197098731994629
0.021053552627563477
0.030009984970092773
0.029000043869018555
0.02099776268005371
0.019997835159301758
0.01999950408935547
0.020998716354370117
0.019997358322143555
0.02099895477294922
0.01999831199645996
0.01999807357788086
0.019998550415039062
0.020999431610107422
0.03999948501586914
0.019998788833618164
0.019999027252197266
0.02099895477294922
0.019999027252197266
0.02099919319152832
0.01999807357788086
0.020000696182250977
0.020020723342895508
0.019986391067504883
0.02100086212158203
0.021999120712280273
0.03200101852416992
0.0220034122467041
0.023999929428100586
0.023005962371826172
0.020996809005737305
0.021998882293701172
0.021000146865844727
0.022005796432495117
0.020005226135253906
0.02097344398498535
0.02205371856689453
0.021938085556030273
0.031000137329101562
0.020999431610107422
0.01999974250793457
0.021001100540161133
0.01999831199645996
0.024005651473999023
0.019999265670776367
0.020999670028686523
0.021999835968017578
0.023000717163085938
0.03499913215637207
0.025000333786010742
0.03500008583068848
0.0290067195892334
0.020999431610107422
0.0189974308013916
0.01999950408935547
0.019997835159301758
0.02099919319152832
0.019998550415039062
0.019997835159301758
0.02402329444885254
0.01999974250793457
0.01999831199645996
0.03799867630004883
0.01999807357788086
0.018998146057128906
0.019999980926513672
0.020997285842895508
0.021000146865844727
0.020023584365844727
0.01997542381286621
0.01999831199645996
0.0189971923828125
0.02200603485107422
0.020999908447265625
0.0290529727935791
0.021952390670776367
0.02103900909423828
0.021999120712280273
0.020998716354370117
0.020998716354370117
0.021001100540161133
0.03305315971374512
0.022998332977294922
0.021997928619384766
0.021011829376220703
0.02197861671447754
0.03100872039794922
0.02005171775817871
0.02197885513305664
0.02200007438659668
0.019997835159301758
0.02100062370300293
0.021997451782226562
0.02300095558166504
0.024000167846679688
0.02499842643737793
0.024999380111694336
0.019998788833618164
0.03200101852416992
0.022005319595336914
0.021062612533569336
0.028064489364624023
0.02101445198059082
0.021008729934692383
0.022062063217163086
0.020061016082763672
0.020989656448364258
0.02005290985107422
0.019994735717773438
0.020000457763671875
0.021000385284423828
0.021064043045043945
0.03905081748962402
0.020052433013916016
0.02205181121826172
0.01998591423034668
0.021084308624267578
0.020966768264770508
0.020999431610107422
0.020000696182250977
0.020054340362548828
0.020052194595336914
0.020052194595336914
0.020048856735229492
0.02900075912475586
0.02005290985107422
0.020946741104125977
0.020052671432495117
0.018995046615600586
0.021000146865844727
0.019051313400268555
0.02003026008605957
0.020051956176757812
0.01999974250793457
0.02101588249206543
0.020035505294799805
0.028948307037353516
0.021993398666381836
0.019051790237426758
0.02100086212158203
0.019966602325439453
0.01899886131286621
0.019999980926513672
0.019998550415039062
0.02099919319152832
0.019998788833618164
0.019992828369140625
0.022000789642333984
0.03500032424926758
0.029000282287597656
0.022003650665283203
0.02499532699584961
0.022052288055419922
0.020992279052734375
0.020938396453857422
0.021001100540161133
0.026018381118774414
0.02306079864501953
0.020946025848388672
0.023001909255981445
0.04399895668029785
0.02100396156311035
0.021998882293701172
0.02200150489807129
0.02101302146911621
0.020986080169677734
0.021001577377319336
0.019998788833618164
0.01899886131286621
0.022007465362548828
0.02299952507019043
0.027013778686523438
0.03200340270996094
0.023998498916625977
0.02200603485107422
0.02099919319152832
0.020018815994262695
0.021979808807373047
0.02200627326965332
0.022993087768554688
0.02099895477294922
0.02100539207458496
0.020005464553833008
0.023000240325927734
0.03200578689575195
0.02100515365600586
0.022047042846679688
0.020948171615600586
0.021053552627563477
0.022988557815551758
0.019989013671875
0.019985198974609375
0.022005319595336914
0.021054983139038086
0.021004676818847656
0.02205181121826172
0.03006124496459961
0.029000043869018555
0.02200007438659668
0.019999980926513672
0.020999908447265625
0.021000146865844727
0.01999974250793457
0.020989418029785156
0.021077394485473633
0.021035194396972656
0.021013736724853516
0.022042036056518555
0.03999948501586914
0.021050691604614258
0.02105259895324707
0.02098703384399414
0.02200007438659668
0.020052194595336914
0.02100062370300293
0.021010637283325195
0.020000696182250977
0.02199840545654297
0.02005171775817871
0.020941972732543945
0.030052661895751953
0.02005171775817871
0.02100086212158203
0.020051956176757812
0.019999980926513672
0.021053075790405273
0.02101445198059082
0.022002696990966797
0.02202153205871582
0.021005868911743164
0.021992921829223633
0.020999670028686523
0.03299832344055176
0.022025346755981445
0.021024703979492188
0.022945165634155273
0.0229952335357666
0.021998167037963867
0.022054195404052734
0.02204442024230957
0.020053386688232422
0.019998550415039062
0.021051883697509766
0.021000385284423828
0.029998779296875
0.029999732971191406
0.020998716354370117
0.020053863525390625
0.020944833755493164
0.020064115524291992
0.0199429988861084
0.01999950408935547
0.022000789642333984
0.019998788833618164
0.020005226135253906
0.02099442481994629
0.04105329513549805
0.020052671432495117
0.0210111141204834
0.021001100540161133
0.021058082580566406
0.02094721794128418
0.020051240921020508
0.02005147933959961
0.021051883697509766
0.020043373107910156
0.020052671432495117
0.020946741104125977
0.028998851776123047
0.018998146057128906
0.019999027252197266
0.01999950408935547
0.017999649047851562
0.020000219345092773
0.020999908447265625
0.02299952507019043
0.026004791259765625
0.02199578285217285
0.0220184326171875
0.02100086212158203
0.031995534896850586
0.022001028060913086
0.023000001907348633
0.02500009536743164
0.02300858497619629
0.02400040626525879
0.023000001907348633
0.025995731353759766
0.021999359130859375
0.02799844741821289
0.028998613357543945
0.030000686645507812
0.033000946044921875
0.029999732971191406
0.021999835968017578
0.02100086212158203
0.024004697799682617
0.020998477935791016
0.02099752426147461
0.022007465362548828
0.023999452590942383
0.021996259689331055
0.020999431610107422
0.022005319595336914
0.04198813438415527
0.02099895477294922
0.020999670028686523
0.021007061004638672
0.01999974250793457
0.01900005340576172
0.019000768661499023
0.019999980926513672
0.02100062370300293
0.020000219345092773
0.021015167236328125
0.020985126495361328
0.028999805450439453
0.02199101448059082
0.02099895477294922
0.022000551223754883
0.020999431610107422
0.019998550415039062
0.019999027252197266
0.02099895477294922
0.020987510681152344
0.02100539207458496
0.021999597549438477
0.020997285842895508
0.0310060977935791
0.020999908447265625
0.020061254501342773
0.020999431610107422
0.02094745635986328
0.021053075790405273
0.02201366424560547
0.02093672752380371
0.020998001098632812
0.021054744720458984
0.01999831199645996
0.022023916244506836
0.03298139572143555
0.03200054168701172
0.024001121520996094
0.021998167037963867
0.02500128746032715
0.023015499114990234
0.021999835968017578
0.022999286651611328
0.022998809814453125
0.022001028060913086
0.021006107330322266
0.02600717544555664
0.0410003662109375
0.022994279861450195
0.021053791046142578
0.023999691009521484
0.02099895477294922
0.02105879783630371
0.020029306411743164
0.020946979522705078
0.019980430603027344
0.020992755889892578
0.02005314826965332
0.02107691764831543
0.03092169761657715
0.020995140075683594
0.021999359130859375
0.02199697494506836
0.023000001907348633
0.023000717163085938
0.02100062370300293
0.021998167037963867
0.02100658416748047
0.02399444580078125
0.02099919319152832
0.02099919319152832
0.029998064041137695
0.01999950408935547
0.02000117301940918
0.019999265670776367
0.020999670028686523
0.01999831199645996
0.020000219345092773
0.020000219345092773
0.01999974250793457
0.020999670028686523
0.019998550415039062
0.02200007438659668
0.03000020980834961
0.02699899673461914
0.02200007438659668
0.021000385284423828
0.019999980926513672
0.02100086212158203
0.019998788833618164
0.01999831199645996
0.019998788833618164
0.019984006881713867
0.019997835159301758
0.019998788833618164
0.039998531341552734
0.022005319595336914
0.021005868911743164
0.02105855941772461
0.02208232879638672
0.020038843154907227
0.020946502685546875
0.020057201385498047
0.02199864387512207
0.022986888885498047
0.02201700210571289
0.020976781845092773
0.03300046920776367
0.02101445198059082
0.021985769271850586
0.020976781845092773
0.02299809455871582
0.020023822784423828
0.018998146057128906
0.01999974250793457
0.019999027252197266
0.019998550415039062
0.019998550415039062
0.019997835159301758
0.029999256134033203
0.02099919319152832
0.019998550415039062
0.020998716354370117
0.02099919319152832
0.023001432418823242
0.022006511688232422
0.02399921417236328
0.019999980926513672
0.019999265670776367
0.019997835159301758
0.020999431610107422
0.03400015830993652
0.029999732971191406
0.021007061004638672
0.023999691009521484
0.02099919319152832
0.020999670028686523
0.02200007438659668
0.0199887752532959
0.021058320999145508
0.02199840545654297
0.02099895477294922
0.020999670028686523
0.04200577735900879
0.019999027252197266
0.02099752426147461
0.021999120712280273
0.022005081176757812
0.02199268341064453
0.022999048233032227
0.020999431610107422
0.019999980926513672
0.02200460433959961
0.02199840545654297
0.02102971076965332
0.03100419044494629
0.021051406860351562
0.022043943405151367
0.02100658416748047
0.019052743911743164
0.021942138671875
0.021999120712280273
0.026998519897460938
0.028998136520385742
0.02200007438659668
0.02599954605102539
0.02899932861328125
0.03599977493286133
0.023999929428100586
0.02599930763244629
0.023999452590942383
0.026999711990356445
0.03099966049194336
0.024999380111694336
0.024001598358154297
0.025999069213867188
0.0260007381439209
0.028998851776123047
0.023979663848876953
0.03400063514709473
0.030000686645507812
0.023000001907348633
0.02200007438659668
0.02299952507019043
0.023003816604614258
0.020000696182250977
0.01999974250793457
0.020000696182250977
0.020000219345092773
0.01999974250793457
0.020000457763671875
0.03999948501586914
0.021000146865844727
0.02100086212158203
0.021006107330322266
0.024006128311157227
0.02205371856689453
0.02494192123413086
0.02006053924560547
0.020000457763671875
0.022053241729736328
0.020052671432495117
0.021003007888793945
0.0289459228515625
0.021062374114990234
0.021051406860351562
0.02005910873413086
0.01999497413635254
0.021003007888793945
0.020061492919921875
0.020056486129760742
0.02100396156311035
0.020052194595336914
0.022051572799682617
0.02007436752319336
0.030030250549316406
0.021000146865844727
0.020052433013916016
0.02096724510192871
0.023000001907348633
0.019999980926513672
0.019999027252197266
0.020998239517211914
0.02599930763244629
0.019999027252197266
0.01999807357788086
0.020999908447265625
0.028996944427490234
0.027983665466308594
0.01999831199645996
0.02099919319152832
0.01999974250793457
0.02100062370300293
0.01999974250793457
0.021000385284423828
0.019998788833618164
0.020998477935791016
0.02099442481994629
0.021024703979492188
0.040999650955200195
0.019999265670776367
0.019998788833618164
0.019999265670776367
0.019999027252197266
0.01999974250793457
0.02001500129699707
0.020983457565307617
0.019997835159301758
0.020999431610107422
0.01999950408935547
0.01999950408935547
0.029999494552612305
0.020999670028686523
0.020999431610107422
0.020005464553833008
0.020993471145629883
0.021061182022094727
0.02105259895324707
0.020964860916137695
0.021061182022094727
0.0200192928314209
0.02100062370300293
0.019994258880615234
0.03099822998046875
0.02205491065979004
0.019999980926513672
0.0190584659576416
0.019999265670776367
0.02098846435546875
0.020962953567504883
0.021053314208984375
0.021059274673461914
0.021998882293701172
0.021999597549438477
0.02005624771118164
0.031000375747680664
0.028998851776123047
0.020000696182250977
0.01999974250793457
0.020998716354370117
0.019999980926513672
0.01999950408935547
0.021999359130859375
0.01899886131286621
0.022001028060913086
0.01999974250793457
0.021000385284423828
0.04199862480163574
0.02202296257019043
0.020999670028686523
0.021995067596435547
0.02099466323852539
0.02100062370300293
0.020000934600830078
0.019998788833618164
0.01999950408935547
0.020005226135253906
0.020994901657104492
0.021999835968017578
0.030060768127441406
0.02199864387512207
0.02005290985107422
0.021057844161987305
0.020046234130859375
0.020999908447265625
0.022007465362548828
0.021051645278930664
0.0210573673248291
0.020058155059814453
0.02100086212158203
0.022007226943969727
0.03199958801269531
0.02104973793029785
0.02005290985107422
0.021000146865844727
0.019999980926513672
0.02099895477294922
0.019999980926513672
0.021000385284423828
0.01999950408935547
0.020979642868041992
0.020999431610107422
0.020000219345092773
0.030005455017089844
0.02899956703186035
0.019999265670776367
0.020978927612304688
0.02199864387512207
0.020005226135253906
0.022053241729736328
0.021060705184936523
0.021051645278930664
0.02105426788330078
0.02006387710571289
0.02099776268005371
0.0409548282623291
0.021053075790405273
0.019999265670776367
0.02099919319152832
0.023052453994750977
0.01999187469482422
0.020939350128173828
0.021999597549438477
0.019999980926513672
0.02100062370300293
0.020998477935791016
0.0210115909576416
0.028988361358642578
0.021000146865844727
0.01999950408935547
0.02299952507019043
0.02099895477294922
0.020998716354370117
0.018999576568603516
0.020999908447265625
0.021999359130859375
0.020999670028686523
0.020999431610107422
0.030999422073364258
0.03100299835205078
0.02400064468383789
0.02099132537841797
0.023000001907348633
0.023000240325927734
0.022998571395874023
0.021999835968017578
0.02299976348876953
0.02199840545654297
0.024998903274536133
0.02199554443359375
0.021999120712280273
0.03600049018859863
0.031001567840576172
0.021999597549438477
0.021999120712280273
0.022001028060913086
0.02205348014831543
0.02199697494506836
0.020999908447265625
0.020999908447265625
0.02097344398498535
0.020999670028686523
0.022001028060913086
0.042000770568847656
0.02399897575378418
0.026998519897460938
0.026000022888183594
0.02200007438659668
0.022004365921020508
0.020999908447265625
0.021055936813354492
0.021052122116088867
0.022051334381103516
0.021053791046142578
0.02199721336364746
0.029946327209472656
0.02199554443359375
0.024999618530273438
0.019983530044555664
0.020999670028686523
0.021994829177856445
0.020052194595336914
0.02004528045654297
0.020000219345092773
0.021024465560913086
0.020998239517211914
0.019957304000854492
0.03007674217224121
0.021052837371826172
0.022049903869628906
0.020052433013916016
0.020024776458740234
0.021053314208984375
0.02104783058166504
0.02005314826965332
0.020948410034179688
0.02305150032043457
0.021947622299194336
0.022051572799682617
0.029999732971191406
0.028000354766845703
0.020054101943969727
0.021053552627563477
0.020999670028686523
0.01905226707458496
0.01994943618774414
0.020053386688232422
0.020050764083862305
0.02104783058166504
0.02105236053466797
0.02105259895324707
0.04199790954589844
0.021000385284423828
0.022990703582763672
0.021073579788208008
0.01999831199645996
0.0199887752532959
0.020946741104125977
0.02105259895324707
0.020053625106811523
0.021019458770751953
0.02199530601501465
0.021033048629760742
0.028998613357543945
0.02198314666748047
0.020999431610107422
0.01999950408935547
0.019997358322143555
0.01999807357788086
0.01999950408935547
0.019998550415039062
0.019998788833618164
0.01900029182434082
0.019999027252197266
0.019998788833618164
0.02799820899963379
0.02099919319152832
0.02100515365600586
0.01898956298828125
0.02004694938659668
0.022048234939575195
0.02105236053466797
0.020061969757080078
0.02000117301940918
0.021008014678955078
0.020998239517211914
0.021999597549438477
0.0310060977935791
0.0279998779296875
0.01999974250793457
0.01999974250793457
0.019974708557128906
0.019999027252197266
0.018999814987182617
0.01899862289428711
0.020999431610107422
0.018999099731445312
0.021004915237426758
0.01900482177734375
0.03999471664428711
0.020033597946166992
0.019998788833618164
0.021000146865844727
0.02006077766418457
0.021012067794799805
0.020040512084960938
0.0189971923828125
0.020989179611206055
0.020051002502441406
0.020998716354370117
0.02097153663635254
0.028941869735717773
0.02200007438659668
0.019963502883911133
0.020053863525390625
0.019939184188842773
0.020052433013916016
0.02001214027404785
0.01999950408935547
0.019970178604125977
0.02196645736694336
0.02105259895324707
0.020999670028686523
0.029958486557006836
0.02105259895324707
0.019051074981689453
0.021015167236328125
0.02003622055053711
0.020049571990966797
0.020051956176757812
0.020052433013916016
0.02099919319152832
0.021033525466918945
0.020984411239624023
0.019999265670776367
0.029051780700683594
0.028999805450439453
0.019999027252197266
0.01999831199645996
0.021000146865844727
0.01904892921447754
0.020023584365844727
0.01899433135986328
0.019053936004638672
0.01998591423034668
0.019994735717773438
0.020050764083862305
0.04000043869018555
0.01999950408935547
0.022053956985473633
0.022004127502441406
0.019053220748901367
0.020946979522705078
0.021000146865844727
0.021004676818847656
0.019047975540161133
0.021000385284423828
0.019053936004638672
0.020946264266967773
0.029000043869018555
0.019998788833618164
0.01999831199645996
0.019999027252197266
0.018980026245117188
0.021000146865844727
0.019998788833618164
0.01999974250793457
0.01999807357788086
0.019998788833618164
0.01999211311340332
0.019999027252197266
0.029004335403442383
0.019999027252197266
0.018999576568603516
0.02100062370300293
0.019999265670776367
0.02100062370300293
0.027999162673950195
0.02099895477294922
0.021001338958740234
0.019999265670776367
0.022001028060913086
0.021999359130859375
0.03200030326843262
0.030052900314331055
0.021050214767456055
0.021999835968017578
0.021053552627563477
0.021937847137451172
0.02196955680847168
0.021053552627563477
0.01905226707458496
0.020996809005737305
0.020999431610107422
0.02200007438659668
0.04099917411804199
0.02200007438659668
0.022005319595336914
0.021004438400268555
0.020073890686035156
0.020999908447265625
0.020040035247802734
0.020054340362548828
0.019999980926513672
0.019052743911743164
0.020000219345092773
0.020064115524291992
0.029000282287597656
0.02005290985107422
0.020940065383911133
0.020051240921020508
0.020054340362548828
0.021941423416137695
0.02005171775817871
0.020053386688232422
0.020946741104125977
0.024029016494750977
0.021052122116088867
0.020940303802490234
0.029041290283203125
0.0209808349609375
0.019999980926513672
0.020996809005737305
0.019987821578979492
0.020000219345092773
0.019999027252197266
0.02099776268005371
0.019061565399169922
0.02100396156311035
0.02105093002319336
0.020993471145629883
0.029033899307250977
0.02800917625427246
0.02105236053466797
0.021053552627563477
0.020053625106811523
0.020051956176757812
0.02005147933959961
0.01993560791015625
0.01999378204345703
0.021069765090942383
0.020982742309570312
0.020991086959838867
0.039060115814208984
0.019996166229248047
0.020961523056030273
0.02099752426147461
0.02099919319152832
0.02105259895324707
0.020000934600830078
0.020946264266967773
0.01999950408935547
0.020998239517211914
0.019999980926513672
0.020000219345092773
0.028982877731323242
0.01999831199645996
0.02099895477294922
0.020000219345092773
0.018999576568603516
0.018998146057128906
0.020001649856567383
0.020999908447265625
0.019999265670776367
0.01999974250793457
0.01899862289428711
0.01999950408935547
0.02899956703186035
0.021999597549438477
0.019999027252197266
0.018999099731445312
0.019995927810668945
0.01999950408935547
0.021004915237426758
0.021010160446166992
0.020055770874023438
0.020946025848388672
0.02203655242919922
0.02005314826965332
0.03098917007446289
0.027999162673950195
0.02200007438659668
0.021004676818847656
0.020994901657104492
0.022075653076171875
0.020975828170776367
0.02000141143798828
0.020998477935791016
0.02006673812866211
0.022010087966918945
0.021052837371826172
0.039998531341552734
0.01999974250793457
0.021058082580566406
0.021061420440673828
0.02005290985107422
0.021935701370239258
0.020999908447265625
0.02105116844177246
0.020052433013916016
0.021997690200805664
0.019999265670776367
0.021005630493164062
0.028005123138427734
0.021060466766357422
0.020991086959838867
0.021051645278930664
0.021053075790405273
0.020000219345092773
0.019974470138549805
0.01999974250793457
0.021000385284423828
0.020999670028686523
0.01999950408935547
0.020006656646728516
0.029994487762451172
0.020995140075683594
0.021000146865844727
0.02005314826965332
0.020963191986083984
0.02094578742980957
0.01999831199645996
0.019999027252197266
0.018995285034179688
0.01999974250793457
0.019999027252197266
0.0189971923828125
0.028998136520385742
0.029000043869018555
0.01898813247680664
0.01999950408935547
0.019999265670776367
0.01999831199645996
0.01900172233581543
0.020000219345092773
0.018998146057128906
0.020999908447265625
0.018997907638549805
0.01999950408935547
0.03800010681152344
0.020999670028686523
0.01999950408935547
0.02100062370300293
0.021000146865844727
0.019999027252197266
0.019999027252197266
0.019999027252197266
0.01999974250793457
0.01899886131286621
0.020999670028686523
0.018998146057128906
0.028999805450439453
0.019998788833618164
0.01999950408935547
0.018992900848388672
0.020000219345092773
0.019998550415039062
0.020010948181152344
0.019999265670776367
0.018999338150024414
0.01999974250793457
0.020999431610107422
0.019997119903564453
0.028998613357543945
0.019999027252197266
0.01899886131286621
0.021000146865844727
0.018998146057128906
0.018999099731445312
0.01900029182434082
0.01999950408935547
0.01999974250793457
0.019999980926513672
0.019999027252197266
0.021999359130859375
0.02899789810180664
0.029999256134033203
0.020999908447265625
0.02599787712097168
0.021005630493164062
0.02099919319152832
0.02299976348876953
0.023000001907348633
0.02601909637451172
0.026999473571777344
0.024000167846679688
0.023000240325927734
0.04500079154968262
0.02399921417236328
0.022003173828125
0.023998498916625977
0.02099919319152832
0.02105426788330078
0.0209963321685791
0.01899886131286621
0.01999974250793457
0.018999338150024414
0.019997835159301758
0.019999027252197266
0.029984235763549805
0.021004199981689453
0.019999980926513672
0.020047664642333984
0.020993947982788086
0.020051956176757812
0.019051313400268555
0.021999597549438477
0.019051313400268555
0.020052433013916016
0.02099919319152832
0.021990537643432617
0.030998945236206055
0.022008895874023438
0.022007226943969727
0.020048856735229492
0.018995046615600586
0.02094554901123047
0.021083354949951172
0.020992517471313477
0.021052122116088867
0.020053863525390625
0.020074129104614258
0.021999597549438477
0.03299999237060547
0.0279998779296875
0.02099919319152832
0.021998882293701172
0.02100539207458496
0.020047903060913086
0.019998550415039062
0.02200031280517578
0.02096390724182129
0.02200007438659668
0.021999359130859375
0.019997835159301758
0.04200577735900879
0.019006013870239258
0.02005457878112793
0.020986557006835938
0.02005147933959961
0.020052671432495117
0.019051074981689453
0.02099156379699707
0.019979476928710938
0.02093195915222168
0.0210115909576416
0.02207183837890625
0.03003406524658203
0.021053552627563477
0.02389073371887207
0.020031452178955078
0.02299952507019043
0.020999431610107422
0.021999597549438477
0.01999831199645996
0.02099919319152832
0.019998550415039062
0.019999027252197266
0.021000385284423828
0.028998851776123047
0.020999670028686523
0.022000551223754883
0.022005558013916016
0.021996259689331055
0.019999027252197266
0.021000385284423828
0.020998001098632812
0.021999835968017578
0.020999670028686523
0.020998001098632812
0.019019126892089844
0.032998085021972656
0.0279998779296875
0.020999670028686523
0.020000934600830078
0.01999807357788086
0.01999974250793457
0.01899886131286621
0.01999950408935547
0.020999670028686523
0.020999670028686523
0.018999338150024414
0.01997661590576172
0.03899884223937988
0.01999974250793457
0.019999265670776367
0.021001338958740234
0.019999265670776367
0.02104949951171875
0.019039392471313477
0.02005290985107422
0.021007061004638672
0.020992040634155273
0.021005868911743164
0.02194070816040039
0.03005242347717285
0.02099895477294922
0.02000594139099121
0.02102041244506836
0.019994020462036133
0.020984411239624023
0.021063804626464844
0.020053386688232422
0.020029783248901367
0.020999431610107422
0.0220639705657959
0.01905202865600586
0.029990196228027344
0.022051095962524414
0.019986629486083984
0.02001667022705078
0.021039962768554688
0.022937536239624023
0.021004676818847656
0.019999980926513672
0.020044803619384766
0.020051002502441406
0.020999670028686523
0.021000385284423828
0.02903890609741211
0.029947280883789062
0.02199864387512207
0.023000478744506836
0.022975444793701172
0.022042274475097656
0.02099895477294922
0.020998716354370117
0.02199864387512207
0.02200031280517578
0.01999807357788086
0.021000385284423828
0.0429995059967041
0.022999048233032227
0.02205348014831543
0.020054101943969727
0.019999980926513672
0.020940303802490234
0.01999807357788086
0.021000146865844727
0.019998788833618164
0.022005081176757812
0.020004987716674805
0.02100229263305664
0.03304862976074219
0.02199244499206543
0.01999950408935547
0.02199578285217285
0.021051883697509766
0.01905202865600586
0.020000219345092773
0.02100062370300293
0.02199864387512207
0.020054340362548828
0.01999044418334961
0.020000934600830078
0.0319364070892334
0.021999597549438477
0.020999431610107422
0.020999431610107422
0.020999431610107422
0.018998146057128906
0.02100205421447754
0.019980192184448242
0.02002429962158203
0.018999576568603516
0.020999431610107422
0.019999265670776367
0.029999256134033203
0.029999494552612305
0.023000240325927734
0.022053956985473633
0.024999618530273438
0.020999431610107422
0.02099895477294922
0.024999380111694336
0.021998882293701172
0.021994829177856445
0.026999235153198242
0.029000043869018555
0.045998334884643555
0.021000146865844727
0.021999120712280273
0.022000789642333984
0.022999286651611328
0.023997783660888672
0.020999670028686523
0.020986318588256836
0.02299332618713379
0.021999359130859375
0.01999974250793457
0.021999835968017578
0.030998706817626953
0.02099919319152832
0.020999670028686523
0.021001577377319336
0.02199697494506836
0.019999265670776367
0.01999831199645996
0.01999831199645996
0.02099776268005371
0.022006511688232422
0.02100539207458496
0.022999286651611328
0.03599953651428223
0.029000282287597656
0.025998592376708984
0.025990724563598633
0.026000022888183594
0.022000789642333984
0.02100062370300293
0.022001266479492188
0.019999265670776367
0.021999120712280273
0.02100062370300293
0.02200007438659668
0.03699851036071777
0.028000593185424805
0.020998716354370117
0.02100086212158203
0.023999929428100586
0.021999597549438477
0.021999835968017578
0.01999974250793457
0.02299976348876953
0.02199077606201172
0.021006107330322266
0.021999597549438477
0.041052818298339844
0.022052288055419922
0.02194690704345703
0.021999597549438477
0.02200031280517578
0.021001100540161133
0.022001028060913086
0.020996809005737305
0.019999027252197266
0.024999141693115234
0.023004531860351562
0.021004915237426758
0.029059171676635742
0.020984411239624023
0.021053552627563477
0.021056652069091797
0.020000219345092773
0.020999431610107422
0.021998882293701172
0.021999359130859375
0.022999286651611328
0.022000551223754883
0.021981477737426758
0.021061182022094727
0.03394627571105957
0.022002696990966797
0.019999027252197266
0.020000457763671875
0.020999670028686523
0.021000146865844727
0.020999908447265625
0.022000551223754883
0.02200007438659668
0.019999265670776367
0.020999908447265625
0.020999431610107422
0.033998727798461914
0.027988910675048828
0.020999670028686523
0.01999974250793457
0.020000934600830078
0.02100086212158203
0.022995710372924805
0.019999980926513672
0.020999908447265625
0.020990848541259766
0.021000385284423828
0.021998882293701172
0.03999590873718262
0.021004199981689453
0.022001266479492188
0.021053075790405273
0.02099323272705078
0.021997690200805664
0.01999950408935547
0.01999974250793457
0.020000219345092773
0.01999974250793457
0.019999027252197266
0.02200007438659668
0.03099989891052246
0.024005889892578125
0.021994352340698242
0.01999974250793457
0.01999974250793457
0.01999950408935547
0.021008729934692383
0.02199077606201172
0.024999141693115234
0.020999908447265625
0.01999974250793457
0.021000146865844727
0.02899956703186035
0.022999286651611328
0.024006128311157227
0.024000883102416992
0.02399754524230957
0.02200007438659668
0.022000551223754883
0.02000594139099121
0.02099323272705078
0.019999980926513672
0.021000146865844727
0.021999359130859375
0.03300595283508301
0.031931161880493164
0.021999120712280273
0.02300119400024414
0.02299666404724121
0.02200007438659668
0.023998498916625977
0.024000167846679688
0.02200007438659668
0.02205371856689453
0.02199840545654297
0.02100086212158203
0.04400062561035156
0.022020816802978516
0.020941972732543945
0.020999908447265625
0.021000146865844727
0.02200150489807129
0.024999141693115234
0.022999048233032227
0.021998882293701172
0.023000240325927734
0.02299976348876953
0.020999431610107422
0.030998945236206055
0.020999670028686523
0.020999431610107422
0.02099895477294922
0.021999597549438477
0.020999431610107422
0.020999670028686523
0.01999950408935547
0.019999027252197266
0.021016597747802734
0.01999950408935547
0.024980545043945312
0.030998706817626953
0.021965742111206055
0.01900029182434082
0.020000696182250977
0.020000219345092773
0.02299213409423828
0.021999835968017578
0.021000146865844727
0.02200031280517578
0.02099919319152832
0.020998477935791016
0.021025657653808594
0.030999183654785156
0.031000614166259766
0.026000261306762695
0.023000001907348633
0.025000572204589844
0.022999048233032227
0.029976367950439453
0.030998706817626953
0.02899909019470215
0.022998332977294922
0.023000717163085938
0.022998571395874023
0.043984174728393555
0.025005102157592773
0.026999950408935547
0.022998332977294922
0.020997285842895508
0.021061182022094727
0.023001909255981445
0.021057605743408203
0.021952152252197266
0.022997379302978516
0.020999908447265625
