Gen 1
0.0909090909090909
0.00784265010351967
0.0313706004140787
0
0
0
Gen 2
0.0909090909090909
0.0654919380136772
0.0909090909090909
0.0863818307296568
0.0606888763410503
0.0239879540749106
Gen 3
0.0909090909090909
0.0788797289666855
0.0909090909090909
0.0909090909090909
0.086738189346885
0.0469625447016752
Gen 4
0.0952380952380952
0.0804174665913796
0.091082251082251
0.0909090909090909
0.0909090909090909
0.0487694334650856
Gen 5
0.0952380952380952
0.0811650668172407
0.091082251082251
0.0909090909090909
0.0909090909090909
0.05175983436853
Gen 6
0.108225108225108
0.0845849802371541
0.0919480519480519
0.0909090909090909
0.0909090909090909
0.0645736871823828
Gen 7
0.108225108225108
0.0825961478135391
0.0928138528138528
0.0909090909090909
0.0909090909090909
0.0557525566221218
Gen 8
0.108225108225108
0.0880952380952381
0.0967965367965368
0.0909090909090909
0.0909090909090909
0.0737662337662337
Gen 9
0.112554112554113
0.0932900432900434
0.103203463203463
0.0919480519480519
0.0909090909090909
0.0870995670995671
Gen 10
0.112554112554113
0.0948917748917749
0.108917748917749
0.0997402597402598
0.0909090909090909
0.08
Gen 11
0.112554112554113
0.0975324675324676
0.109437229437229
0.107705627705628
0.0929870129870129
0.08
Gen 12
0.121212121212121
0.0982683982683983
0.111341991341991
0.108225108225108
0.103896103896104
0.0696103896103896
Gen 13
0.121212121212121
0.102900432900433
0.113246753246753
0.10978354978355
0.107705627705628
0.0808658008658008
Gen 14
0.121212121212121
0.104935064935065
0.113939393939394
0.112554112554113
0.108225108225108
0.085021645021645
Gen 15
0.125541125541126
0.10991341991342
0.116536796536797
0.112554112554113
0.110649350649351
0.0999134199134199
Gen 16
0.125541125541126
0.110606060606061
0.12
0.112554112554113
0.112380952380952
0.0974891774891775
Gen 17
0.125541125541126
0.112857142857143
0.121731601731602
0.116017316017316
0.112554112554113
0.101125541125541
Gen 18
0.125541125541126
0.110995670995671
0.122251082251082
0.119480519480519
0.112554112554113
0.0896969696969697
Gen 19
0.125541125541126
0.116838195620804
0.123116883116883
0.121212121212121
0.116017316017316
0.107006462136897
Gen 20
0.125541125541126
0.117575757575758
0.124675324675325
0.121212121212121
0.121212121212121
0.103203463203463
Gen 21
0.134199134199134
0.120692640692641
0.125887445887446
0.123290043290043
0.121212121212121
0.112380952380952
Gen 22
0.134199134199134
0.118632411067194
0.126233766233766
0.124675324675325
0.121212121212121
0.102408432147563
Gen 23
0.134199134199134
0.122312064746847
0.126233766233766
0.125541125541126
0.123463203463203
0.114010163749294
Gen 24
0.134199134199134
0.122009034443817
0.126926406926407
0.125541125541126
0.124329004329004
0.111239600978731
Gen 25
0.177489177489178
0.125238095238095
0.13004329004329
0.125541125541126
0.125541125541126
0.11982683982684
Gen 26
0.177489177489178
0.126363636363636
0.136969696969697
0.125541125541126
0.125541125541126
0.117402597402597
Gen 27
0.177489177489178
0.128639688813602
0.150649350649351
0.128931049626702
0.125541125541126
0.109437229437229
Gen 28
0.177489177489178
0.136623376623377
0.166233766233766
0.133506493506494
0.125541125541126
0.121212121212121
Gen 29
0.177489177489178
0.147489177489178
0.177489177489178
0.163982683982684
0.129350649350649
0.119134199134199
Gen 30
0.186147186147186
0.153973775017253
0.178008658008658
0.177489177489178
0.144242424242424
0.116154840328753
Gen 31
0.220779220779221
0.161645021645022
0.18025974025974
0.177489177489178
0.163636363636364
0.125194805194805
Gen 32
0.220779220779221
0.164372294372294
0.181298701298701
0.177489177489178
0.177489177489178
0.121212121212121
Gen 33
0.220779220779221
0.171904761904762
0.183376623376623
0.177489177489178
0.177489177489178
0.149264069264069
Gen 34
0.220779220779221
0.174978354978355
0.187186147186147
0.17991341991342
0.177489177489178
0.155324675324675
Gen 35
0.220779220779221
0.175800865800866
0.191341991341991
0.181818181818182
0.178354978354978
0.151688311688312
Gen 36
0.220779220779221
0.176320346320346
0.197402597402597
0.184242424242424
0.18025974025974
0.143376623376623
Gen 37
0.220779220779221
0.181515151515151
0.205714285714286
0.186147186147186
0.182683982683983
0.151515151515152
Gen 38
0.220779220779221
0.18798833051007
0.220779220779221
0.191861471861472
0.183376623376623
0.155936006022963
Gen 39
0.220779220779221
0.198001882175796
0.220779220779221
0.218181818181818
0.185800865800866
0.167245623941276
Gen 40
0.220779220779221
0.196363008971705
0.220779220779221
0.220779220779221
0.196761653805132
0.147131940523245
Gen 41
0.220779220779221
0.202300520735304
0.220779220779221
0.220779220779221
0.212519229562708
0.155124411820064
Gen 42
0.225108225108225
0.210580463015246
0.220952380952381
0.220779220779221
0.220779220779221
0.17981102955016
Gen 43
0.226086956521739
0.211066440805571
0.221164690382082
0.220779220779221
0.220779220779221
0.181542631281762
Gen 44
0.226086956521739
0.211674383587427
0.221762469414643
0.220779220779221
0.220779220779221
0.183376623376623
Gen 45
0.226086956521739
0.211680030114813
0.223170336909467
0.220779220779221
0.220779220779221
0.181991341991342
Gen 46
0.226086956521739
0.215162933684673
0.225773762469415
0.220779220779221
0.220779220779221
0.193319530710835
Gen 47
0.226086956521739
0.21542141916055
0.226086956521739
0.224516469038208
0.220779220779221
0.19030303030303
Gen 48
0.226086956521739
0.217132818871949
0.226086956521739
0.226086956521739
0.222857142857143
0.193500219587176
Gen 49
0.238095238095238
0.222920760399021
0.226567287784679
0.226086956521739
0.225695463956334
0.213333333333333
Gen 50
0.238095238095238
0.218527134701048
0.227047619047619
0.226086956521739
0.226086956521739
0.194887006713094
Gen 51
0.238095238095238
0.225544889892716
0.228008281573499
0.226086956521739
0.226086956521739
0.221997364953887
Gen 52
0.238095238095238
0.223599598469164
0.229449275362319
0.226086956521739
0.226086956521739
0.212775205470858
Gen 53
0.238095238095238
0.223031557814167
0.232811594202898
0.226086956521739
0.226086956521739
0.207140724010289
Gen 54
0.238095238095238
0.219910784867307
0.237614906832298
0.226086956521739
0.226086956521739
0.18985431959345
Gen 55
0.238095238095238
0.22389622937449
0.238095238095238
0.232331262939958
0.226086956521739
0.199071459941025
Gen 56
0.238095238095238
0.224296630905327
0.238095238095238
0.238095238095238
0.227527950310559
0.193468097120271
Gen 57
0.238095238095238
0.232967061923584
0.238095238095238
0.238095238095238
0.233772256728778
0.22190551477508
Gen 58
0.238095238095238
0.231571993224167
0.238095238095238
0.238095238095238
0.237614906832298
0.212482589873894
Gen 59
0.281159420289855
0.223070456113934
0.239990965556183
0.238095238095238
0.238095238095238
0.176100382709078
Gen 60
0.281159420289855
0.230635422548466
0.241886693017128
0.238095238095238
0.238095238095238
0.20446452098626
Gen 61
0.281159420289855
0.233402220967438
0.249469602860907
0.238095238095238
0.238095238095238
0.20794880481837
Gen 62
0.281159420289855
0.228964050442311
0.267214756258234
0.238441558441558
0.238095238095238
0.172104648974214
Gen 63
0.294372294372294
0.242778467908902
0.281687935253153
0.258485977790326
0.238095238095238
0.192844720496894
Gen 64
0.294372294372294
0.260850241545893
0.28221645021645
0.281159420289855
0.259005458309806
0.221019637367463
Gen 65
0.294372294372294
0.262765920070268
0.28221645021645
0.281159420289855
0.27376773950687
0.213920070267896
Gen 66
0.294372294372294
0.271940523244871
0.282744965179748
0.281159420289855
0.281159420289855
0.242698287220026
Gen 67
0.294372294372294
0.275665725578769
0.285916054959533
0.281159420289855
0.281159420289855
0.254428006775833
Gen 68
0.294372294372294
0.272245059288537
0.290672689629212
0.281159420289855
0.281159420289855
0.235988706945229
Gen 69
0.294372294372294
0.277754564276303
0.294372294372295
0.286444569922831
0.281159420289855
0.249041972520233
Gen 70
0.294372294372294
0.28590137398833
0.294372294372295
0.294372294372295
0.285916054959533
0.2689448522492
Gen 71
0.294372294372294
0.282391492565405
0.294372294372295
0.294372294372295
0.290672689629212
0.250148691887822
Gen 72
0.294372294372294
0.285870506305289
0.294372294372295
0.294372294372295
0.294372294372295
0.260365142104273
Gen 73
0.294372294372294
0.285063805759458
0.294372294372295
0.294372294372295
0.294372294372295
0.257138339920949
Gen 74
0.294372294372294
0.287649789823703
0.294372294372295
0.294372294372295
0.294372294372295
0.267482276177928
Gen 75
0.294372294372294
0.285359432837694
0.294372294372295
0.294372294372295
0.294372294372295
0.258320848233892
Gen 76
0.294372294372294
0.283981554677207
0.294372294372295
0.294372294372295
0.294372294372295
0.252809335591944
Gen 77
0.294372294372294
0.286875337223164
0.294372294372295
0.294372294372295
0.294372294372295
0.26438446577577
Gen 78
0.294372294372294
0.284909341865864
0.294372294372295
0.294372294372295
0.294372294372295
0.256520484346571
Gen 79
0.303030303030303
0.282542819499341
0.294718614718615
0.294372294372295
0.294372294372295
0.246708074534162
Gen 80
0.303030303030303
0.290008908965431
0.295064935064935
0.294372294372295
0.294372294372295
0.276226112052199
Gen 81
0.329004329004329
0.29044356609574
0.297142857142857
0.294372294372295
0.294372294372295
0.275886818495514
Gen 82
0.329004329004329
0.28604605056779
0.301471861471862
0.294372294372295
0.294372294372295
0.253967752054709
Gen 83
0.329004329004329
0.280675701110484
0.309090909090909
0.294545454545455
0.294372294372295
0.224694146433277
Gen 84
0.329004329004329
0.295509504987766
0.313419913419913
0.301645021645022
0.294372294372295
0.272600790513834
Gen 85
0.329004329004329
0.302955392433653
0.324848484848485
0.303030303030303
0.298354978354978
0.285587803500847
Gen 86
0.329004329004329
0.300747600225861
0.329004329004329
0.314458874458874
0.300779220779221
0.25874797666102
Gen 87
0.329004329004329
0.304816864295126
0.329004329004329
0.329004329004329
0.303030303030303
0.25822849614154
Gen 88
0.329004329004329
0.309665349143611
0.329004329004329
0.329004329004329
0.314458874458874
0.266193864106908
Gen 89
0.329004329004329
0.312868812347074
0.329004329004329
0.329004329004329
0.326926406926407
0.266540184453228
Gen 90
0.329004329004329
0.314588744588745
0.329004329004329
0.329004329004329
0.329004329004329
0.271341991341991
Gen 91
0.329004329004329
0.31272877846791
0.329004329004329
0.329004329004329
0.329004329004329
0.263902126858649
Gen 92
0.329004329004329
0.317339732731038
0.329004329004329
0.329004329004329
0.329004329004329
0.282345943911161
Gen 93
0.329004329004329
0.316329757199323
0.329004329004329
0.329004329004329
0.329004329004329
0.278306041784303
Gen 94
0.329004329004329
0.317801618671185
0.329004329004329
0.329004329004329
0.329004329004329
0.284193487671749
Gen 95
0.329004329004329
0.32175230566535
0.329004329004329
0.329004329004329
0.329004329004329
0.29999623564841
Gen 96
0.329004329004329
0.316883116883118
0.329004329004329
0.329004329004329
0.329004329004329
0.280519480519481
Gen 97
0.329004329004329
0.310737436476568
0.329004329004329
0.329004329004329
0.329004329004329
0.255936758893281
Gen 98
0.329004329004329
0.31878787878788
0.329004329004329
0.329004329004329
0.329004329004329
0.288138528138528
Gen 99
0.329004329004329
0.311731601731602
0.329004329004329
0.329004329004329
0.329004329004329
0.25991341991342
Gen 100
0.337662337662338
0.314897295940775
0.329350649350649
0.329004329004329
0.329004329004329
0.272229876403789
Gen 101
0.337662337662338
0.324588744588745
0.329350649350649
0.329004329004329
0.329004329004329
0.310995670995671
Gen 102
0.337662337662338
0.323419913419914
0.32969696969697
0.329004329004329
0.329004329004329
0.305974025974026
Gen 103
0.337662337662338
0.317056277056278
0.330735930735931
0.329004329004329
0.329004329004329
0.27948051948052
Gen 104
0.337662337662338
0.312542819499342
0.332121212121212
0.329004329004329
0.329004329004329
0.260041407867495
Gen 105
0.337662337662338
0.318482213438736
0.333852813852814
0.329004329004329
0.329004329004329
0.282067381893469
Gen 106
0.337662337662338
0.319851684547338
0.337316017316017
0.329004329004329
0.329004329004329
0.284082062864672
Gen 107
0.337662337662338
0.323726959031308
0.337662337662338
0.334545454545455
0.329004329004329
0.293695714913106
Gen 108
0.337662337662338
0.324112554112554
0.337662337662338
0.337662337662338
0.333852813852814
0.287272727272727
Gen 109
0.337662337662338
0.316017316017316
0.337662337662338
0.337662337662338
0.335930735930736
0.252813852813853
Gen 110
0.337662337662338
0.329536733797603
0.337662337662338
0.337662337662338
0.337662337662338
0.3051599222034
Gen 111
0.337662337662338
0.317848422109291
0.337662337662338
0.337662337662338
0.337662337662338
0.258406675450154
Gen 112
0.337662337662338
0.31437932116193
0.337662337662338
0.337662337662338
0.337662337662338
0.244530271660707
Gen 113
0.337662337662338
0.324948867557563
0.337662337662338
0.337662337662338
0.337662337662338
0.28680845724324
Gen 114
0.337662337662338
0.325769747161051
0.337662337662338
0.337662337662338
0.337662337662338
0.290091975657193
Gen 115
0.337662337662338
0.324487232574189
0.337662337662338
0.337662337662338
0.337662337662338
0.284961917309743
Gen 116
0.337662337662338
0.322638434029738
0.337662337662338
0.337662337662338
0.337662337662338
0.277566723131941
Gen 117
0.337662337662338
0.32747223790702
0.337662337662338
0.337662337662338
0.337662337662338
0.296901938641069
Gen 118
0.337662337662338
0.329478009912792
0.337662337662338
0.337662337662338
0.337662337662338
0.304925026664157
Gen 119
0.337662337662338
0.319886818495514
0.337662337662338
0.337662337662338
0.337662337662338
0.266560260995044
Gen 120
0.345893719806763
0.332031746031746
0.337991592948115
0.337662337662338
0.337662337662338
0.314810715854194
Gen 121
0.345893719806763
0.331184766923897
0.338979358805446
0.337662337662338
0.337662337662338
0.310435033565468
Gen 122
0.345893719806763
0.332693142606186
0.340296379948554
0.337662337662338
0.337662337662338
0.315151515151515
Gen 123
0.345893719806763
0.329183888575193
0.342601166948993
0.337662337662338
0.337662337662338
0.298809712027103
Gen 124
0.345893719806763
0.328939080243428
0.345893719806764
0.337662337662338
0.337662337662338
0.294537925842274
Gen 125
0.345893719806763
0.321722316331012
0.345893719806764
0.34293042223477
0.337662337662338
0.260402785620177
Gen 126
0.345893719806763
0.332207917686179
0.345893719806764
0.345893719806764
0.338320848233892
0.298723382897296
Gen 127
0.345893719806763
0.331307108350587
0.345893719806764
0.345893719806764
0.343259677520547
0.290181316268273
Gen 128
0.345893719806763
0.33133722316331
0.345893719806764
0.345893719806764
0.344905953949432
0.288655499090282
Gen 129
0.345893719806763
0.329895100069013
0.345893719806764
0.345893719806764
0.345564464520986
0.28222849614154
Gen 130
0.345893719806763
0.338680092854006
0.345893719806764
0.345893719806764
0.345893719806764
0.317039211995734
Gen 131
0.345893719806763
0.334804190978104
0.345893719806764
0.345893719806764
0.345893719806764
0.301535604492126
Gen 132
0.345893719806763
0.332998431520171
0.345893719806764
0.345893719806764
0.345893719806764
0.294312566660393
Gen 133
0.346320346320346
0.328572934312065
0.345910784867307
0.345893719806764
0.345893719806764
0.276593512767426
Gen 134
0.346320346320346
0.328167513645775
0.345944914988393
0.345893719806764
0.345893719806764
0.274937699981178
Gen 135
0.346320346320346
0.332717234456365
0.34597904510948
0.345893719806764
0.345893719806764
0.293102453102453
Gen 136
0.346320346320346
0.327442248572684
0.346047305351653
0.345893719806764
0.345893719806764
0.271934249325554
Gen 137
0.346320346320346
0.321803249890207
0.34613263065437
0.345893719806764
0.345893719806764
0.249292929292929
Gen 138
0.346320346320346
0.330391492565406
0.346320346320346
0.345944914988393
0.345893719806764
0.28340698914612
Gen 139
0.346320346320346
0.332975719932242
0.346320346320346
0.346320346320346
0.345910784867307
0.293351402220968
Gen 140
0.346320346320346
0.327974778844345
0.346320346320346
0.346320346320346
0.346252086078173
0.273006336658511
Gen 141
0.346320346320346
0.32661710270406
0.346320346320346
0.346320346320346
0.346252086078173
0.267575632097371
Gen 142
0.346320346320346
0.322198004893657
0.346320346320346
0.346320346320346
0.346303281259803
0.249848045674133
Gen 143
0.346320346320346
0.338578706317837
0.346320346320346
0.346320346320346
0.346320346320346
0.315353786310308
Gen 144
0.346320346320346
0.342699792960663
0.346320346320346
0.346320346320346
0.346320346320346
0.331838132881611
Gen 145
0.346320346320346
0.327561202082942
0.346320346320346
0.346320346320346
0.346320346320346
0.271283769370726
Gen 146
0.346320346320346
0.321502478198131
0.346320346320346
0.346320346320346
0.346320346320346
0.247048873831483
Gen 147
0.346320346320346
0.338000250956773
0.346320346320346
0.346320346320346
0.346320346320346
0.313039964866052
Gen 148
0.346320346320346
0.339409122278688
0.346320346320346
0.346320346320346
0.346320346320346
0.318675450153711
Gen 149
0.346320346320346
0.328762908588996
0.346320346320346
0.346320346320346
0.346320346320346
0.276090595394943
Gen 150
0.346320346320346
0.3384779471736
0.346320346320346
0.346320346320346
0.346320346320346
0.314950749733358
Gen 151
0.346320346320346
0.338862287470984
0.346320346320346
0.346320346320346
0.346320346320346
0.316488110922893
Gen 152
0.346320346320346
0.342174289478638
0.346320346320346
0.346320346320346
0.346320346320346
0.32973611895351
Gen 153
0.346320346320346
0.3390183825836
0.346320346320346
0.346320346320346
0.346320346320346
0.317112491373361
Gen 154
0.346320346320346
0.336668172407303
0.346320346320346
0.346320346320346
0.346320346320346
0.307711650668172
Gen 155
0.346320346320346
0.335235334713596
0.346320346320346
0.346320346320346
0.346320346320346
0.301980299893343
Gen 156
0.346320346320346
0.341508124725516
0.346320346320346
0.346320346320346
0.346320346320346
0.327071459941025
Gen 157
0.346320346320346
0.335733483907397
0.346320346320346
0.346320346320346
0.346320346320346
0.303972896668549
Gen 158
0.346320346320346
0.333395821569735
0.346320346320346
0.346320346320346
0.346320346320346
0.294622247317899
Gen 159
0.346320346320346
0.325877282138152
0.346320346320346
0.346320346320346
0.346320346320346
0.264548089591568
Gen 160
0.346320346320346
0.336781981303721
0.346320346320346
0.346320346320346
0.346320346320346
0.308166886253843
Gen 161
0.346320346320346
0.337041721563461
0.346320346320346
0.346320346320346
0.346320346320346
0.309205847292804
Gen 162
0.346320346320346
0.327124035384905
0.346320346320346
0.346320346320346
0.346320346320346
0.269535102578581
Gen 163
0.346320346320346
0.331691448647971
0.346320346320346
0.346320346320346
0.346320346320346
0.287804755630843
Gen 164
0.346320346320346
0.338545078110296
0.346320346320346
0.346320346320346
0.346320346320346
0.315219273480143
Gen 165
0.346320346320346
0.33741213375996
0.346320346320346
0.346320346320346
0.346320346320346
0.3106874960788
Gen 166
0.346320346320346
0.33710910345693
0.346320346320346
0.346320346320346
0.346320346320346
0.309475374866679
Gen 167
0.346320346320346
0.327327686805948
0.346320346320346
0.346320346320346
0.346320346320346
0.270349708262752
Gen 168
0.346320346320346
0.327671874019701
0.346320346320346
0.346320346320346
0.346320346320346
0.271726457117761
Gen 169
0.346320346320346
0.325907145994103
0.346320346320346
0.346320346320346
0.346320346320346
0.264667545015371
Gen 170
0.346320346320346
0.33799247129682
0.346320346320346
0.346320346320346
0.346320346320346
0.313008846226237
Gen 171
0.346320346320346
0.333539494322104
0.346320346320346
0.346320346320346
0.346320346320346
0.295196938327373
Gen 172
0.346320346320346
0.331948051948052
0.346320346320346
0.346320346320346
0.346320346320346
0.288831168831169
Gen 173
0.346320346320346
0.334562519605998
0.346320346320346
0.346320346320346
0.346320346320346
0.299289039462952
Gen 174
0.346320346320346
0.334908839952319
0.346320346320346
0.346320346320346
0.346320346320346
0.300674320848234
Gen 175
0.346320346320346
0.338571428571429
0.346320346320346
0.346320346320346
0.346320346320346
0.315324675324675
Gen 176
0.346320346320346
0.342813852813853
0.346320346320346
0.346320346320346
0.346320346320346
0.332294372294372
Gen 177
0.346320346320346
0.33922077922078
0.346320346320346
0.346320346320346
0.346320346320346
0.317922077922078
Gen 178
0.346320346320346
0.336017316017316
0.346320346320346
0.346320346320346
0.346320346320346
0.305108225108225
Gen 179
0.346320346320346
0.338998556998557
0.346320346320346
0.346320346320346
0.346320346320346
0.317033189033189
Gen 180
0.346320346320346
0.336335905640254
0.346320346320346
0.346320346320346
0.346320346320346
0.306382583599975
Gen 181
0.346320346320346
0.344869816174164
0.346320346320346
0.346320346320346
0.346320346320346
0.340518225735617
Gen 182
0.346320346320346
0.333832988267771
0.346320346320346
0.346320346320346
0.346320346320346
0.296370914110044
Gen 183
0.346320346320346
0.339200953635737
0.346320346320346
0.346320346320346
0.346320346320346
0.317842775581906
Gen 184
0.346320346320346
0.338421732856516
0.346320346320346
0.346320346320346
0.346320346320346
0.314725892465023
Gen 185
0.346320346320346
0.336601417905766
0.346320346320346
0.346320346320346
0.346320346320346
0.307444632662024
Gen 186
0.346320346320346
0.336883116883117
0.346320346320346
0.346320346320346
0.346320346320346
0.308571428571429
Gen 187
0.346320346320346
0.336697408871322
0.346320346320346
0.346320346320346
0.346320346320346
0.307828596524249
Gen 188
0.346320346320346
0.340043290043291
0.346320346320346
0.346320346320346
0.346320346320346
0.321212121212121
Gen 189
0.346320346320346
0.333939393939394
0.346320346320346
0.346320346320346
0.346320346320346
0.296796536796537
Gen 190
0.346320346320346
0.335324675324676
0.346320346320346
0.346320346320346
0.346320346320346
0.302337662337662
Gen 191
0.346320346320346
0.336060606060607
0.346320346320346
0.346320346320346
0.346320346320346
0.305281385281385
Gen 192
0.346320346320346
0.328984628897673
0.346320346320346
0.346320346320346
0.346320346320346
0.27697747662965
Gen 193
0.346320346320346
0.330687747035574
0.346320346320346
0.346320346320346
0.346320346320346
0.283789949181254
Gen 194
0.346320346320346
0.343329067068198
0.346320346320346
0.346320346320346
0.346320346320346
0.334355229311751
Gen 195
0.346320346320346
0.336523746784617
0.346320346320346
0.346320346320346
0.346320346320346
0.307133948177426
Gen 196
0.346320346320346
0.339954576824142
0.346320346320346
0.346320346320346
0.346320346320346
0.320857268335529
Gen 197
0.346320346320346
0.337012987012987
0.346320346320346
0.346320346320346
0.346320346320346
0.309090909090909
Gen 198
0.346320346320346
0.33
0.346320346320346
0.346320346320346
0.346320346320346
0.281038961038961
Gen 199
0.346320346320346
0.323385532342054
0.346320346320346
0.346320346320346
0.346320346320346
0.254581090407177
Gen 200
0.346320346320346
0.326242675199197
0.346320346320346
0.346320346320346
0.346320346320346
0.266009661835749
Gen 201
0.346320346320346
0.330052199008721
0.346320346320346
0.346320346320346
0.346320346320346
0.281247757073844
Gen 202
0.346320346320346
0.334857393813916
0.346320346320346
0.346320346320346
0.346320346320346
0.300468536294623
Gen 203
0.346320346320346
0.336436413827719
0.346320346320346
0.346320346320346
0.346320346320346
0.306784616349834
Gen 204
0.346320346320346
0.330136144049188
0.346320346320346
0.346320346320346
0.346320346320346
0.281583537235711
Gen 205
0.346320346320346
0.32964439425309
0.346320346320346
0.346320346320346
0.346320346320346
0.279616538051321
Gen 206
0.346320346320346
0.323381767990464
0.346320346320346
0.346320346320346
0.346320346320346
0.254566033000816
Gen 207
0.346320346320346
0.334335654683481
0.346320346320346
0.346320346320346
0.346320346320346
0.298381579772884
Gen 208
0.346320346320346
0.329628082062865
0.346320346320346
0.346320346320346
0.346320346320346
0.27955128929042
Gen 209
0.346320346320346
0.328844595018508
0.346320346320346
0.346320346320346
0.346320346320346
0.276417341112993
Gen 210
0.346320346320346
0.339746910094737
0.346320346320346
0.346320346320346
0.346320346320346
0.320026601417906
Gen 211
0.346320346320346
0.333809523809524
0.346320346320346
0.346320346320346
0.346320346320346
0.296277056277056
Gen 212
0.346320346320346
0.332142668925278
0.346320346320346
0.346320346320346
0.346320346320346
0.289609636740072
Gen 213
0.346320346320346
0.329082251082251
0.346320346320346
0.346320346320346
0.346320346320346
0.277367965367965
Gen 214
0.346320346320346
0.326545705502228
0.346320346320346
0.346320346320346
0.346320346320346
0.26722178304787
Gen 215
0.346320346320346
0.342340799297321
0.346320346320346
0.346320346320346
0.346320346320346
0.330402158228245
Gen 216
0.346320346320346
0.328630277934626
0.346320346320346
0.346320346320346
0.346320346320346
0.275560072777464
Gen 217
0.346320346320346
0.344453102453103
0.346320346320346
0.346320346320346
0.346320346320346
0.338851370851371
Gen 218
0.346320346320346
0.345627705627706
0.346320346320346
0.346320346320346
0.346320346320346
0.343549783549783
Gen 219
0.346320346320346
0.324155844155845
0.346320346320346
0.346320346320346
0.346320346320346
0.257662337662338
Gen 220
0.346320346320346
0.338528138528139
0.346320346320346
0.346320346320346
0.346320346320346
0.315151515151515
Gen 221
0.346320346320346
0.342467532467533
0.346320346320346
0.346320346320346
0.346320346320346
0.330909090909091
Gen 222
0.346320346320346
0.335670995670996
0.346320346320346
0.346320346320346
0.346320346320346
0.303722943722944
Gen 223
0.346320346320346
0.329631720936069
0.346320346320346
0.346320346320346
0.346320346320346
0.279565844783236
Gen 224
0.346320346320346
0.343679653679654
0.346320346320346
0.346320346320346
0.346320346320346
0.335757575757576
Gen 225
0.346320346320346
0.340865800865801
0.346320346320346
0.346320346320346
0.346320346320346
0.324502164502164
Gen 226
0.346320346320346
0.333766233766234
0.346320346320346
0.346320346320346
0.346320346320346
0.296103896103896
Gen 227
0.346320346320346
0.334475939519418
0.346320346320346
0.346320346320346
0.346320346320346
0.298942719116632
Gen 228
0.346320346320346
0.329062550975595
0.346320346320346
0.346320346320346
0.346320346320346
0.277289164941339
Gen 229
0.346320346320346
0.332266014179058
0.346320346320346
0.346320346320346
0.346320346320346
0.290103017755192
Gen 230
0.346320346320346
0.330183700357614
0.346320346320346
0.346320346320346
0.346320346320346
0.281773762469415
Gen 231
0.346320346320346
0.32488098375055
0.346320346320346
0.346320346320346
0.346320346320346
0.260562896041157
Gen 232
0.346320346320346
0.325676265763223
0.346320346320346
0.346320346320346
0.346320346320346
0.26374402409185
Gen 233
0.346320346320346
0.327774013426188
0.346320346320346
0.346320346320346
0.346320346320346
0.27213501474371
Gen 234
0.346320346320346
0.334329004329005
0.346320346320346
0.346320346320346
0.346320346320346
0.298354978354978
Gen 235
0.346320346320346
0.332080180688877
0.346320346320346
0.346320346320346
0.346320346320346
0.289359683794466
Gen 236
0.346320346320346
0.329085011606751
0.346320346320346
0.346320346320346
0.346320346320346
0.277379007465964
Gen 237
0.346320346320346
0.336255097559446
0.346320346320346
0.346320346320346
0.346320346320346
0.306059351276742
Gen 238
0.346320346320346
0.326796662274924
0.346320346320346
0.346320346320346
0.346320346320346
0.268225610138654
Gen 239
0.346320346320346
0.336991781165695
0.346320346320346
0.346320346320346
0.346320346320346
0.309006085701738
Gen 240
0.346320346320346
0.34360900934814
0.346320346320346
0.346320346320346
0.346320346320346
0.33547499843152
Gen 241
0.346320346320346
0.32917748917749
0.346320346320346
0.346320346320346
0.346320346320346
0.277748917748918
Gen 242
0.346320346320346
0.339085137085138
0.346320346320346
0.346320346320346
0.346320346320346
0.317379509379509
Gen 243
0.346320346320346
0.337469477382521
0.346320346320346
0.346320346320346
0.346320346320346
0.310916870569044
Gen 244
0.346320346320346
0.337521676391242
0.346320346320346
0.346320346320346
0.346320346320346
0.311125666603927
Gen 245
0.346320346320346
0.338759520672565
0.346320346320346
0.346320346320346
0.346320346320346
0.316077043729218
Gen 246
0.346320346320346
0.332491122404166
0.346320346320346
0.346320346320346
0.346320346320346
0.291003450655625
Gen 247
0.346320346320346
0.344111926720623
0.346320346320346
0.346320346320346
0.346320346320346
0.33748666792145
Gen 248
0.346320346320346
0.339285400589749
0.346320346320346
0.346320346320346
0.346320346320346
0.318180563397955
Gen 249
0.346320346320346
0.336709956709957
0.346320346320346
0.346320346320346
0.346320346320346
0.307878787878788
Gen 250
0.346320346320346
0.332597402597403
0.346320346320346
0.346320346320346
0.346320346320346
0.291428571428571
Gen 251
0.346320346320346
0.326284459501851
0.346320346320346
0.346320346320346
0.346320346320346
0.266176799046364
Gen 252
0.346320346320346
0.33524549846289
0.346320346320346
0.346320346320346
0.346320346320346
0.30202095489052
Gen 253
0.346320346320346
0.318073279377628
0.346320346320346
0.346320346320346
0.346320346320346
0.23333207854947
Gen 254
0.346320346320346
0.334783236087584
0.346320346320346
0.346320346320346
0.346320346320346
0.300171905389297
Gen 255
0.346320346320346
0.342900432900433
0.346320346320346
0.346320346320346
0.346320346320346
0.332640692640693
Gen 256
0.346320346320346
0.337575757575758
0.346320346320346
0.346320346320346
0.346320346320346
0.311341991341991
Gen 257
0.346320346320346
0.320448836187967
0.346320346320346
0.346320346320346
0.346320346320346
0.242834305790827
Gen 258
0.346320346320346
0.337441621180752
0.346320346320346
0.346320346320346
0.346320346320346
0.310805445761967
Gen 259
0.346320346320346
0.339692703431834
0.346320346320346
0.346320346320346
0.346320346320346
0.319809774766296
Gen 260
0.346320346320346
0.330255473994605
0.346320346320346
0.346320346320346
0.346320346320346
0.282060857017379
Gen 261
0.346320346320346
0.333761967501098
0.346320346320346
0.346320346320346
0.346320346320346
0.296086831043353
Gen 262
0.346320346320346
0.336099629838761
0.346320346320346
0.346320346320346
0.346320346320346
0.305437480394002
Gen 263
0.346320346320346
0.331274734926909
0.346320346320346
0.346320346320346
0.346320346320346
0.286137900746596
Gen 264
0.346320346320346
0.337264822134388
0.346320346320346
0.346320346320346
0.346320346320346
0.31009824957651
Gen 265
0.346320346320346
0.340213187778406
0.346320346320346
0.346320346320346
0.346320346320346
0.321891712152582
Gen 266
0.346320346320346
0.33656038647343
0.346320346320346
0.346320346320346
0.346320346320346
0.307280506932681
Gen 267
0.346320346320346
0.326690256603301
0.346320346320346
0.346320346320346
0.346320346320346
0.267799987452161
Gen 268
0.346320346320346
0.333379760336283
0.346320346320346
0.346320346320346
0.346320346320346
0.294558002384089
Gen 269
0.346320346320346
0.329330196373675
0.346320346320346
0.346320346320346
0.346320346320346
0.278359746533659
Gen 270
0.346320346320346
0.333939393939394
0.346320346320346
0.346320346320346
0.346320346320346
0.296796536796537
Gen 271
0.346320346320346
0.334502164502165
0.346320346320346
0.346320346320346
0.346320346320346
0.299047619047619
Gen 272
0.346320346320346
0.344199134199135
0.346320346320346
0.346320346320346
0.346320346320346
0.337835497835498
Gen 273
0.346320346320346
0.333082502039024
0.346320346320346
0.346320346320346
0.346320346320346
0.293368969195056
Gen 274
0.346320346320346
0.33930735930736
0.346320346320346
0.346320346320346
0.346320346320346
0.318268398268398
Gen 275
0.346320346320346
0.332987012987013
0.346320346320346
0.346320346320346
0.346320346320346
0.292987012987013
Gen 276
0.346320346320346
0.341033941903508
0.346320346320346
0.346320346320346
0.346320346320346
0.325174728652989
Gen 277
0.346320346320346
0.326101010101011
0.346320346320346
0.346320346320346
0.346320346320346
0.265443001443001
Gen 278
0.346320346320346
0.334458874458875
0.346320346320346
0.346320346320346
0.346320346320346
0.298874458874459
Gen 279
0.346320346320346
0.328225108225109
0.346320346320346
0.346320346320346
0.346320346320346
0.273939393939394
Gen 280
0.346320346320346
0.335584415584416
0.346320346320346
0.346320346320346
0.346320346320346
0.303376623376623
Gen 281
0.346320346320346
0.336363636363637
0.346320346320346
0.346320346320346
0.346320346320346
0.306493506493506
Gen 282
0.346320346320346
0.337229437229438
0.346320346320346
0.346320346320346
0.346320346320346
0.30995670995671
Gen 283
0.346320346320346
0.329655812786248
0.346320346320346
0.346320346320346
0.346320346320346
0.279662212183951
Gen 284
0.346320346320346
0.338354978354979
0.346320346320346
0.346320346320346
0.346320346320346
0.314458874458874
Gen 285
0.346320346320346
0.336798669929105
0.346320346320346
0.346320346320346
0.346320346320346
0.30823364075538
Gen 286
0.346320346320346
0.340216450216451
0.346320346320346
0.346320346320346
0.346320346320346
0.321904761904762
Gen 287
0.346320346320346
0.328241169458561
0.346320346320346
0.346320346320346
0.346320346320346
0.274003638873204
Gen 288
0.346320346320346
0.333203463203464
0.346320346320346
0.346320346320346
0.346320346320346
0.293852813852814
Gen 289
0.346320346320346
0.325670995670996
0.346320346320346
0.346320346320346
0.346320346320346
0.263722943722944
Gen 290
0.346320346320346
0.33965367965368
0.346320346320346
0.346320346320346
0.346320346320346
0.31965367965368
Gen 291
0.346320346320346
0.336709956709957
0.346320346320346
0.346320346320346
0.346320346320346
0.307878787878788
Gen 292
0.346320346320346
0.331818181818182
0.346320346320346
0.346320346320346
0.346320346320346
0.288311688311688
Gen 293
0.346320346320346
0.332374427504863
0.346320346320346
0.346320346320346
0.346320346320346
0.29053667105841
Gen 294
0.346320346320346
0.330945856076291
0.346320346320346
0.346320346320346
0.346320346320346
0.284822385344124
Gen 295
0.346320346320346
0.340642825773261
0.346320346320346
0.346320346320346
0.346320346320346
0.323610264132003
Gen 296
0.346320346320346
0.332380952380953
0.346320346320346
0.346320346320346
0.346320346320346
0.290562770562771
Gen 297
0.346320346320346
0.331298701298702
0.346320346320346
0.346320346320346
0.346320346320346
0.286233766233766
Gen 298
0.346320346320346
0.336666666666667
0.346320346320346
0.346320346320346
0.346320346320346
0.307705627705628
Gen 299
0.346320346320346
0.337196687370601
0.346320346320346
0.346320346320346
0.346320346320346
0.309825710521363
Gen 300
0.346320346320346
0.328398268398269
0.346320346320346
0.346320346320346
0.346320346320346
0.274632034632035
Gen 301
0.346320346320346
0.336363636363637
0.346320346320346
0.346320346320346
0.346320346320346
0.306493506493506
Gen 302
0.346320346320346
0.332294372294373
0.346320346320346
0.346320346320346
0.346320346320346
0.29021645021645
Gen 303
0.346320346320346
0.3391341991342
0.346320346320346
0.346320346320346
0.346320346320346
0.317575757575757
Gen 304
0.346320346320346
0.336060606060607
0.346320346320346
0.346320346320346
0.346320346320346
0.305281385281385
Gen 305
0.346320346320346
0.336666666666667
0.346320346320346
0.346320346320346
0.346320346320346
0.307705627705628
Gen 306
0.346320346320346
0.329164941338855
0.346320346320346
0.346320346320346
0.346320346320346
0.277698726394379
Gen 307
0.346320346320346
0.338008658008658
0.346320346320346
0.346320346320346
0.346320346320346
0.313073593073593
Gen 308
0.346320346320346
0.331350900307422
0.346320346320346
0.346320346320346
0.346320346320346
0.286442562268649
Gen 309
0.346320346320346
0.331471861471862
0.346320346320346
0.346320346320346
0.346320346320346
0.286926406926407
Gen 310
0.346320346320346
0.334295878035009
0.346320346320346
0.346320346320346
0.346320346320346
0.298222473178995
Gen 311
0.346320346320346
0.333801493192798
0.346320346320346
0.346320346320346
0.346320346320346
0.296244933810151
Gen 312
0.346320346320346
0.341515151515152
0.346320346320346
0.346320346320346
0.346320346320346
0.327099567099567
Gen 313
0.346320346320346
0.330822510822511
0.346320346320346
0.346320346320346
0.346320346320346
0.284329004329004
Gen 314
0.346320346320346
0.338906079427819
0.346320346320346
0.346320346320346
0.346320346320346
0.316663278750235
Gen 315
0.346320346320346
0.336863416776461
0.346320346320346
0.346320346320346
0.346320346320346
0.308492628144802
Gen 316
0.346320346320346
0.339763849676894
0.346320346320346
0.346320346320346
0.346320346320346
0.320094359746534
Gen 317
0.346320346320346
0.33569458560763
0.346320346320346
0.346320346320346
0.346320346320346
0.303817303469477
Gen 318
0.346320346320346
0.344006273919318
0.346320346320346
0.346320346320346
0.346320346320346
0.337064056716231
Gen 319
0.346320346320346
0.336758014931928
0.346320346320346
0.346320346320346
0.346320346320346
0.308071020766673
Gen 320
0.346320346320346
0.328524750611708
0.346320346320346
0.346320346320346
0.346320346320346
0.27513796348579
Gen 321
0.346320346320346
0.329650291737249
0.346320346320346
0.346320346320346
0.346320346320346
0.279640127987954
Gen 322
0.346320346320346
0.336931927975407
0.346320346320346
0.346320346320346
0.346320346320346
0.308766672940586
Gen 323
0.346320346320346
0.338481460568417
0.346320346320346
0.346320346320346
0.346320346320346
0.314964803312629
Gen 324
0.359420289855072
0.330609323044106
0.346844344061735
0.346320346320346
0.346320346320346
0.282952255473995
Gen 325
0.359420289855072
0.336019574628271
0.347368341803124
0.346320346320346
0.346320346320346
0.304069264069264
Gen 326
0.359420289855072
0.338400527009223
0.347368341803124
0.346320346320346
0.346320346320346
0.313593073593074
Gen 327
0.359420289855072
0.336570926657884
0.347892339544513
0.346320346320346
0.346320346320346
0.305750674446327
Gen 328
0.359420289855072
0.330872576698664
0.349464332768681
0.346320346320346
0.346320346320346
0.281385281385281
Gen 329
0.359420289855072
0.338628270280445
0.352608319217015
0.346320346320346
0.346320346320346
0.309264069264069
Gen 330
0.359420289855072
0.336785871133698
0.358372294372294
0.346320346320346
0.346320346320346
0.296130497521802
Gen 331
0.359420289855072
0.346775330949245
0.359420289855073
0.359420289855073
0.347368341803124
0.320892402283706
Gen 332
0.365217391304348
0.34181655059916
0.359652173913043
0.359420289855073
0.353656314699793
0.294537423928728
Gen 333
0.365217391304348
0.345258799171843
0.359884057971015
0.359420289855073
0.356276303406738
0.305454545454545
Gen 334
0.365217391304348
0.343798230754753
0.359884057971015
0.359420289855073
0.359420289855073
0.296468285337851
Gen 335
0.365217391304348
0.341864859777904
0.360115942028986
0.359420289855073
0.359420289855073
0.288502917372483
Gen 336
0.365217391304348
0.341605119518164
0.361275362318841
0.359420289855073
0.359420289855073
0.286304536043666
Gen 337
0.365217391304348
0.344112930547714
0.363594202898551
0.359420289855073
0.359420289855073
0.294016939582157
Gen 338
0.365217391304348
0.346951879038836
0.365217391304348
0.36104347826087
0.359420289855073
0.302126356735052
Gen 339
0.365217391304348
0.343938766547463
0.365217391304348
0.365217391304348
0.359884057971015
0.285436225610139
Gen 340
0.365217391304348
0.351357801618672
0.365217391304348
0.365217391304348
0.36336231884058
0.311634105025409
Gen 341
0.372294372294372
0.355935629587804
0.36573235460192
0.365217391304348
0.365217391304348
0.327575381140599
Gen 342
0.372294372294372
0.351402973837757
0.366530397139093
0.365217391304348
0.365217391304348
0.308646715603237
Gen 343
0.372294372294372
0.354334901813163
0.368126482213439
0.365217391304348
0.365217391304348
0.318778342430516
Gen 344
0.372294372294372
0.361778530648096
0.370237530585357
0.365217391304348
0.365217391304348
0.346441809398331
Gen 345
0.372294372294372
0.345643139469227
0.371731225296443
0.365449275362319
0.365217391304348
0.280174665913796
Gen 346
0.372294372294372
0.357897986071899
0.372140786749482
0.368695652173913
0.365217391304348
0.325538114059853
Gen 347
0.372294372294372
0.360440429136081
0.372294372294372
0.371782420478073
0.36568115942029
0.33200376435159
Gen 348
0.372294372294372
0.360510822510823
0.372294372294372
0.372294372294372
0.367072463768116
0.33038208168643
Gen 349
0.385281385281385
0.365020139281009
0.373160173160173
0.372294372294372
0.369620176924525
0.345005834744965
Gen 350
0.385281385281385
0.368204027856202
0.374025974025974
0.372294372294372
0.37124035384905
0.355255411255411
Gen 351
0.385281385281385
0.355867871259176
0.375411255411255
0.372294372294372
0.370674195369848
0.305091661961227
Gen 352
0.385281385281385
0.365597967250141
0.378008658008658
0.372294372294372
0.372294372294372
0.339794466403162
Gen 353
0.385281385281385
0.357165066817241
0.381818181818182
0.372294372294372
0.372294372294372
0.302253340862036
Gen 354
0.385281385281385
0.373659326181065
0.385281385281385
0.375930735930736
0.372294372294372
0.361130811217768
Gen 355
0.385281385281385
0.372285714285714
0.385281385281385
0.382164502164502
0.372294372294372
0.349402597402597
Gen 356
0.385281385281385
0.369449651797478
0.385281385281385
0.385281385281385
0.377662337662338
0.329573498964803
Gen 357
0.385281385281385
0.373215885563711
0.385281385281385
0.385281385281385
0.381298701298701
0.341002070393375
Gen 358
0.4
0.368734424995294
0.38587012987013
0.385281385281385
0.384242424242424
0.319543760587239
Gen 359
0.4
0.375678147939017
0.386458874458874
0.385281385281385
0.385281385281385
0.345690946734425
Gen 360
0.4
0.377513645774515
0.387047619047619
0.385281385281385
0.385281385281385
0.352444193487672
Gen 361
0.4
0.357473743647656
0.388225108225108
0.385281385281385
0.385281385281385
0.271107095802748
Gen 362
0.4
0.37939732731037
0.389402597402597
0.385281385281385
0.385281385281385
0.357623941276115
Gen 363
0.4
0.375246753246753
0.392935064935065
0.385281385281385
0.385281385281385
0.337489177489178
Gen 364
0.4
0.379073593073593
0.399411255411255
0.385281385281385
0.385281385281385
0.346320346320346
Gen 365
0.4
0.368959909655562
0.4
0.395290043290043
0.385281385281385
0.295268210050819
Gen 366
0.405797101449275
0.390465273856578
0.400463768115942
0.4
0.392935064935065
0.368462262375306
Gen 367
0.405797101449275
0.385637492941841
0.400927536231884
0.4
0.397056277056277
0.344566158479202
Gen 368
0.405797101449275
0.385190664408056
0.401391304347826
0.4
0.397056277056277
0.34231507622812
Gen 369
0.440579710144928
0.380691134952004
0.403942028985507
0.4
0.399861471861472
0.318961038961039
Gen 370
0.440579710144928
0.388908714473932
0.407652173913044
0.4
0.4
0.347982683982684
Gen 371
0.440579710144928
0.387311500094109
0.41136231884058
0.401855072463768
0.4
0.336028609072087
Gen 372
0.440579710144928
0.382134387351778
0.41831884057971
0.405797101449275
0.401391304347826
0.303030303030303
Gen 373
0.440579710144928
0.386752117447769
0.433623188405797
0.405797101449275
0.404869565217391
0.302718614718615
Gen 374
0.440579710144928
0.398884622623752
0.440579710144927
0.419710144927536
0.405797101449275
0.329451533973273
Gen 375
0.440579710144928
0.398268774703557
0.440579710144927
0.432231884057971
0.405797101449275
0.314466403162055
Gen 376
0.440579710144928
0.41154300771692
0.440579710144927
0.440579710144927
0.408695652173913
0.356316958403915
Gen 377
0.440579710144928
0.396635422548466
0.440579710144927
0.440579710144927
0.432695652173913
0.272686617730096
Gen 378
0.440579710144928
0.412934688499906
0.440579710144927
0.440579710144927
0.44
0.330579333709769
Gen 379
0.443478260869565
0.40755128929042
0.440695652173913
0.440579710144927
0.440579710144927
0.308350084697911
Gen 380
0.443478260869565
0.40485827216262
0.440811594202898
0.440579710144927
0.440579710144927
0.297462074157726
Gen 381
0.458874458874459
0.409616663529707
0.441891210239036
0.440579710144927
0.440579710144927
0.315416023589937
Gen 382
0.458874458874459
0.420457368718238
0.443859715164063
0.440579710144927
0.440579710144927
0.356810339419035
Gen 383
0.458874458874459
0.421469100947362
0.445944162118075
0.440579710144927
0.440579710144927
0.358772821381517
Gen 384
0.458874458874459
0.428878474182822
0.449489679402723
0.442048309178744
0.440579710144927
0.383396198004894
Gen 385
0.458874458874459
0.415641006336659
0.455534726143422
0.443478260869565
0.440657004830918
0.322894033502729
Gen 386
0.458874458874459
0.435003952569171
0.458874458874459
0.450960788004266
0.442357487922705
0.387823075475249
Gen 387
0.458874458874459
0.421564715477759
0.458874458874459
0.457539368843717
0.443671497584541
0.326173536608319
Gen 388
0.476190476190476
0.436815358554489
0.4595670995671
0.458874458874459
0.454421481899743
0.374398393876655
Gen 389
0.476190476190476
0.445882928665538
0.46025974025974
0.458874458874459
0.458874458874459
0.405523056653491
Gen 390
0.476190476190476
0.442510947989209
0.463030303030303
0.458874458874459
0.458874458874459
0.389264571177615
Gen 391
0.476190476190476
0.441965869878914
0.465108225108225
0.458874458874459
0.458874458874459
0.38500633665851
Gen 392
0.480519480519481
0.435042850868938
0.471515151515151
0.458874458874459
0.458874458874459
0.350907334211682
Gen 393
0.480519480519481
0.441838634795157
0.476536796536797
0.463030303030303
0.458874458874459
0.368912980739068
Gen 394
0.480519480519481
0.437509630466152
0.476883116883117
0.476190476190476
0.459393939393939
0.337570989397076
Gen 395
0.480519480519481
0.455850053328314
0.477402597402597
0.476190476190476
0.470995670995671
0.398811468724512
Gen 396
0.480519480519481
0.468564025346634
0.478268398268398
0.476190476190476
0.476190476190476
0.443606750737186
Gen 397
0.480519480519481
0.445823577388795
0.48017316017316
0.476190476190476
0.474458874458874
0.352471798732668
Gen 398
0.480519480519481
0.449072212811343
0.480519480519481
0.477575757575758
0.47590689503733
0.362286718112805
Gen 399
0.480519480519481
0.460834431269213
0.480519480519481
0.47982683982684
0.476190476190476
0.406800928540059
Gen 400
0.480519480519481
0.454216952129995
0.480519480519481
0.480519480519481
0.477748917748918
0.378079929732104
Gen 401
0.480519480519481
0.46114034757513
0.480519480519481
0.480519480519481
0.478095238095238
0.405427191166322
Gen 402
0.480519480519481
0.461888951628082
0.480519480519481
0.480519480519481
0.479480519480519
0.407036325992848
Gen 403
0.480519480519481
0.472829663090532
0.480519480519481
0.480519480519481
0.480519480519481
0.449760210803689
Gen 404
0.480519480519481
0.467746659137963
0.480519480519481
0.480519480519481
0.480519480519481
0.429428194993412
Gen 405
0.480519480519481
0.462951502603677
0.480519480519481
0.480519480519481
0.480519480519481
0.410247568856264
Gen 406
0.480519480519481
0.445747286529895
0.480519480519481
0.480519480519481
0.480519480519481
0.341430704561139
Gen 407
0.480519480519481
0.446249576510446
0.480519480519481
0.480519480519481
0.480519480519481
0.343439864483343
Gen 408
0.480519480519481
0.456751113620679
0.480519480519481
0.480519480519481
0.480519480519481
0.385446012924274
Gen 409
0.480519480519481
0.463787816048686
0.480519480519481
0.480519480519481
0.480519480519481
0.413592822636301
Gen 410
0.480519480519481
0.466305288913985
0.480519480519481
0.480519480519481
0.480519480519481
0.423662714097497
Gen 411
0.480519480519481
0.45011167576385
0.480519480519481
0.480519480519481
0.480519480519481
0.358888261496957
Gen 412
0.480519480519481
0.47270092226614
0.480519480519481
0.480519480519481
0.480519480519481
0.449245247506117
Gen 413
0.480519480519481
0.452746596398771
0.480519480519481
0.480519480519481
0.480519480519481
0.36942794403664
Gen 414
0.480519480519481
0.471705627705628
0.480519480519481
0.480519480519481
0.480519480519481
0.445264069264069
Gen 415
0.480519480519481
0.471141853315767
0.480519480519481
0.480519480519481
0.480519480519481
0.443008971704624
Gen 416
0.480519480519481
0.454173787565092
0.480519480519481
0.480519480519481
0.480519480519481
0.375136708701926
Gen 417
0.480519480519481
0.449731225296443
0.480519480519481
0.480519480519481
0.480519480519481
0.357366459627329
Gen 418
0.480519480519481
0.466915866741954
0.480519480519481
0.480519480519481
0.480519480519481
0.426105025409373
Gen 419
0.480519480519481
0.464603551038334
0.480519480519481
0.480519480519481
0.480519480519481
0.416855762594893
Gen 420
0.480519480519481
0.462339168078299
0.480519480519481
0.480519480519481
0.480519480519481
0.407798230754753
Gen 421
0.480519480519481
0.453048246439551
0.480519480519481
0.480519480519481
0.480519480519481
0.370634544199762
Gen 422
0.480519480519481
0.455981429198821
0.480519480519481
0.480519480519481
0.480519480519481
0.38236727523684
Gen 423
0.480519480519481
0.443130685739382
0.480519480519481
0.480519480519481
0.480519480519481
0.330964301399084
Gen 424
0.480519480519481
0.461409624192233
0.480519480519481
0.480519480519481
0.480519480519481
0.40408005521049
Gen 425
0.480519480519481
0.464571930484974
0.480519480519481
0.480519480519481
0.480519480519481
0.416729280381454
Gen 426
0.480519480519481
0.46768115942029
0.480519480519481
0.480519480519481
0.480519480519481
0.429166196122718
Gen 427
0.480519480519481
0.470914235522931
0.480519480519481
0.480519480519481
0.480519480519481
0.442098500533283
Gen 428
0.480519480519481
0.456834054834055
0.480519480519481
0.480519480519481
0.480519480519481
0.385777777777778
Gen 429
0.480519480519481
0.447243741765481
0.480519480519481
0.480519480519481
0.480519480519481
0.347416525503482
Gen 430
0.480519480519481
0.459407240102893
0.480519480519481
0.480519480519481
0.480519480519481
0.396070518853128
Gen 431
0.480519480519481
0.472539808018069
0.480519480519481
0.480519480519481
0.480519480519481
0.448600790513834
Gen 432
0.480519480519481
0.449284522241044
0.480519480519481
0.480519480519481
0.480519480519481
0.355579647405734
Gen 433
0.480519480519481
0.465962607440869
0.480519480519481
0.480519480519481
0.480519480519481
0.422291988205032
Gen 434
0.480519480519481
0.460043039086518
0.480519480519481
0.480519480519481
0.480519480519481
0.398613714787628
Gen 435
0.480519480519481
0.470723131940524
0.480519480519481
0.480519480519481
0.480519480519481
0.441334086203651
Gen 436
0.480519480519481
0.444642449338102
0.480519480519481
0.480519480519481
0.480519480519481
0.337011355793964
Gen 437
0.485990338164251
0.469837756446453
0.480738314825272
0.480519480519481
0.480519480519481
0.437573749921576
Gen 438
0.485990338164251
0.461265700483092
0.480957149131062
0.480519480519481
0.480519480519481
0.403066691762344
Gen 439
0.485990338164251
0.454208419599724
0.481175983436853
0.480519480519481
0.480519480519481
0.374618733923082
Gen 440
0.485990338164251
0.458933559194429
0.481832486354226
0.480519480519481
0.480519480519481
0.392862789384528
Gen 441
0.485990338164251
0.45713281887195
0.48292665788318
0.480519480519481
0.480519480519481
0.384565656565657
Gen 442
0.485990338164251
0.467931614279441
0.484020829412134
0.480519480519481
0.480519480519481
0.426666666666667
Gen 443
0.485990338164251
0.452002007654182
0.485990338164251
0.481613652048435
0.480519480519481
0.35988455988456
Gen 444
0.485990338164251
0.460098876968442
0.485990338164251
0.485990338164251
0.481175983436853
0.387238848108413
Gen 445
0.485990338164251
0.469879540749106
0.485990338164251
0.485990338164251
0.483364326494762
0.42417316017316
Gen 446
0.485990338164251
0.465683543509631
0.485990338164251
0.485990338164251
0.483583160800552
0.407170336909467
Gen 447
0.485990338164251
0.46275450153711
0.485990338164251
0.485990338164251
0.485333835246879
0.39370349457306
Gen 448
0.565217391304348
0.478148691887822
0.494106280193237
0.485990338164251
0.485990338164251
0.44650781102955
Gen 449
0.565217391304348
0.467918439048873
0.502222222222222
0.485990338164251
0.485990338164251
0.397470857644771
Gen 450
0.565217391304348
0.484166133383524
0.518454106280193
0.485990338164251
0.485990338164251
0.446229750925403
Gen 451
0.565217391304348
0.47513758705063
0.550531400966184
0.485990338164251
0.485990338164251
0.378038270907836
Gen 452
0.565217391304348
0.498213062300018
0.565217391304348
0.545352657004831
0.485990338164251
0.396291862726645
Gen 453
0.565217391304348
0.512953133822699
0.565217391304348
0.565217391304348
0.516830917874396
0.404546834807704
Gen 454
0.565217391304348
0.529392308174917
0.565217391304348
0.565217391304348
0.556869565217391
0.430264884873581
Gen 455
0.565217391304348
0.531394441307485
0.565217391304348
0.565217391304348
0.565217391304348
0.429925591316896
Gen 456
0.565217391304348
0.547719932241672
0.565217391304348
0.565217391304348
0.565217391304348
0.495227555053642
Gen 457
0.567099567099567
0.535641759206977
0.565292678336156
0.565217391304348
0.565217391304348
0.446839575883054
Gen 458
0.567099567099567
0.542562770562772
0.565367965367965
0.565217391304348
0.565217391304348
0.474448334274421
Gen 459
0.567099567099567
0.54243603739256
0.565443252399774
0.565217391304348
0.565217391304348
0.473866114561767
Gen 460
0.567099567099567
0.532999309868876
0.565593826463392
0.565217391304348
0.565217391304348
0.435968630403413
Gen 461
0.567099567099567
0.532088462262376
0.565819687558818
0.565217391304348
0.565217391304348
0.432099378881988
Gen 462
0.567099567099567
0.541875023527199
0.566271409749671
0.565217391304348
0.565217391304348
0.470793901750423
Gen 463
0.567099567099567
0.543513896731289
0.566873706004141
0.565217391304348
0.565217391304348
0.476747098312316
Gen 464
0.567099567099567
0.546616349833742
0.567099567099567
0.5656691134952
0.565217391304348
0.488479327435849
Gen 465
0.567099567099567
0.526100633665852
0.567099567099567
0.566497270845097
0.565217391304348
0.405588305414392
Gen 466
0.567099567099567
0.555389673128805
0.567099567099567
0.567099567099567
0.5656691134952
0.52169044482088
Gen 467
0.567099567099567
0.552287094547965
0.567099567099567
0.567099567099567
0.566723131940523
0.508226112052199
Gen 468
0.567099567099567
0.534933684672816
0.567099567099567
0.567099567099567
0.567099567099567
0.438436037392559
Gen 469
0.567099567099567
0.541255913168958
0.567099567099567
0.567099567099567
0.567099567099567
0.463724951377125
Gen 470
0.567099567099567
0.548959909655563
0.567099567099567
0.567099567099567
0.567099567099567
0.494540937323546
Gen 471
0.567099567099567
0.505078361252275
0.567099567099567
0.567099567099567
0.567099567099567
0.319014743710396
Gen 472
0.567099567099567
0.554056339795471
0.567099567099567
0.567099567099567
0.567099567099567
0.51492665788318
Gen 473
0.567099567099567
0.539263441872138
0.567099567099567
0.567099567099567
0.567099567099567
0.455755066189849
Gen 474
0.567099567099567
0.5342996423866
0.567099567099567
0.567099567099567
0.567099567099567
0.435899868247694
Gen 475
0.567099567099567
0.54834155216764
0.567099567099567
0.567099567099567
0.567099567099567
0.492067507371855
Gen 476
0.567099567099567
0.545998243302592
0.567099567099567
0.567099567099567
0.567099567099567
0.482694271911663
Gen 477
0.567099567099567
0.529644143296318
0.567099567099567
0.567099567099567
0.567099567099567
0.417277871886568
Gen 478
0.567099567099567
0.541473869126044
0.567099567099567
0.567099567099567
0.567099567099567
0.464596775205471
Gen 479
0.567099567099567
0.542967061923584
0.567099567099567
0.567099567099567
0.567099567099567
0.470569546395634
Gen 480
0.567099567099567
0.55027592697158
0.567099567099567
0.567099567099567
0.567099567099567
0.499805006587615
Gen 481
0.567099567099567
0.54864872325742
0.567099567099567
0.567099567099567
0.567099567099567
0.493296191730974
Gen 482
0.567099567099567
0.53410515088776
0.567099567099567
0.567099567099567
0.567099567099567
0.435121902252337
Gen 483
0.567099567099567
0.537846038019952
0.567099567099567
0.567099567099567
0.567099567099567
0.450085450781103
Gen 484
0.567099567099567
0.544442687747036
0.567099567099567
0.567099567099567
0.567099567099567
0.476472049689441
Gen 485
0.567099567099567
0.535023527197441
0.567099567099567
0.567099567099567
0.567099567099567
0.43879540749106
Gen 486
0.567099567099567
0.537005207353034
0.567099567099567
0.567099567099567
0.567099567099567
0.446722128113432
Gen 487
0.567099567099567
0.538520358868186
0.567099567099567
0.567099567099567
0.567099567099567
0.452782734174039
Gen 488
0.567099567099567
0.535167576384968
0.567099567099567
0.567099567099567
0.567099567099567
0.43937160424117
Gen 489
0.567099567099567
0.531814417466592
0.567099567099567
0.567099567099567
0.567099567099567
0.425958968567664
Gen 490
0.567099567099567
0.523384528514964
0.567099567099567
0.567099567099567
0.567099567099567
0.392239412761152
Gen 491
0.567099567099567
0.532450718363763
0.567099567099567
0.567099567099567
0.567099567099567
0.428504172156346
Gen 492
0.567099567099567
0.547266327875024
0.567099567099567
0.567099567099567
0.567099567099567
0.487766610201393
Gen 493
0.567099567099567
0.535843779408998
0.567099567099567
0.567099567099567
0.567099567099567
0.442076416337286
Gen 494
0.567099567099567
0.523226927661711
0.567099567099567
0.567099567099567
0.567099567099567
0.39160900934814
Gen 495
0.567099567099567
0.533464081811908
0.567099567099567
0.567099567099567
0.567099567099567
0.43255762594893
Gen 496
0.567099567099567
0.539031306857394
0.567099567099567
0.567099567099567
0.567099567099567
0.454826526130874
Gen 497
0.567099567099567
0.548850617981053
0.567099567099567
0.567099567099567
0.567099567099567
0.49410377062551
Gen 498
0.567099567099567
0.544411067193676
0.567099567099567
0.567099567099567
0.567099567099567
0.476345567476002
Gen 499
0.567099567099567
0.543914298262125
0.567099567099567
0.567099567099567
0.567099567099567
0.474358491749796
Gen 500
0.567099567099567
0.541599096555619
0.567099567099567
0.567099567099567
0.567099567099567
0.465097684923772
