Gen 1
0,0909090909090909
0,0579710144927536
0,0476190476190476
0,00865800865800866
0
0
0
0
0
0
0
0
0
0
0
0
0
0
0
0
Gen 2
0,0909090909090909
0,0909090909090909
0,0909090909090909
0,0909090909090909
0,0909090909090909
0,0909090909090909
0,0909090909090909
0,0909090909090909
0,0909090909090909
0,0909090909090909
0,0579710144927536
0,0579710144927536
0,0476190476190476
0,0476190476190476
0,0476190476190476
0,0476190476190476
0,00865800865800866
0
0
0
Gen 3
0,0909090909090909
0,0909090909090909
0,0909090909090909
0,0909090909090909
0,0909090909090909
0,0909090909090909
0,0909090909090909
0,0909090909090909
0,0909090909090909
0,0909090909090909
0,0909090909090909
0,0909090909090909
0,0909090909090909
0,0909090909090909
0,0909090909090909
0,0909090909090909
0,0909090909090909
0,0909090909090909
0,0909090909090909
0,0909090909090909
Gen 4
0,0909090909090909
0,0909090909090909
0,0909090909090909
0,0909090909090909
0,0909090909090909
0,0909090909090909
0,0909090909090909
0,0909090909090909
0,0909090909090909
0,0909090909090909
0,0909090909090909
0,0909090909090909
0,0909090909090909
0,0909090909090909
0,0909090909090909
0,0909090909090909
0,0909090909090909
0,0909090909090909
0,0909090909090909
0,0909090909090909
Gen 5
0,0909090909090909
0,0909090909090909
0,0909090909090909
0,0909090909090909
0,0909090909090909
0,0909090909090909
0,0909090909090909
0,0909090909090909
0,0909090909090909
0,0909090909090909
0,0909090909090909
0,0909090909090909
0,0909090909090909
0,0909090909090909
0,0909090909090909
0,0909090909090909
0,0909090909090909
0,0909090909090909
0,0909090909090909
0,0909090909090909
Gen 6
0,0909090909090909
0,0909090909090909
0,0909090909090909
0,0909090909090909
0,0909090909090909
0,0909090909090909
0,0909090909090909
0,0909090909090909
0,0909090909090909
0,0909090909090909
0,0909090909090909
0,0909090909090909
0,0909090909090909
0,0909090909090909
0,0909090909090909
0,0909090909090909
0,0909090909090909
0,0909090909090909
0,0909090909090909
0,0909090909090909
Gen 7
0,0909090909090909
0,0909090909090909
0,0909090909090909
0,0909090909090909
0,0909090909090909
0,0909090909090909
0,0909090909090909
0,0909090909090909
0,0909090909090909
0,0909090909090909
0,0909090909090909
0,0909090909090909
0,0909090909090909
0,0909090909090909
0,0909090909090909
0,0909090909090909
0,0909090909090909
0,0909090909090909
0,0909090909090909
0,0909090909090909
Gen 8
0,0909090909090909
0,0909090909090909
0,0909090909090909
0,0909090909090909
0,0909090909090909
0,0909090909090909
0,0909090909090909
0,0909090909090909
0,0909090909090909
0,0909090909090909
0,0909090909090909
0,0909090909090909
0,0909090909090909
0,0909090909090909
0,0909090909090909
0,0909090909090909
0,0909090909090909
0,0909090909090909
0
0
Gen 9
0,0909090909090909
0,0909090909090909
0,0909090909090909
0,0909090909090909
0,0909090909090909
0,0909090909090909
0,0909090909090909
0,0909090909090909
0,0909090909090909
0,0909090909090909
0,0909090909090909
0,0909090909090909
0,0909090909090909
0,0909090909090909
0,0909090909090909
0,0909090909090909
0,0909090909090909
0,0909090909090909
0,0909090909090909
0
Gen 10
0,0909090909090909
0,0909090909090909
0,0909090909090909
0,0909090909090909
0,0909090909090909
0,0909090909090909
0,0909090909090909
0,0909090909090909
0,0909090909090909
0,0909090909090909
0,0909090909090909
0,0909090909090909
0,0909090909090909
0,0909090909090909
0,0909090909090909
0,0909090909090909
0,0909090909090909
0,0909090909090909
0,0909090909090909
0,0909090909090909
Gen 11
0,0909090909090909
0,0909090909090909
0,0909090909090909
0,0909090909090909
0,0909090909090909
0,0909090909090909
0,0909090909090909
0,0909090909090909
0,0909090909090909
0,0909090909090909
0,0909090909090909
0,0909090909090909
0,0909090909090909
0,0909090909090909
0,0909090909090909
0,0909090909090909
0,0909090909090909
0,0909090909090909
0,0909090909090909
0,0909090909090909
Gen 12
0,0909090909090909
0,0909090909090909
0,0909090909090909
0,0909090909090909
0,0909090909090909
0,0909090909090909
0,0909090909090909
0,0909090909090909
0,0909090909090909
0,0909090909090909
0,0909090909090909
0,0909090909090909
0,0909090909090909
0,0909090909090909
0,0909090909090909
0,0909090909090909
0,0909090909090909
0,0909090909090909
0,0909090909090909
0,0909090909090909
Gen 13
0,0909090909090909
0,0909090909090909
0,0909090909090909
0,0909090909090909
0,0909090909090909
0,0909090909090909
0,0909090909090909
0,0909090909090909
0,0909090909090909
0,0909090909090909
0,0909090909090909
0,0909090909090909
0,0909090909090909
0,0909090909090909
0,0909090909090909
0,0909090909090909
0,0909090909090909
0,0909090909090909
0,0909090909090909
0,0909090909090909
Gen 14
0,160386473429952
0,0909090909090909
0,0909090909090909
0,0909090909090909
0,0909090909090909
0,0909090909090909
0,0909090909090909
0,0909090909090909
0,0909090909090909
0,0909090909090909
0,0909090909090909
0,0909090909090909
0,0909090909090909
0,0909090909090909
0,0909090909090909
0,0909090909090909
0,0909090909090909
0,0909090909090909
0,0909090909090909
0,0909090909090909
Gen 15
0,160386473429952
0,160386473429952
0,160386473429952
0,160386473429952
0,160386473429952
0,160386473429952
0,0909090909090909
0,0909090909090909
0,0909090909090909
0,0909090909090909
0,0909090909090909
0,0909090909090909
0,0909090909090909
0,0909090909090909
0,0909090909090909
0,0909090909090909
0,0909090909090909
0,0909090909090909
0,0909090909090909
0,0909090909090909
Gen 16
0,160386473429952
0,160386473429952
0,160386473429952
0,160386473429952
0,160386473429952
0,160386473429952
0,160386473429952
0,160386473429952
0,160386473429952
0,160386473429952
0,160386473429952
0,160386473429952
0,160386473429952
0,160386473429952
0,160386473429952
0,160386473429952
0,160386473429952
0,160386473429952
0,0909090909090909
0,0909090909090909
Gen 17
0,181818181818182
0,160386473429952
0,160386473429952
0,160386473429952
0,160386473429952
0,160386473429952
0,160386473429952
0,160386473429952
0,160386473429952
0,160386473429952
0,160386473429952
0,160386473429952
0,160386473429952
0,160386473429952
0,160386473429952
0,160386473429952
0,160386473429952
0,160386473429952
0,00772946859903382
0
Gen 18
0,181818181818182
0,181818181818182
0,181818181818182
0,181818181818182
0,181818181818182
0,181818181818182
0,181818181818182
0,181818181818182
0,181818181818182
0,160386473429952
0,160386473429952
0,160386473429952
0,160386473429952
0,160386473429952
0,160386473429952
0,160386473429952
0,160386473429952
0,147186147186147
0,102415458937198
0
Gen 19
0,181818181818182
0,181818181818182
0,181818181818182
0,181818181818182
0,181818181818182
0,181818181818182
0,181818181818182
0,181818181818182
0,181818181818182
0,181818181818182
0,181818181818182
0,181818181818182
0,181818181818182
0,181818181818182
0,181818181818182
0,181818181818182
0,181818181818182
0,181818181818182
0,181818181818182
0,164502164502165
Gen 20
0,181818181818182
0,181818181818182
0,181818181818182
0,181818181818182
0,181818181818182
0,181818181818182
0,181818181818182
0,181818181818182
0,181818181818182
0,181818181818182
0,181818181818182
0,181818181818182
0,181818181818182
0,181818181818182
0,181818181818182
0,181818181818182
0,181818181818182
0,181818181818182
0,102415458937198
0
Gen 21
0,181818181818182
0,181818181818182
0,181818181818182
0,181818181818182
0,181818181818182
0,181818181818182
0,181818181818182
0,181818181818182
0,181818181818182
0,181818181818182
0,181818181818182
0,181818181818182
0,181818181818182
0,181818181818182
0,181818181818182
0,181818181818182
0,181818181818182
0
0
0
Gen 22
0,181818181818182
0,181818181818182
0,181818181818182
0,181818181818182
0,181818181818182
0,181818181818182
0,181818181818182
0,181818181818182
0,181818181818182
0,181818181818182
0,181818181818182
0,181818181818182
0,181818181818182
0,181818181818182
0,181818181818182
0,181818181818182
0,181818181818182
0,181818181818182
0,181818181818182
0,181818181818182
Gen 23
0,181818181818182
0,181818181818182
0,181818181818182
0,181818181818182
0,181818181818182
0,181818181818182
0,181818181818182
0,181818181818182
0,181818181818182
0,181818181818182
0,181818181818182
0,181818181818182
0,181818181818182
0,181818181818182
0,181818181818182
0,181818181818182
0,181818181818182
0,181818181818182
0
0
Gen 24
0,181818181818182
0,181818181818182
0,181818181818182
0,181818181818182
0,181818181818182
0,181818181818182
0,181818181818182
0,181818181818182
0,181818181818182
0,181818181818182
0,181818181818182
0,181818181818182
0,181818181818182
0,181818181818182
0,181818181818182
0,181818181818182
0,181818181818182
0,181818181818182
0,181818181818182
0,181818181818182
Gen 25
0,181818181818182
0,181818181818182
0,181818181818182
0,181818181818182
0,181818181818182
0,181818181818182
0,181818181818182
0,181818181818182
0,181818181818182
0,181818181818182
0,181818181818182
0,181818181818182
0,181818181818182
0,181818181818182
0,181818181818182
0,181818181818182
0,181818181818182
0,181818181818182
0,181818181818182
0,181818181818182
Gen 26
0,181818181818182
0,181818181818182
0,181818181818182
0,181818181818182
0,181818181818182
0,181818181818182
0,181818181818182
0,181818181818182
0,181818181818182
0,181818181818182
0,181818181818182
0,181818181818182
0,181818181818182
0,181818181818182
0,181818181818182
0,181818181818182
0,181818181818182
0,181818181818182
0,141062801932367
0,0821256038647343
Gen 27
0,181818181818182
0,181818181818182
0,181818181818182
0,181818181818182
0,181818181818182
0,181818181818182
0,181818181818182
0,181818181818182
0,181818181818182
0,181818181818182
0,181818181818182
0,181818181818182
0,181818181818182
0,181818181818182
0,181818181818182
0,181818181818182
0,181818181818182
0,181818181818182
0,181818181818182
0,181818181818182
Gen 28
0,181818181818182
0,181818181818182
0,181818181818182
0,181818181818182
0,181818181818182
0,181818181818182
0,181818181818182
0,181818181818182
0,181818181818182
0,181818181818182
0,181818181818182
0,181818181818182
0,181818181818182
0,181818181818182
0,181818181818182
0,181818181818182
0,181818181818182
0,181818181818182
0,181818181818182
0
Gen 29
0,181818181818182
0,181818181818182
0,181818181818182
0,181818181818182
0,181818181818182
0,181818181818182
0,181818181818182
0,181818181818182
0,181818181818182
0,181818181818182
0,181818181818182
0,181818181818182
0,181818181818182
0,181818181818182
0,181818181818182
0,181818181818182
0,181818181818182
0,181818181818182
0
0
Gen 30
0,181818181818182
0,181818181818182
0,181818181818182
0,181818181818182
0,181818181818182
0,181818181818182
0,181818181818182
0,181818181818182
0,181818181818182
0,181818181818182
0,181818181818182
0,181818181818182
0,181818181818182
0,181818181818182
0,181818181818182
0,181818181818182
0,181818181818182
0,181818181818182
0,181818181818182
0,181818181818182
Gen 31
0,181818181818182
0,181818181818182
0,181818181818182
0,181818181818182
0,181818181818182
0,181818181818182
0,181818181818182
0,181818181818182
0,181818181818182
0,181818181818182
0,181818181818182
0,181818181818182
0,181818181818182
0,181818181818182
0,181818181818182
0,181818181818182
0,181818181818182
0,181818181818182
0,181818181818182
0,181818181818182
Gen 32
0,181818181818182
0,181818181818182
0,181818181818182
0,181818181818182
0,181818181818182
0,181818181818182
0,181818181818182
0,181818181818182
0,181818181818182
0,181818181818182
0,181818181818182
0,181818181818182
0,181818181818182
0,181818181818182
0,181818181818182
0,181818181818182
0,181818181818182
0,181818181818182
0,181818181818182
0,181818181818182
Gen 33
0,181818181818182
0,181818181818182
0,181818181818182
0,181818181818182
0,181818181818182
0,181818181818182
0,181818181818182
0,181818181818182
0,181818181818182
0,181818181818182
0,181818181818182
0,181818181818182
0,181818181818182
0,181818181818182
0,181818181818182
0,181818181818182
0,181818181818182
0,181818181818182
0,181818181818182
0
Gen 34
0,181818181818182
0,181818181818182
0,181818181818182
0,181818181818182
0,181818181818182
0,181818181818182
0,181818181818182
0,181818181818182
0,181818181818182
0,181818181818182
0,181818181818182
0,181818181818182
0,181818181818182
0,181818181818182
0,181818181818182
0,181818181818182
0,181818181818182
0,0995670995670996
0
0
Gen 35
0,181818181818182
0,181818181818182
0,181818181818182
0,181818181818182
0,181818181818182
0,181818181818182
0,181818181818182
0,181818181818182
0,181818181818182
0,181818181818182
0,181818181818182
0,181818181818182
0,181818181818182
0,181818181818182
0,181818181818182
0,181818181818182
0,181818181818182
0,181818181818182
0,181818181818182
0,181818181818182
Gen 36
0,181818181818182
0,181818181818182
0,181818181818182
0,181818181818182
0,181818181818182
0,181818181818182
0,181818181818182
0,181818181818182
0,181818181818182
0,181818181818182
0,181818181818182
0,181818181818182
0,181818181818182
0,181818181818182
0,181818181818182
0,181818181818182
0,181818181818182
0,181818181818182
0,181818181818182
0,181818181818182
Gen 37
0,181818181818182
0,181818181818182
0,181818181818182
0,181818181818182
0,181818181818182
0,181818181818182
0,181818181818182
0,181818181818182
0,181818181818182
0,181818181818182
0,181818181818182
0,181818181818182
0,181818181818182
0,181818181818182
0,181818181818182
0,181818181818182
0,181818181818182
0,181818181818182
0,181818181818182
0,181818181818182
Gen 38
0,181818181818182
0,181818181818182
0,181818181818182
0,181818181818182
0,181818181818182
0,181818181818182
0,181818181818182
0,181818181818182
0,181818181818182
0,181818181818182
0,181818181818182
0,181818181818182
0,181818181818182
0,181818181818182
0,181818181818182
0,181818181818182
0,181818181818182
0,181818181818182
0,181818181818182
0,181818181818182
Gen 39
0,181818181818182
0,181818181818182
0,181818181818182
0,181818181818182
0,181818181818182
0,181818181818182
0,181818181818182
0,181818181818182
0,181818181818182
0,181818181818182
0,181818181818182
0,181818181818182
0,181818181818182
0,181818181818182
0,181818181818182
0,181818181818182
0,181818181818182
0,181818181818182
0,181818181818182
0,181818181818182
Gen 40
0,203463203463203
0,181818181818182
0,181818181818182
0,181818181818182
0,181818181818182
0,181818181818182
0,181818181818182
0,181818181818182
0,181818181818182
0,181818181818182
0,181818181818182
0,181818181818182
0,181818181818182
0,181818181818182
0,181818181818182
0,181818181818182
0,181818181818182
0,181818181818182
0,181818181818182
0,179710144927536
Gen 41
0,203463203463203
0,203463203463203
0,203463203463203
0,203463203463203
0,203463203463203
0,203463203463203
0,203463203463203
0,203463203463203
0,203463203463203
0,203463203463203
0,203463203463203
0,181818181818182
0,181818181818182
0,181818181818182
0,181818181818182
0,181818181818182
0,181818181818182
0,181818181818182
0,181818181818182
0,181818181818182
Gen 42
0,203463203463203
0,203463203463203
0,203463203463203
0,203463203463203
0,203463203463203
0,203463203463203
0,203463203463203
0,203463203463203
0,203463203463203
0,203463203463203
0,203463203463203
0,203463203463203
0,203463203463203
0,203463203463203
0,203463203463203
0,203463203463203
0,203463203463203
0,203463203463203
0,203463203463203
0,203463203463203
Gen 43
0,203463203463203
0,203463203463203
0,203463203463203
0,203463203463203
0,203463203463203
0,203463203463203
0,203463203463203
0,203463203463203
0,203463203463203
0,203463203463203
0,203463203463203
0,203463203463203
0,203463203463203
0,203463203463203
0,203463203463203
0,203463203463203
0,203463203463203
0,203463203463203
0,203463203463203
0,203463203463203
Gen 44
0,203463203463203
0,203463203463203
0,203463203463203
0,203463203463203
0,203463203463203
0,203463203463203
0,203463203463203
0,203463203463203
0,203463203463203
0,203463203463203
0,203463203463203
0,203463203463203
0,203463203463203
0,203463203463203
0,203463203463203
0,203463203463203
0,203463203463203
0,203463203463203
0,203463203463203
0,203463203463203
Gen 45
0,203463203463203
0,203463203463203
0,203463203463203
0,203463203463203
0,203463203463203
0,203463203463203
0,203463203463203
0,203463203463203
0,203463203463203
0,203463203463203
0,203463203463203
0,203463203463203
0,203463203463203
0,203463203463203
0,203463203463203
0,203463203463203
0,203463203463203
0,203463203463203
0,203463203463203
0,203463203463203
Gen 46
0,233766233766234
0,203463203463203
0,203463203463203
0,203463203463203
0,203463203463203
0,203463203463203
0,203463203463203
0,203463203463203
0,203463203463203
0,203463203463203
0,203463203463203
0,203463203463203
0,203463203463203
0,203463203463203
0,203463203463203
0,203463203463203
0,203463203463203
0,203463203463203
0,203463203463203
0,203463203463203
Gen 47
0,233766233766234
0,233766233766234
0,233766233766234
0,233766233766234
0,233766233766234
0,233766233766234
0,203463203463203
0,203463203463203
0,203463203463203
0,203463203463203
0,203463203463203
0,203463203463203
0,203463203463203
0,203463203463203
0,203463203463203
0,203463203463203
0,203463203463203
0,203463203463203
0,203463203463203
0,0476190476190476
Gen 48
0,233766233766234
0,233766233766234
0,233766233766234
0,233766233766234
0,233766233766234
0,233766233766234
0,233766233766234
0,233766233766234
0,233766233766234
0,233766233766234
0,233766233766234
0,233766233766234
0,233766233766234
0,233766233766234
0,233766233766234
0,233766233766234
0,233766233766234
0,233766233766234
0,203463203463203
0
Gen 49
0,233766233766234
0,233766233766234
0,233766233766234
0,233766233766234
0,233766233766234
0,233766233766234
0,233766233766234
0,233766233766234
0,233766233766234
0,233766233766234
0,233766233766234
0,233766233766234
0,233766233766234
0,233766233766234
0,233766233766234
0,233766233766234
0,233766233766234
0,00579710144927536
0
0
Gen 50
0,233766233766234
0,233766233766234
0,233766233766234
0,233766233766234
0,233766233766234
0,233766233766234
0,233766233766234
0,233766233766234
0,233766233766234
0,233766233766234
0,233766233766234
0,233766233766234
0,233766233766234
0,233766233766234
0,233766233766234
0,233766233766234
0,233766233766234
0,233766233766234
0,233766233766234
0,233766233766234
Gen 51
0,233766233766234
0,233766233766234
0,233766233766234
0,233766233766234
0,233766233766234
0,233766233766234
0,233766233766234
0,233766233766234
0,233766233766234
0,233766233766234
0,233766233766234
0,233766233766234
0,233766233766234
0,233766233766234
0,233766233766234
0,233766233766234
0,233766233766234
0,233766233766234
0,198067632850242
0,108225108225108
Gen 52
0,233766233766234
0,233766233766234
0,233766233766234
0,233766233766234
0,233766233766234
0,233766233766234
0,233766233766234
0,233766233766234
0,233766233766234
0,233766233766234
0,233766233766234
0,233766233766234
0,233766233766234
0,233766233766234
0,233766233766234
0,233766233766234
0,233766233766234
0,233766233766234
0,233766233766234
0,194805194805195
Gen 53
0,233766233766234
0,233766233766234
0,233766233766234
0,233766233766234
0,233766233766234
0,233766233766234
0,233766233766234
0,233766233766234
0,233766233766234
0,233766233766234
0,233766233766234
0,233766233766234
0,233766233766234
0,233766233766234
0,233766233766234
0,233766233766234
0,233766233766234
0,233766233766234
0,233766233766234
0,233766233766234
Gen 54
0,233766233766234
0,233766233766234
0,233766233766234
0,233766233766234
0,233766233766234
0,233766233766234
0,233766233766234
0,233766233766234
0,233766233766234
0,233766233766234
0,233766233766234
0,233766233766234
0,233766233766234
0,233766233766234
0,233766233766234
0,233766233766234
0,233766233766234
0,233766233766234
0,233766233766234
0,233766233766234
Gen 55
0,233766233766234
0,233766233766234
0,233766233766234
0,233766233766234
0,233766233766234
0,233766233766234
0,233766233766234
0,233766233766234
0,233766233766234
0,233766233766234
0,233766233766234
0,233766233766234
0,233766233766234
0,233766233766234
0,233766233766234
0,233766233766234
0,233766233766234
0,233766233766234
0,233766233766234
0,233766233766234
Gen 56
0,233766233766234
0,233766233766234
0,233766233766234
0,233766233766234
0,233766233766234
0,233766233766234
0,233766233766234
0,233766233766234
0,233766233766234
0,233766233766234
0,233766233766234
0,233766233766234
0,233766233766234
0,233766233766234
0,233766233766234
0,233766233766234
0,233766233766234
0,233766233766234
0,233766233766234
0,233766233766234
Gen 57
0,233766233766234
0,233766233766234
0,233766233766234
0,233766233766234
0,233766233766234
0,233766233766234
0,233766233766234
0,233766233766234
0,233766233766234
0,233766233766234
0,233766233766234
0,233766233766234
0,233766233766234
0,233766233766234
0,233766233766234
0,233766233766234
0,233766233766234
0,233766233766234
0,233766233766234
0
Gen 58
0,233766233766234
0,233766233766234
0,233766233766234
0,233766233766234
0,233766233766234
0,233766233766234
0,233766233766234
0,233766233766234
0,233766233766234
0,233766233766234
0,233766233766234
0,233766233766234
0,233766233766234
0,233766233766234
0,233766233766234
0,233766233766234
0,233766233766234
0,233766233766234
0,233766233766234
0,233766233766234
Gen 59
0,233766233766234
0,233766233766234
0,233766233766234
0,233766233766234
0,233766233766234
0,233766233766234
0,233766233766234
0,233766233766234
0,233766233766234
0,233766233766234
0,233766233766234
0,233766233766234
0,233766233766234
0,233766233766234
0,233766233766234
0,233766233766234
0,233766233766234
0,233766233766234
0,233766233766234
0,233766233766234
Gen 60
0,233766233766234
0,233766233766234
0,233766233766234
0,233766233766234
0,233766233766234
0,233766233766234
0,233766233766234
0,233766233766234
0,233766233766234
0,233766233766234
0,233766233766234
0,233766233766234
0,233766233766234
0,233766233766234
0,233766233766234
0,233766233766234
0,233766233766234
0,233766233766234
0,203463203463203
0,203463203463203
Gen 61
0,233766233766234
0,233766233766234
0,233766233766234
0,233766233766234
0,233766233766234
0,233766233766234
0,233766233766234
0,233766233766234
0,233766233766234
0,233766233766234
0,233766233766234
0,233766233766234
0,233766233766234
0,233766233766234
0,233766233766234
0,233766233766234
0,233766233766234
0,233766233766234
0,233766233766234
0,233766233766234
Gen 62
0,233766233766234
0,233766233766234
0,233766233766234
0,233766233766234
0,233766233766234
0,233766233766234
0,233766233766234
0,233766233766234
0,233766233766234
0,233766233766234
0,233766233766234
0,233766233766234
0,233766233766234
0,233766233766234
0,233766233766234
0,233766233766234
0,233766233766234
0,233766233766234
0,233766233766234
0,233766233766234
Gen 63
0,233766233766234
0,233766233766234
0,233766233766234
0,233766233766234
0,233766233766234
0,233766233766234
0,233766233766234
0,233766233766234
0,233766233766234
0,233766233766234
0,233766233766234
0,233766233766234
0,233766233766234
0,233766233766234
0,233766233766234
0,233766233766234
0,233766233766234
0,233766233766234
0,233766233766234
0
Gen 64
0,233766233766234
0,233766233766234
0,233766233766234
0,233766233766234
0,233766233766234
0,233766233766234
0,233766233766234
0,233766233766234
0,233766233766234
0,233766233766234
0,233766233766234
0,233766233766234
0,233766233766234
0,233766233766234
0,233766233766234
0,233766233766234
0,233766233766234
0,233766233766234
0,203463203463203
0,198067632850242
Gen 65
0,233766233766234
0,233766233766234
0,233766233766234
0,233766233766234
0,233766233766234
0,233766233766234
0,233766233766234
0,233766233766234
0,233766233766234
0,233766233766234
0,233766233766234
0,233766233766234
0,233766233766234
0,233766233766234
0,233766233766234
0,233766233766234
0,233766233766234
0,233766233766234
0,233766233766234
0,198067632850242
Gen 66
0,233766233766234
0,233766233766234
0,233766233766234
0,233766233766234
0,233766233766234
0,233766233766234
0,233766233766234
0,233766233766234
0,233766233766234
0,233766233766234
0,233766233766234
0,233766233766234
0,233766233766234
0,233766233766234
0,233766233766234
0,233766233766234
0,233766233766234
0,233766233766234
0,233766233766234
0,198067632850242
Gen 67
0,233766233766234
0,233766233766234
0,233766233766234
0,233766233766234
0,233766233766234
0,233766233766234
0,233766233766234
0,233766233766234
0,233766233766234
0,233766233766234
0,233766233766234
0,233766233766234
0,233766233766234
0,233766233766234
0,233766233766234
0,233766233766234
0,233766233766234
0,233766233766234
0,233766233766234
0,233766233766234
Gen 68
0,233766233766234
0,233766233766234
0,233766233766234
0,233766233766234
0,233766233766234
0,233766233766234
0,233766233766234
0,233766233766234
0,233766233766234
0,233766233766234
0,233766233766234
0,233766233766234
0,233766233766234
0,233766233766234
0,233766233766234
0,233766233766234
0,233766233766234
0,233766233766234
0,233766233766234
0,233766233766234
Gen 69
0,233766233766234
0,233766233766234
0,233766233766234
0,233766233766234
0,233766233766234
0,233766233766234
0,233766233766234
0,233766233766234
0,233766233766234
0,233766233766234
0,233766233766234
0,233766233766234
0,233766233766234
0,233766233766234
0,233766233766234
0,233766233766234
0,233766233766234
0,233766233766234
0,233766233766234
0,233766233766234
Gen 70
0,233766233766234
0,233766233766234
0,233766233766234
0,233766233766234
0,233766233766234
0,233766233766234
0,233766233766234
0,233766233766234
0,233766233766234
0,233766233766234
0,233766233766234
0,233766233766234
0,233766233766234
0,233766233766234
0,233766233766234
0,233766233766234
0,233766233766234
0,233766233766234
0,233766233766234
0,233766233766234
Gen 71
0,233766233766234
0,233766233766234
0,233766233766234
0,233766233766234
0,233766233766234
0,233766233766234
0,233766233766234
0,233766233766234
0,233766233766234
0,233766233766234
0,233766233766234
0,233766233766234
0,233766233766234
0,233766233766234
0,233766233766234
0,233766233766234
0,233766233766234
0,233766233766234
0,233766233766234
0,233766233766234
Gen 72
0,233766233766234
0,233766233766234
0,233766233766234
0,233766233766234
0,233766233766234
0,233766233766234
0,233766233766234
0,233766233766234
0,233766233766234
0,233766233766234
0,233766233766234
0,233766233766234
0,233766233766234
0,233766233766234
0,233766233766234
0,233766233766234
0,233766233766234
0,233766233766234
0,233766233766234
0,233766233766234
Gen 73
0,233766233766234
0,233766233766234
0,233766233766234
0,233766233766234
0,233766233766234
0,233766233766234
0,233766233766234
0,233766233766234
0,233766233766234
0,233766233766234
0,233766233766234
0,233766233766234
0,233766233766234
0,233766233766234
0,233766233766234
0,233766233766234
0,233766233766234
0,233766233766234
0,233766233766234
0,233766233766234
Gen 74
0,233766233766234
0,233766233766234
0,233766233766234
0,233766233766234
0,233766233766234
0,233766233766234
0,233766233766234
0,233766233766234
0,233766233766234
0,233766233766234
0,233766233766234
0,233766233766234
0,233766233766234
0,233766233766234
0,233766233766234
0,233766233766234
0,233766233766234
0,233766233766234
0,233766233766234
0,233766233766234
Gen 75
0,233766233766234
0,233766233766234
0,233766233766234
0,233766233766234
0,233766233766234
0,233766233766234
0,233766233766234
0,233766233766234
0,233766233766234
0,233766233766234
0,233766233766234
0,233766233766234
0,233766233766234
0,233766233766234
0,233766233766234
0,233766233766234
0,233766233766234
0,233766233766234
0,233766233766234
0
Gen 76
0,233766233766234
0,233766233766234
0,233766233766234
0,233766233766234
0,233766233766234
0,233766233766234
0,233766233766234
0,233766233766234
0,233766233766234
0,233766233766234
0,233766233766234
0,233766233766234
0,233766233766234
0,233766233766234
0,233766233766234
0,233766233766234
0,233766233766234
0,233766233766234
0,203463203463203
0
Gen 77
0,233766233766234
0,233766233766234
0,233766233766234
0,233766233766234
0,233766233766234
0,233766233766234
0,233766233766234
0,233766233766234
0,233766233766234
0,233766233766234
0,233766233766234
0,233766233766234
0,233766233766234
0,233766233766234
0,233766233766234
0,233766233766234
0,233766233766234
0,233766233766234
0,233766233766234
0,233766233766234
Gen 78
0,233766233766234
0,233766233766234
0,233766233766234
0,233766233766234
0,233766233766234
0,233766233766234
0,233766233766234
0,233766233766234
0,233766233766234
0,233766233766234
0,233766233766234
0,233766233766234
0,233766233766234
0,233766233766234
0,233766233766234
0,233766233766234
0,233766233766234
0,233766233766234
0,233766233766234
0,233766233766234
Gen 79
0,233766233766234
0,233766233766234
0,233766233766234
0,233766233766234
0,233766233766234
0,233766233766234
0,233766233766234
0,233766233766234
0,233766233766234
0,233766233766234
0,233766233766234
0,233766233766234
0,233766233766234
0,233766233766234
0,233766233766234
0,233766233766234
0,233766233766234
0,233766233766234
0
0
Gen 80
0,233766233766234
0,233766233766234
0,233766233766234
0,233766233766234
0,233766233766234
0,233766233766234
0,233766233766234
0,233766233766234
0,233766233766234
0,233766233766234
0,233766233766234
0,233766233766234
0,233766233766234
0,233766233766234
0,233766233766234
0,233766233766234
0,233766233766234
0,198067632850242
0,194805194805195
0
Gen 81
0,233766233766234
0,233766233766234
0,233766233766234
0,233766233766234
0,233766233766234
0,233766233766234
0,233766233766234
0,233766233766234
0,233766233766234
0,233766233766234
0,233766233766234
0,233766233766234
0,233766233766234
0,233766233766234
0,233766233766234
0,233766233766234
0,233766233766234
0,233766233766234
0,233766233766234
0
Gen 82
0,233766233766234
0,233766233766234
0,233766233766234
0,233766233766234
0,233766233766234
0,233766233766234
0,233766233766234
0,233766233766234
0,233766233766234
0,233766233766234
0,233766233766234
0,233766233766234
0,233766233766234
0,233766233766234
0,233766233766234
0,233766233766234
0,233766233766234
0,233766233766234
0,233766233766234
0
Gen 83
0,233766233766234
0,233766233766234
0,233766233766234
0,233766233766234
0,233766233766234
0,233766233766234
0,233766233766234
0,233766233766234
0,233766233766234
0,233766233766234
0,233766233766234
0,233766233766234
0,233766233766234
0,233766233766234
0,233766233766234
0,233766233766234
0,233766233766234
0,233766233766234
0,233766233766234
0,233766233766234
Gen 84
0,233766233766234
0,233766233766234
0,233766233766234
0,233766233766234
0,233766233766234
0,233766233766234
0,233766233766234
0,233766233766234
0,233766233766234
0,233766233766234
0,233766233766234
0,233766233766234
0,233766233766234
0,233766233766234
0,233766233766234
0,233766233766234
0,233766233766234
0,233766233766234
0,233766233766234
0
Gen 85
0,233766233766234
0,233766233766234
0,233766233766234
0,233766233766234
0,233766233766234
0,233766233766234
0,233766233766234
0,233766233766234
0,233766233766234
0,233766233766234
0,233766233766234
0,233766233766234
0,233766233766234
0,233766233766234
0,233766233766234
0,233766233766234
0,233766233766234
0,233766233766234
0,233766233766234
0,198067632850242
Gen 86
0,233766233766234
0,233766233766234
0,233766233766234
0,233766233766234
0,233766233766234
0,233766233766234
0,233766233766234
0,233766233766234
0,233766233766234
0,233766233766234
0,233766233766234
0,233766233766234
0,233766233766234
0,233766233766234
0,233766233766234
0,233766233766234
0,233766233766234
0,233766233766234
0,233766233766234
0,233766233766234
Gen 87
0,233766233766234
0,233766233766234
0,233766233766234
0,233766233766234
0,233766233766234
0,233766233766234
0,233766233766234
0,233766233766234
0,233766233766234
0,233766233766234
0,233766233766234
0,233766233766234
0,233766233766234
0,233766233766234
0,233766233766234
0,233766233766234
0,233766233766234
0,233766233766234
0,233766233766234
0,0649350649350649
Gen 88
0,233766233766234
0,233766233766234
0,233766233766234
0,233766233766234
0,233766233766234
0,233766233766234
0,233766233766234
0,233766233766234
0,233766233766234
0,233766233766234
0,233766233766234
0,233766233766234
0,233766233766234
0,233766233766234
0,233766233766234
0,233766233766234
0,233766233766234
0,233766233766234
0,233766233766234
0,233766233766234
Gen 89
0,233766233766234
0,233766233766234
0,233766233766234
0,233766233766234
0,233766233766234
0,233766233766234
0,233766233766234
0,233766233766234
0,233766233766234
0,233766233766234
0,233766233766234
0,233766233766234
0,233766233766234
0,233766233766234
0,233766233766234
0,233766233766234
0,233766233766234
0
0
0
Gen 90
0,233766233766234
0,233766233766234
0,233766233766234
0,233766233766234
0,233766233766234
0,233766233766234
0,233766233766234
0,233766233766234
0,233766233766234
0,233766233766234
0,233766233766234
0,233766233766234
0,233766233766234
0,233766233766234
0,233766233766234
0,233766233766234
0,233766233766234
0,233766233766234
0,233766233766234
0,233766233766234
Gen 91
0,233766233766234
0,233766233766234
0,233766233766234
0,233766233766234
0,233766233766234
0,233766233766234
0,233766233766234
0,233766233766234
0,233766233766234
0,233766233766234
0,233766233766234
0,233766233766234
0,233766233766234
0,233766233766234
0,233766233766234
0,233766233766234
0,233766233766234
0,233766233766234
0,233766233766234
0,233766233766234
Gen 92
0,233766233766234
0,233766233766234
0,233766233766234
0,233766233766234
0,233766233766234
0,233766233766234
0,233766233766234
0,233766233766234
0,233766233766234
0,233766233766234
0,233766233766234
0,233766233766234
0,233766233766234
0,233766233766234
0,233766233766234
0,233766233766234
0,233766233766234
0,233766233766234
0,233766233766234
0,233766233766234
Gen 93
0,233766233766234
0,233766233766234
0,233766233766234
0,233766233766234
0,233766233766234
0,233766233766234
0,233766233766234
0,233766233766234
0,233766233766234
0,233766233766234
0,233766233766234
0,233766233766234
0,233766233766234
0,233766233766234
0,233766233766234
0,233766233766234
0,233766233766234
0,233766233766234
0,233766233766234
0,233766233766234
Gen 94
0,233766233766234
0,233766233766234
0,233766233766234
0,233766233766234
0,233766233766234
0,233766233766234
0,233766233766234
0,233766233766234
0,233766233766234
0,233766233766234
0,233766233766234
0,233766233766234
0,233766233766234
0,233766233766234
0,233766233766234
0,233766233766234
0,233766233766234
0,233766233766234
0,233766233766234
0
Gen 95
0,233766233766234
0,233766233766234
0,233766233766234
0,233766233766234
0,233766233766234
0,233766233766234
0,233766233766234
0,233766233766234
0,233766233766234
0,233766233766234
0,233766233766234
0,233766233766234
0,233766233766234
0,233766233766234
0,233766233766234
0,233766233766234
0,233766233766234
0,233766233766234
0,233766233766234
0
Gen 96
0,233766233766234
0,233766233766234
0,233766233766234
0,233766233766234
0,233766233766234
0,233766233766234
0,233766233766234
0,233766233766234
0,233766233766234
0,233766233766234
0,233766233766234
0,233766233766234
0,233766233766234
0,233766233766234
0,233766233766234
0,233766233766234
0,233766233766234
0,233766233766234
0,233766233766234
0,138528138528139
