Gen 1
0,0927536231884058
0,00468749607880043
0,0187499843152017
0
0
0
Gen 2
0,0927536231884058
0,0346893782545956
0,0870057092665788
0,0470242800677583
0,00472752368404542
0
Gen 3
0,0927536231884058
0,0829654307045611
0,0927536231884058
0,0927536231884058
0,092163372859025
0,054191103582408
Gen 4
0,0927536231884058
0,0905337850555242
0,0927536231884058
0,0927536231884058
0,0927536231884058
0,0838742706568794
Gen 5
0,0927536231884058
0,0910717108977979
0,0927536231884058
0,0927536231884058
0,0927536231884058
0,0860259740259741
Gen 6
0,0927536231884058
0,0918260869565218
0,0927536231884058
0,0927536231884058
0,0927536231884058
0,0890434782608696
Gen 7
0,0927536231884058
0,0905337850555242
0,0927536231884058
0,0927536231884058
0,0927536231884058
0,0838742706568794
Gen 8
0,0927536231884058
0,0908801054018446
0,0927536231884058
0,0927536231884058
0,0927536231884058
0,0852595520421608
Gen 9
0,0927536231884058
0,0889678147939018
0,0927536231884058
0,0927536231884058
0,0927536231884058
0,0776103896103896
Gen 10
0,0927536231884058
0,0898953510257858
0,0927536231884058
0,0927536231884058
0,0927536231884058
0,0813205345379259
Gen 11
0,115942028985507
0,0892753623188406
0,0936811594202899
0,0927536231884058
0,0927536231884058
0,0779130434782609
Gen 12
0,115942028985507
0,094806700545831
0,100965932618107
0,0927536231884058
0,0927536231884058
0,0927536231884058
Gen 13
0,115942028985507
0,10094108789761
0,115942028985507
0,115942028985507
0,0961927348014305
0,0756875588179936
Gen 14
0,115942028985507
0,112157726331639
0,115942028985507
0,115942028985507
0,115942028985507
0,100804818370036
Gen 15
0,115942028985507
0,113935629587804
0,115942028985507
0,115942028985507
0,115942028985507
0,107916431394692
Gen 16
0,115942028985507
0,114488989271598
0,115942028985507
0,115942028985507
0,115942028985507
0,11012987012987
Gen 17
0,115942028985507
0,112405797101449
0,115942028985507
0,115942028985507
0,115942028985507
0,101797101449275
Gen 18
0,115942028985507
0,11343308865048
0,115942028985507
0,115942028985507
0,115942028985507
0,105906267645398
Gen 19
0,115942028985507
0,114782608695652
0,115942028985507
0,115942028985507
0,115942028985507
0,111304347826087
Gen 20
0,115942028985507
0,114782608695652
0,115942028985507
0,115942028985507
0,115942028985507
0,111304347826087
Gen 21
0,115942028985507
0,112621494447581
0,115942028985507
0,115942028985507
0,115942028985507
0,102659890833804
Gen 22
0,115942028985507
0,114782608695652
0,115942028985507
0,115942028985507
0,115942028985507
0,111304347826087
Gen 23
0,115942028985507
0,115691699604743
0,115942028985507
0,115942028985507
0,115942028985507
0,114940711462451
Gen 24
0,115942028985507
0,113805759457933
0,115942028985507
0,115942028985507
0,115942028985507
0,107396950875212
Gen 25
0,115942028985507
0,113935629587804
0,115942028985507
0,115942028985507
0,115942028985507
0,107916431394692
Gen 26
0,115942028985507
0,112776209297948
0,115942028985507
0,115942028985507
0,115942028985507
0,103278750235272
Gen 27
0,115942028985507
0,112352719744024
0,115942028985507
0,115942028985507
0,115942028985507
0,101584792019575
Gen 28
0,115942028985507
0,115691699604743
0,115942028985507
0,115942028985507
0,115942028985507
0,114940711462451
Gen 29
0,12987012987013
0,113608130999435
0,116499153020892
0,115942028985507
0,115942028985507
0,106049313005835
Gen 30
0,12987012987013
0,115493443754313
0,122070393374741
0,115942028985507
0,115942028985507
0,108019323671498
Gen 31
0,12987012987013
0,124219838132882
0,12987012987013
0,12987012987013
0,125970261622436
0,111168831168831
Gen 32
0,12987012987013
0,129596336031118
0,12987012987013
0,12987012987013
0,12987012987013
0,128774954514085
Gen 33
0,12987012987013
0,127133446263881
0,12987012987013
0,12987012987013
0,12987012987013
0,118923395445135
Gen 34
0,12987012987013
0,128571428571428
0,12987012987013
0,12987012987013
0,12987012987013
0,124675324675325
Gen 35
0,12987012987013
0,129480519480519
0,12987012987013
0,12987012987013
0,12987012987013
0,128311688311688
Gen 36
0,12987012987013
0,128484848484848
0,12987012987013
0,12987012987013
0,12987012987013
0,124329004329004
Gen 37
0,138528138528139
0,127272727272727
0,13021645021645
0,12987012987013
0,12987012987013
0,119134199134199
Gen 38
0,138528138528139
0,128571428571428
0,132294372294372
0,12987012987013
0,12987012987013
0,122251082251082
Gen 39
0,19047619047619
0,134579333709768
0,140606060606061
0,138528138528139
0,130562770562771
0,128620365142104
Gen 40
0,19047619047619
0,143939393939394
0,167619047619048
0,138528138528139
0,138528138528139
0,131082251082251
Gen 41
0,19047619047619
0,16978354978355
0,190476190476191
0,190476190476191
0,171774891774892
0,126406926406926
Gen 42
0,19047619047619
0,188571428571428
0,190476190476191
0,190476190476191
0,190476190476191
0,182857142857143
Gen 43
0,19047619047619
0,188015559319907
0,190476190476191
0,190476190476191
0,190476190476191
0,180633665851057
Gen 44
0,19047619047619
0,187184892402283
0,190476190476191
0,190476190476191
0,190476190476191
0,177310998180564
Gen 45
0,19047619047619
0,186233766233766
0,190476190476191
0,190476190476191
0,190476190476191
0,173506493506494
Gen 46
0,19047619047619
0,184052951879039
0,190476190476191
0,190476190476191
0,190476190476191
0,164783236087584
Gen 47
0,19047619047619
0,185670995670995
0,190476190476191
0,190476190476191
0,190476190476191
0,171255411255411
Gen 48
0,19047619047619
0,188484848484848
0,190476190476191
0,190476190476191
0,190476190476191
0,182510822510823
Gen 49
0,19047619047619
0,185669740887132
0,190476190476191
0,190476190476191
0,190476190476191
0,171250392119957
Gen 50
0,19047619047619
0,187662337662337
0,190476190476191
0,190476190476191
0,190476190476191
0,179220779220779
Gen 51
0,19047619047619
0,186666666666666
0,190476190476191
0,190476190476191
0,190476190476191
0,175238095238095
Gen 52
0,19047619047619
0,182609197565719
0,190476190476191
0,190476190476191
0,190476190476191
0,159008218834306
Gen 53
0,19047619047619
0,19012987012987
0,190476190476191
0,190476190476191
0,190476190476191
0,189090909090909
Gen 54
0,19047619047619
0,185714285714285
0,190476190476191
0,190476190476191
0,190476190476191
0,171428571428571
Gen 55
0,19047619047619
0,183376623376623
0,190476190476191
0,190476190476191
0,190476190476191
0,162077922077922
Gen 56
0,19047619047619
0,185990589121024
0,190476190476191
0,190476190476191
0,190476190476191
0,172533785055524
Gen 57
0,19047619047619
0,183380638684986
0,190476190476191
0,190476190476191
0,190476190476191
0,162093983311375
Gen 58
0,19047619047619
0,18443942530899
0,190476190476191
0,190476190476191
0,190476190476191
0,166329129807391
Gen 59
0,19047619047619
0,182493757450279
0,190476190476191
0,190476190476191
0,190476190476191
0,158546458372545
Gen 60
0,19047619047619
0,185824706694272
0,190476190476191
0,190476190476191
0,190476190476191
0,171870255348516
Gen 61
0,19047619047619
0,188571428571428
0,190476190476191
0,190476190476191
0,190476190476191
0,182857142857143
Gen 62
0,19047619047619
0,19012987012987
0,190476190476191
0,190476190476191
0,190476190476191
0,189090909090909
Gen 63
0,19047619047619
0,188057971014492
0,190476190476191
0,190476190476191
0,190476190476191
0,1808033126294
Gen 64
0,19047619047619
0,187619047619047
0,190476190476191
0,190476190476191
0,190476190476191
0,179047619047619
Gen 65
0,19047619047619
0,183340234644582
0,190476190476191
0,190476190476191
0,190476190476191
0,161932367149759
Gen 66
0,19047619047619
0,189766735679779
0,190476190476191
0,190476190476191
0,190476190476191
0,187638371290545
Gen 67
0,19047619047619
0,181811782420478
0,190476190476191
0,190476190476191
0,190476190476191
0,155818558253341
Gen 68
0,19047619047619
0,185504736809084
0,190476190476191
0,190476190476191
0,190476190476191
0,170590375807767
Gen 69
0,19047619047619
0,186666666666666
0,190476190476191
0,190476190476191
0,190476190476191
0,175238095238095
Gen 70
0,19047619047619
0,185074847857456
0,190476190476191
0,190476190476191
0,190476190476191
0,168870820001255
Gen 71
0,19047619047619
0,188550724637681
0,190476190476191
0,190476190476191
0,190476190476191
0,182774327122153
Gen 72
0,19047619047619
0,187072338289729
0,190476190476191
0,190476190476191
0,190476190476191
0,176860781730347
Gen 73
0,19047619047619
0,183860217077608
0,190476190476191
0,190476190476191
0,190476190476191
0,164012296881862
Gen 74
0,19047619047619
0,187940648723257
0,190476190476191
0,190476190476191
0,190476190476191
0,180334023464458
Gen 75
0,19047619047619
0,185911286780852
0,190476190476191
0,190476190476191
0,190476190476191
0,172216575694837
Gen 76
0,19047619047619
0,184718614718614
0,190476190476191
0,190476190476191
0,190476190476191
0,167445887445888
Gen 77
0,19047619047619
0,187575757575757
0,190476190476191
0,190476190476191
0,190476190476191
0,178874458874459
Gen 78
0,19047619047619
0,186968442185833
0,190476190476191
0,190476190476191
0,190476190476191
0,176445197314763
Gen 79
0,19047619047619
0,187272727272727
0,190476190476191
0,190476190476191
0,190476190476191
0,177662337662338
Gen 80
0,19047619047619
0,186099504360374
0,190476190476191
0,190476190476191
0,190476190476191
0,172969446012924
Gen 81
0,19047619047619
0,18751552795031
0,190476190476191
0,190476190476191
0,190476190476191
0,178633540372671
Gen 82
0,19047619047619
0,187748917748917
0,190476190476191
0,190476190476191
0,190476190476191
0,1795670995671
Gen 83
0,19047619047619
0,189480519480519
0,190476190476191
0,190476190476191
0,190476190476191
0,186493506493507
Gen 84
0,19047619047619
0,185954200388983
0,190476190476191
0,190476190476191
0,190476190476191
0,172388230127361
Gen 85
0,19047619047619
0,190436162870945
0,190476190476191
0,190476190476191
0,190476190476191
0,190316080055211
Gen 86
0,19047619047619
0,185497835497835
0,190476190476191
0,190476190476191
0,190476190476191
0,170562770562771
Gen 87
0,19047619047619
0,186240667545015
0,190476190476191
0,190476190476191
0,190476190476191
0,17353409875149
Gen 88
0,19047619047619
0,185520170650605
0,190476190476191
0,190476190476191
0,190476190476191
0,17065211117385
Gen 89
0,19047619047619
0,188571428571428
0,190476190476191
0,190476190476191
0,190476190476191
0,182857142857143
Gen 90
0,19047619047619
0,188614718614718
0,190476190476191
0,190476190476191
0,190476190476191
0,183030303030303
Gen 91
0,19047619047619
0,188862538427756
0,190476190476191
0,190476190476191
0,190476190476191
0,184021582282452
Gen 92
0,19047619047619
0,185757575757575
0,190476190476191
0,190476190476191
0,190476190476191
0,171601731601732
Gen 93
0,19047619047619
0,187575757575757
0,190476190476191
0,190476190476191
0,190476190476191
0,178874458874459
Gen 94
0,19047619047619
0,187632850241546
0,190476190476191
0,190476190476191
0,190476190476191
0,179102829537612
Gen 95
0,19047619047619
0,182773072338289
0,190476190476191
0,190476190476191
0,190476190476191
0,159663717924588
Gen 96
0,19047619047619
0,18777150385846
0,190476190476191
0,190476190476191
0,190476190476191
0,17965744400527
Gen 97
0,19047619047619
0,188541941150636
0,190476190476191
0,190476190476191
0,190476190476191
0,182739193173976
Gen 98
0,19047619047619
0,189547273982056
0,190476190476191
0,190476190476191
0,190476190476191
0,186760524499655
Gen 99
0,19047619047619
0,185554928163623
0,190476190476191
0,190476190476191
0,190476190476191
0,170791141225924
Gen 100
0,19047619047619
0,186666666666666
0,190476190476191
0,190476190476191
0,190476190476191
0,175238095238095
Gen 101
0,19047619047619
0,189054520358868
0,190476190476191
0,190476190476191
0,190476190476191
0,184789510006901
Gen 102
0,19047619047619
0,185757575757575
0,190476190476191
0,190476190476191
0,190476190476191
0,171601731601732
Gen 103
0,19047619047619
0,19030303030303
0,190476190476191
0,190476190476191
0,190476190476191
0,18978354978355
Gen 104
0,19047619047619
0,183187151013238
0,190476190476191
0,190476190476191
0,190476190476191
0,161320032624381
Gen 105
0,19047619047619
0,188248572683355
0,190476190476191
0,190476190476191
0,190476190476191
0,18156571930485
Gen 106
0,19047619047619
0,187052638183073
0,190476190476191
0,190476190476191
0,190476190476191
0,176781981303721
Gen 107
0,19047619047619
0,182050567789698
0,190476190476191
0,190476190476191
0,190476190476191
0,156773699730221
Gen 108
0,19047619047619
0,19030303030303
0,190476190476191
0,190476190476191
0,190476190476191
0,18978354978355
Gen 109
0,19047619047619
0,19047619047619
0,190476190476191
0,190476190476191
0,190476190476191
0,190476190476191
Gen 110
0,19047619047619
0,188247694334651
0,190476190476191
0,190476190476191
0,190476190476191
0,181562205910032
Gen 111
0,19047619047619
0,186277056277056
0,190476190476191
0,190476190476191
0,190476190476191
0,173679653679654
Gen 112
0,19047619047619
0,189547273982056
0,190476190476191
0,190476190476191
0,190476190476191
0,186760524499655
Gen 113
0,19047619047619
0,186666666666666
0,190476190476191
0,190476190476191
0,190476190476191
0,175238095238095
Gen 114
0,19047619047619
0,186597653554175
0,190476190476191
0,190476190476191
0,190476190476191
0,17496204278813
Gen 115
0,19047619047619
0,18744475814041
0,190476190476191
0,190476190476191
0,190476190476191
0,17835046113307
Gen 116
0,19047619047619
0,187181755442625
0,190476190476191
0,190476190476191
0,190476190476191
0,177298450341929
Gen 117
0,19047619047619
0,186607315389924
0,190476190476191
0,190476190476191
0,190476190476191
0,175000690131125
Gen 118
0,19047619047619
0,183566346696781
0,190476190476191
0,190476190476191
0,190476190476191
0,162836815358555
Gen 119
0,19047619047619
0,187639375117636
0,190476190476191
0,190476190476191
0,190476190476191
0,179128929041973
Gen 120
0,19047619047619
0,186154087458435
0,190476190476191
0,190476190476191
0,190476190476191
0,17318777840517
Gen 121
0,19047619047619
0,188571428571428
0,190476190476191
0,190476190476191
0,190476190476191
0,182857142857143
Gen 122
0,19047619047619
0,186777087646653
0,190476190476191
0,190476190476191
0,190476190476191
0,17567977915804
Gen 123
0,19047619047619
0,19012987012987
0,190476190476191
0,190476190476191
0,190476190476191
0,189090909090909
Gen 124
0,19047619047619
0,182567915176611
0,190476190476191
0,190476190476191
0,190476190476191
0,158843089277872
Gen 125
0,19047619047619
0,188999937260807
0,190476190476191
0,190476190476191
0,190476190476191
0,184571177614656
Gen 126
0,19047619047619
0,182960286090721
0,190476190476191
0,190476190476191
0,190476190476191
0,160412572934312
Gen 127
0,19047619047619
0,185461446765794
0,190476190476191
0,190476190476191
0,190476190476191
0,170417215634607
Gen 128
0,19047619047619
0,189953071083506
0,190476190476191
0,190476190476191
0,190476190476191
0,188383712905452
Gen 129
0,19047619047619
0,188597653554175
0,190476190476191
0,190476190476191
0,190476190476191
0,18296204278813
Gen 130
0,19047619047619
0,186913859087772
0,190476190476191
0,190476190476191
0,190476190476191
0,176226864922517
Gen 131
0,19047619047619
0,189674007152268
0,190476190476191
0,190476190476191
0,190476190476191
0,187267457180501
Gen 132
0,19047619047619
0,184761904761904
0,190476190476191
0,190476190476191
0,190476190476191
0,167619047619048
Gen 133
0,19047619047619
0,186452726017943
0,190476190476191
0,190476190476191
0,190476190476191
0,174382332643202
Gen 134
0,19047619047619
0,19047619047619
0,190476190476191
0,190476190476191
0,190476190476191
0,190476190476191
Gen 135
0,19047619047619
0,187186147186147
0,190476190476191
0,190476190476191
0,190476190476191
0,177316017316017
Gen 136
0,19047619047619
0,182058096492879
0,190476190476191
0,190476190476191
0,190476190476191
0,156803814542945
Gen 137
0,19047619047619
0,187662337662337
0,190476190476191
0,190476190476191
0,190476190476191
0,179220779220779
Gen 138
0,19047619047619
0,188102139406487
0,190476190476191
0,190476190476191
0,190476190476191
0,180979986197378
Gen 139
0,19047619047619
0,189350649350649
0,190476190476191
0,190476190476191
0,190476190476191
0,185974025974026
Gen 140
0,19047619047619
0,189480519480519
0,190476190476191
0,190476190476191
0,190476190476191
0,186493506493507
Gen 141
0,19047619047619
0,182640692640692
0,190476190476191
0,190476190476191
0,190476190476191
0,159134199134199
Gen 142
0,19047619047619
0,184653365957714
0,190476190476191
0,190476190476191
0,190476190476191
0,167184892402284
Gen 143
0,19047619047619
0,185132066001631
0,190476190476191
0,190476190476191
0,190476190476191
0,169099692577953
Gen 144
0,19047619047619
0,188521739130434
0,190476190476191
0,190476190476191
0,190476190476191
0,182658385093168
Gen 145
0,19047619047619
0,19047619047619
0,190476190476191
0,190476190476191
0,190476190476191
0,190476190476191
Gen 146
0,19047619047619
0,189046364263755
0,190476190476191
0,190476190476191
0,190476190476191
0,184756885626451
Gen 147
0,19047619047619
0,18944099378882
0,190476190476191
0,190476190476191
0,190476190476191
0,186335403726708
Gen 148
0,19047619047619
0,19047619047619
0,190476190476191
0,190476190476191
0,190476190476191
0,190476190476191
Gen 149
0,19047619047619
0,188941213375996
0,190476190476191
0,190476190476191
0,190476190476191
0,184336282075413
Gen 150
0,19047619047619
0,184741200828157
0,190476190476191
0,190476190476191
0,190476190476191
0,167536231884058
Gen 151
0,19047619047619
0,19047619047619
0,190476190476191
0,190476190476191
0,190476190476191
0,190476190476191
Gen 152
0,19047619047619
0,187536231884058
0,190476190476191
0,190476190476191
0,190476190476191
0,178716356107661
Gen 153
0,19047619047619
0,185345002823263
0,190476190476191
0,190476190476191
0,190476190476191
0,169951439864483
Gen 154
0,19047619047619
0,187575757575757
0,190476190476191
0,190476190476191
0,190476190476191
0,178874458874459
Gen 155
0,19047619047619
0,186753246753246
0,190476190476191
0,190476190476191
0,190476190476191
0,175584415584416
Gen 156
0,19047619047619
0,187892339544513
0,190476190476191
0,190476190476191
0,190476190476191
0,180140786749483
Gen 157
0,19047619047619
0,188256226864922
0,190476190476191
0,190476190476191
0,190476190476191
0,181596336031119
Gen 158
0,19047619047619
0,187142857142857
0,190476190476191
0,190476190476191
0,190476190476191
0,177142857142857
Gen 159
0,19047619047619
0,186493506493506
0,190476190476191
0,190476190476191
0,190476190476191
0,174545454545455
Gen 160
0,19047619047619
0,186626639061421
0,190476190476191
0,190476190476191
0,190476190476191
0,175077984817115
Gen 161
0,19047619047619
0,186197377501725
0,190476190476191
0,190476190476191
0,190476190476191
0,17336093857833
Gen 162
0,19047619047619
0,186073781291172
0,190476190476191
0,190476190476191
0,190476190476191
0,172866553736119
Gen 163
0,19047619047619
0,188571428571428
0,190476190476191
0,190476190476191
0,190476190476191
0,182857142857143
Gen 164
0,19047619047619
0,18639475500345
0,190476190476191
0,190476190476191
0,190476190476191
0,174150448585231
Gen 165
0,19047619047619
0,184372294372294
0,190476190476191
0,190476190476191
0,190476190476191
0,166060606060606
Gen 166
0,19047619047619
0,182615973398582
0,190476190476191
0,190476190476191
0,190476190476191
0,159035322165757
Gen 167
0,19047619047619
0,18846452098626
0,190476190476191
0,190476190476191
0,190476190476191
0,182429512516469
Gen 168
0,19047619047619
0,188051948051948
0,190476190476191
0,190476190476191
0,190476190476191
0,180779220779221
Gen 169
0,19047619047619
0,185959595959596
0,190476190476191
0,190476190476191
0,190476190476191
0,172409812409812
Gen 170
0,19047619047619
0,186666666666666
0,190476190476191
0,190476190476191
0,190476190476191
0,175238095238095
Gen 171
0,19047619047619
0,185244996549344
0,190476190476191
0,190476190476191
0,190476190476191
0,169551414768806
Gen 172
0,19047619047619
0,182207792207792
0,190476190476191
0,190476190476191
0,190476190476191
0,157402597402597
Gen 173
0,19047619047619
0,185974025974026
0,190476190476191
0,190476190476191
0,190476190476191
0,172467532467533
Gen 174
0,19047619047619
0,184925654056089
0,190476190476191
0,190476190476191
0,190476190476191
0,168274044795784
Gen 175
0,19047619047619
0,186154087458435
0,190476190476191
0,190476190476191
0,190476190476191
0,17318777840517
Gen 176
0,19047619047619
0,184732040905954
0,190476190476191
0,190476190476191
0,190476190476191
0,167499592195244
Gen 177
0,19047619047619
0,188614718614718
0,190476190476191
0,190476190476191
0,190476190476191
0,183030303030303
Gen 178
0,19047619047619
0,18802471924211
0,190476190476191
0,190476190476191
0,190476190476191
0,180670305539871
Gen 179
0,19047619047619
0,182710709580275
0,190476190476191
0,190476190476191
0,190476190476191
0,159414266892528
Gen 180
0,19047619047619
0,187149758454106
0,190476190476191
0,190476190476191
0,190476190476191
0,177170462387854
Gen 181
0,19047619047619
0,185715665976535
0,190476190476191
0,190476190476191
0,190476190476191
0,171434092477571
Gen 182
0,19047619047619
0,188275299579647
0,190476190476191
0,190476190476191
0,190476190476191
0,181672626890018
Gen 183
0,19047619047619
0,188551602986385
0,190476190476191
0,190476190476191
0,190476190476191
0,182777840516971
Gen 184
0,19047619047619
0,189656942091724
0,190476190476191
0,190476190476191
0,190476190476191
0,187199196938327
Gen 185
0,19047619047619
0,187792207792207
0,190476190476191
0,190476190476191
0,190476190476191
0,17974025974026
Gen 186
0,19047619047619
0,185757575757575
0,190476190476191
0,190476190476191
0,190476190476191
0,171601731601732
Gen 187
0,19047619047619
0,187792207792207
0,190476190476191
0,190476190476191
0,190476190476191
0,17974025974026
Gen 188
0,19047619047619
0,185670995670995
0,190476190476191
0,190476190476191
0,190476190476191
0,171255411255411
Gen 189
0,19047619047619
0,187575757575757
0,190476190476191
0,190476190476191
0,190476190476191
0,178874458874459
Gen 190
0,19047619047619
0,187099567099567
0,190476190476191
0,190476190476191
0,190476190476191
0,176969696969697
Gen 191
0,19047619047619
0,189157663592446
0,190476190476191
0,190476190476191
0,190476190476191
0,185202082941213
Gen 192
0,19047619047619
0,189003074220465
0,190476190476191
0,190476190476191
0,190476190476191
0,184583725453291
Gen 193
0,19047619047619
0,1871966873706
0,190476190476191
0,190476190476191
0,190476190476191
0,17735817805383
Gen 194
0,19047619047619
0,186753246753246
0,190476190476191
0,190476190476191
0,190476190476191
0,175584415584416
Gen 195
0,19047619047619
0,186922642574816
0,190476190476191
0,190476190476191
0,190476190476191
0,176261998870695
Gen 196
0,19047619047619
0,189480519480519
0,190476190476191
0,190476190476191
0,190476190476191
0,186493506493507
Gen 197
0,19047619047619
0,185012234142669
0,190476190476191
0,190476190476191
0,190476190476191
0,168620365142104
Gen 198
0,19047619047619
0,186181943660204
0,190476190476191
0,190476190476191
0,190476190476191
0,173299203212247
Gen 199
0,19047619047619
0,184189974276931
0,190476190476191
0,190476190476191
0,190476190476191
0,165331325679152
Gen 200
0,19047619047619
0,183237342367777
0,190476190476191
0,190476190476191
0,190476190476191
0,161520798042537
Gen 201
0,19047619047619
0,189567099567099
0,190476190476191
0,190476190476191
0,190476190476191
0,186839826839827
Gen 202
0,19047619047619
0,185301963736746
0,190476190476191
0,190476190476191
0,190476190476191
0,169779283518414
Gen 203
0,19047619047619
0,185751301838258
0,190476190476191
0,190476190476191
0,190476190476191
0,171576635924462
Gen 204
0,19047619047619
0,186143170838823
0,190476190476191
0,190476190476191
0,190476190476191
0,173144111926721
Gen 205
0,19047619047619
0,186666666666666
0,190476190476191
0,190476190476191
0,190476190476191
0,175238095238095
Gen 206
0,19047619047619
0,186406173536608
0,190476190476191
0,190476190476191
0,190476190476191
0,174196122717862
Gen 207
0,19047619047619
0,184761904761904
0,190476190476191
0,190476190476191
0,190476190476191
0,167619047619048
Gen 208
0,19047619047619
0,18652738565782
0,190476190476191
0,190476190476191
0,190476190476191
0,17468097120271
Gen 209
0,19047619047619
0,19047619047619
0,190476190476191
0,190476190476191
0,190476190476191
0,190476190476191
Gen 210
0,19047619047619
0,185670995670995
0,190476190476191
0,190476190476191
0,190476190476191
0,171255411255411
Gen 211
0,19047619047619
0,188435284522241
0,190476190476191
0,190476190476191
0,190476190476191
0,182312566660393
Gen 212
0,19047619047619
0,1866507309116
0,190476190476191
0,190476190476191
0,190476190476191
0,175174352217831
Gen 213
0,19047619047619
0,180969822448083
0,190476190476191
0,190476190476191
0,190476190476191
0,152450718363762
Gen 214
0,19047619047619
0,185485664094359
0,190476190476191
0,190476190476191
0,190476190476191
0,170514084948868
Gen 215
0,19047619047619
0,187662337662337
0,190476190476191
0,190476190476191
0,190476190476191
0,179220779220779
Gen 216
0,19047619047619
0,184415584415584
0,190476190476191
0,190476190476191
0,190476190476191
0,166233766233766
Gen 217
0,19047619047619
0,188787878787878
0,190476190476191
0,190476190476191
0,190476190476191
0,183722943722944
Gen 218
0,19047619047619
0,184454482715352
0,190476190476191
0,190476190476191
0,190476190476191
0,166389359432838
Gen 219
0,19047619047619
0,19047619047619
0,190476190476191
0,190476190476191
0,190476190476191
0,190476190476191
Gen 220
0,19047619047619
0,187369220151829
0,190476190476191
0,190476190476191
0,190476190476191
0,178048309178744
Gen 221
0,19047619047619
0,188998055085011
0,190476190476191
0,190476190476191
0,190476190476191
0,184563648911475
Gen 222
0,19047619047619
0,185525189786059
0,190476190476191
0,190476190476191
0,190476190476191
0,170672187715666
Gen 223
0,19047619047619
0,185391429826212
0,190476190476191
0,190476190476191
0,190476190476191
0,170137147876278
Gen 224
0,19047619047619
0,189567099567099
0,190476190476191
0,190476190476191
0,190476190476191
0,186839826839827
Gen 225
0,19047619047619
0,183734989648033
0,190476190476191
0,190476190476191
0,190476190476191
0,163511387163561
Gen 226
0,19047619047619
0,183933872890394
0,190476190476191
0,190476190476191
0,190476190476191
0,164306920133007
