Gen 1
0.134897360703812
0.00547239576692592
0.0218895830677037
0
0
0
Gen 2
0.290322580645161
0.0488856304985337
0.129312762973352
0.0620068851204896
0.00422287390029326
0
Gen 3
0.290322580645161
0.1362017085299
0.24058651026393
0.134897360703812
0.113782991202346
0.0555399719495091
Gen 4
0.290322580645161
0.259970674486804
0.290322580645161
0.290322580645161
0.290322580645161
0.16891495601173
Gen 5
0.290322580645161
0.28
0.290322580645161
0.290322580645161
0.290322580645161
0.249032258064516
Gen 6
0.290322580645161
0.282258064516129
0.290322580645161
0.290322580645161
0.290322580645161
0.258064516129032
Gen 7
0.290322580645161
0.279677419354838
0.290322580645161
0.290322580645161
0.290322580645161
0.247741935483871
Gen 8
0.290322580645161
0.284838709677419
0.290322580645161
0.290322580645161
0.290322580645161
0.268387096774193
Gen 9
0.290322580645161
0.282258064516129
0.290322580645161
0.290322580645161
0.290322580645161
0.258064516129032
Gen 10
0.290322580645161
0.282258064516129
0.290322580645161
0.290322580645161
0.290322580645161
0.258064516129032
Gen 11
0.290322580645161
0.28
0.290322580645161
0.290322580645161
0.290322580645161
0.249032258064516
Gen 12
0.290322580645161
0.28516129032258
0.290322580645161
0.290322580645161
0.290322580645161
0.269677419354839
Gen 13
0.967741935483871
0.291290322580645
0.31741935483871
0.290322580645161
0.290322580645161
0.267096774193548
Gen 14
0.967741935483871
0.396129032258064
0.723870967741935
0.290322580645161
0.290322580645161
0.28
Gen 15
0.967741935483871
0.76193548387097
0.967741935483872
0.967741935483872
0.832258064516129
0.28
Gen 16
0.967741935483871
0.92225806451613
0.967741935483872
0.967741935483872
0.967741935483872
0.785806451612904
Gen 17
0.967741935483871
0.958064516129033
0.967741935483872
0.967741935483872
0.967741935483872
0.929032258064517
Gen 18
0.967741935483871
0.958036465638149
0.967741935483872
0.967741935483872
0.967741935483872
0.928920056100982
Gen 19
0.967741935483871
0.948064516129033
0.967741935483872
0.967741935483872
0.967741935483872
0.889032258064517
Gen 20
0.967741935483871
0.957910238429173
0.967741935483872
0.967741935483872
0.967741935483872
0.928415147265078
Gen 21
0.967741935483871
0.938709677419356
0.967741935483872
0.967741935483872
0.967741935483872
0.851612903225807
Gen 22
0.967741935483871
0.966591865357645
0.967741935483872
0.967741935483872
0.967741935483872
0.963141654978963
Gen 23
0.967741935483871
0.958064516129033
0.967741935483872
0.967741935483872
0.967741935483872
0.929032258064517
Gen 24
0.967741935483871
0.967741935483872
0.967741935483872
0.967741935483872
0.967741935483872
0.967741935483872
Gen 25
0.967741935483871
0.929032258064517
0.967741935483872
0.967741935483872
0.967741935483872
0.812903225806452
Gen 26
0.967741935483871
0.958064516129033
0.967741935483872
0.967741935483872
0.967741935483872
0.929032258064517
Gen 27
0.967741935483871
0.934516129032259
0.967741935483872
0.967741935483872
0.967741935483872
0.83483870967742
Gen 28
0.967741935483871
0.948064516129033
0.967741935483872
0.967741935483872
0.967741935483872
0.889032258064517
Gen 29
0.967741935483871
0.929032258064517
0.967741935483872
0.967741935483872
0.967741935483872
0.812903225806452
Gen 30
0.967741935483871
0.967587657784012
0.967741935483872
0.967741935483872
0.967741935483872
0.967124824684433
Gen 31
0.967741935483871
0.948064516129033
0.967741935483872
0.967741935483872
0.967741935483872
0.889032258064517
Gen 32
0.967741935483871
0.967741935483872
0.967741935483872
0.967741935483872
0.967741935483872
0.967741935483872
Gen 33
0.967741935483871
0.958036465638149
0.967741935483872
0.967741935483872
0.967741935483872
0.928920056100982
Gen 34
0.967741935483871
0.950981767180926
0.967741935483872
0.967741935483872
0.967741935483872
0.90070126227209
Gen 35
0.967741935483871
0.956844319775597
0.967741935483872
0.967741935483872
0.967741935483872
0.924151472650772
Gen 36
0.967741935483871
0.919032258064517
0.967741935483872
0.967741935483872
0.967741935483872
0.772903225806452
Gen 37
0.967741935483871
0.949237536656892
0.967741935483872
0.967741935483872
0.967741935483872
0.893724340175954
Gen 38
0.967741935483871
0.948709677419356
0.967741935483872
0.967741935483872
0.967741935483872
0.891612903225807
Gen 39
0.967741935483871
0.967615708274896
0.967741935483872
0.967741935483872
0.967741935483872
0.967237026647967
Gen 40
0.967741935483871
0.948387096774194
0.967741935483872
0.967741935483872
0.967741935483872
0.890322580645162
Gen 41
0.967741935483871
0.958064516129033
0.967741935483872
0.967741935483872
0.967741935483872
0.929032258064517
Gen 42
0.967741935483871
0.958064516129033
0.967741935483872
0.967741935483872
0.967741935483872
0.929032258064517
Gen 43
0.967741935483871
0.948387096774194
0.967741935483872
0.967741935483872
0.967741935483872
0.890322580645162
Gen 44
0.967741935483871
0.96741935483871
0.967741935483872
0.967741935483872
0.967741935483872
0.966451612903226
Gen 45
0.967741935483871
0.938064516129033
0.967741935483872
0.967741935483872
0.967741935483872
0.849032258064516
Gen 46
0.967741935483871
0.957755960729313
0.967741935483872
0.967741935483872
0.967741935483872
0.927798036465639
Gen 47
0.967741935483871
0.967741935483872
0.967741935483872
0.967741935483872
0.967741935483872
0.967741935483872
Gen 48
0.967741935483871
0.958064516129033
0.967741935483872
0.967741935483872
0.967741935483872
0.929032258064517
Gen 49
0.967741935483871
0.958022440392708
0.967741935483872
0.967741935483872
0.967741935483872
0.928863955119215
Gen 50
0.967741935483871
0.967741935483872
0.967741935483872
0.967741935483872
0.967741935483872
0.967741935483872
Gen 51
0.967741935483871
0.958064516129033
0.967741935483872
0.967741935483872
0.967741935483872
0.929032258064517
Gen 52
0.967741935483871
0.958064516129033
0.967741935483872
0.967741935483872
0.967741935483872
0.929032258064517
Gen 53
0.967741935483871
0.967741935483872
0.967741935483872
0.967741935483872
0.967741935483872
0.967741935483872
Gen 54
0.967741935483871
0.967741935483872
0.967741935483872
0.967741935483872
0.967741935483872
0.967741935483872
Gen 55
0.967741935483871
0.928973607038124
0.967741935483872
0.967741935483872
0.967741935483872
0.81266862170088
Gen 56
0.967741935483871
0.94850439882698
0.967741935483872
0.967741935483872
0.967741935483872
0.890791788856306
Gen 57
0.967741935483871
0.960645161290323
0.967741935483872
0.967741935483872
0.967741935483872
0.939354838709678
Gen 58
0.967741935483871
0.962889200561011
0.967741935483872
0.967741935483872
0.967741935483872
0.948330995792427
Gen 59
0.967741935483871
0.937279102384292
0.967741935483872
0.967741935483872
0.967741935483872
0.845890603085554
Gen 60
0.967741935483871
0.948387096774194
0.967741935483872
0.967741935483872
0.967741935483872
0.890322580645162
Gen 61
0.967741935483871
0.951486676016831
0.967741935483872
0.967741935483872
0.967741935483872
0.902720897615709
Gen 62
0.967741935483871
0.948387096774194
0.967741935483872
0.967741935483872
0.967741935483872
0.890322580645162
Gen 63
0.967741935483871
0.938709677419356
0.967741935483872
0.967741935483872
0.967741935483872
0.851612903225807
Gen 64
0.967741935483871
0.938709677419356
0.967741935483872
0.967741935483872
0.967741935483872
0.851612903225807
Gen 65
0.967741935483871
0.958064516129033
0.967741935483872
0.967741935483872
0.967741935483872
0.929032258064517
Gen 66
0.967741935483871
0.96741935483871
0.967741935483872
0.967741935483872
0.967741935483872
0.966451612903226
Gen 67
0.967741935483871
0.948064516129033
0.967741935483872
0.967741935483872
0.967741935483872
0.889032258064517
Gen 68
0.967741935483871
0.938709677419356
0.967741935483872
0.967741935483872
0.967741935483872
0.851612903225807
Gen 69
0.967741935483871
0.938709677419356
0.967741935483872
0.967741935483872
0.967741935483872
0.851612903225807
Gen 70
0.967741935483871
0.957741935483872
0.967741935483872
0.967741935483872
0.967741935483872
0.927741935483871
Gen 71
0.967741935483871
0.938681626928472
0.967741935483872
0.967741935483872
0.967741935483872
0.851500701262273
Gen 72
0.967741935483871
0.951290322580646
0.967741935483872
0.967741935483872
0.967741935483872
0.901935483870968
Gen 73
0.967741935483871
0.946774193548388
0.967741935483872
0.967741935483872
0.967741935483872
0.883870967741936
Gen 74
0.967741935483871
0.924389901823283
0.967741935483872
0.967741935483872
0.967741935483872
0.794333800841515
Gen 75
0.967741935483871
0.92741935483871
0.967741935483872
0.967741935483872
0.967741935483872
0.806451612903226
Gen 76
0.967741935483871
0.963548387096775
0.967741935483872
0.967741935483872
0.967741935483872
0.950967741935484
Gen 77
0.967741935483871
0.956129032258065
0.967741935483872
0.967741935483872
0.967741935483872
0.921290322580646
Gen 78
0.967741935483871
0.95741935483871
0.967741935483872
0.967741935483872
0.967741935483872
0.926451612903226
Gen 79
0.967741935483871
0.955806451612904
0.967741935483872
0.967741935483872
0.967741935483872
0.920000000000001
Gen 80
0.967741935483871
0.957741935483872
0.967741935483872
0.967741935483872
0.967741935483872
0.927741935483871
Gen 81
0.967741935483871
0.948260869565218
0.967741935483872
0.967741935483872
0.967741935483872
0.889817671809257
