Gen 1
0.121212121212121
0.00640905953949432
0.0256362381579773
0
0
0
Gen 2
0.121212121212121
0.0388576447706882
0.0908036890645586
0.0538909592822636
0.0107359307359307
0
Gen 3
0.121212121212121
0.08125064307673
0.107878787878788
0.0909090909090909
0.0851195181629964
0.0410951753560449
Gen 4
0.121212121212121
0.108008658008658
0.121212121212121
0.121212121212121
0.106839826839827
0.0827705627705627
Gen 5
0.181818181818182
0.11987012987013
0.123636363636364
0.121212121212121
0.121212121212121
0.113419913419913
Gen 6
0.181818181818182
0.121760963674007
0.140606060606061
0.121212121212121
0.121212121212121
0.104013551665726
Gen 7
0.181818181818182
0.154329004329004
0.181818181818182
0.181818181818182
0.135757575757576
0.117922077922078
Gen 8
0.181818181818182
0.178095238095238
0.181818181818182
0.181818181818182
0.181818181818182
0.166926406926407
Gen 9
0.181818181818182
0.176652613087396
0.181818181818182
0.181818181818182
0.181818181818182
0.161155906895037
Gen 10
0.181818181818182
0.177662337662338
0.181818181818182
0.181818181818182
0.181818181818182
0.165194805194805
Gen 11
0.181818181818182
0.177662337662338
0.181818181818182
0.181818181818182
0.181818181818182
0.165194805194805
Gen 12
0.199134199134199
0.180649350649351
0.182510822510822
0.181818181818182
0.181818181818182
0.176450216450216
Gen 13
0.199134199134199
0.18004329004329
0.188051948051948
0.181818181818182
0.181818181818182
0.168484848484848
Gen 14
0.199134199134199
0.184069264069264
0.199134199134199
0.199134199134199
0.185281385281385
0.152727272727273
Gen 15
0.199134199134199
0.192943722943723
0.199134199134199
0.199134199134199
0.199134199134199
0.174372294372294
Gen 16
0.199134199134199
0.194088964175921
0.199134199134199
0.199134199134199
0.199134199134199
0.178953259301085
Gen 17
0.199134199134199
0.193852813852814
0.199134199134199
0.199134199134199
0.199134199134199
0.178008658008658
Gen 18
0.199134199134199
0.198008658008658
0.199134199134199
0.199134199134199
0.199134199134199
0.194632034632035
Gen 19
0.199134199134199
0.191645021645022
0.199134199134199
0.199134199134199
0.199134199134199
0.169177489177489
Gen 20
0.199134199134199
0.198303030303031
0.199134199134199
0.199134199134199
0.199134199134199
0.195809523809524
Gen 21
0.199134199134199
0.194329004329005
0.199134199134199
0.199134199134199
0.199134199134199
0.17991341991342
Gen 22
0.199134199134199
0.192813852813853
0.199134199134199
0.199134199134199
0.199134199134199
0.173852813852814
Gen 23
0.199134199134199
0.190813852813853
0.199134199134199
0.199134199134199
0.199134199134199
0.165852813852814
Gen 24
0.199134199134199
0.198635798983625
0.199134199134199
0.199134199134199
0.199134199134199
0.197140598531903
Gen 25
0.199134199134199
0.191226802183324
0.199134199134199
0.199134199134199
0.199134199134199
0.167504611330698
Gen 26
0.199134199134199
0.195151515151515
0.199134199134199
0.199134199134199
0.199134199134199
0.183203463203463
Gen 27
0.199134199134199
0.191298701298702
0.199134199134199
0.199134199134199
0.199134199134199
0.167792207792208
Gen 28
0.199134199134199
0.197012987012987
0.199134199134199
0.199134199134199
0.199134199134199
0.190649350649351
Gen 29
0.199134199134199
0.194978354978355
0.199134199134199
0.199134199134199
0.199134199134199
0.182510822510823
Gen 30
0.231884057971015
0.194656502917373
0.200790513833992
0.199134199134199
0.199134199134199
0.1795670995671
Gen 31
0.231884057971015
0.196304159608508
0.209493694711086
0.199134199134199
0.199134199134199
0.177454545454546
Gen 32
0.231884057971015
0.210427253905515
0.231884057971015
0.226102013928101
0.205714285714286
0.178008658008658
Gen 33
0.231884057971015
0.223591567852437
0.231884057971015
0.231884057971015
0.231884057971015
0.198714097496706
Gen 34
0.231884057971015
0.230103519668737
0.231884057971015
0.231884057971015
0.231884057971015
0.224761904761905
Gen 35
0.231884057971015
0.231469979296066
0.231884057971015
0.231884057971015
0.231884057971015
0.230227743271222
Gen 36
0.231884057971015
0.227817428947864
0.231884057971015
0.231884057971015
0.231884057971015
0.215617541878412
Gen 37
0.231884057971015
0.226851119894598
0.231884057971015
0.231884057971015
0.231884057971015
0.211752305665349
Gen 38
0.231884057971015
0.223233578016187
0.231884057971015
0.231884057971015
0.231884057971015
0.197282138151703
Gen 39
0.231884057971015
0.224647092038396
0.231884057971015
0.231884057971015
0.231884057971015
0.202936194240542
Gen 40
0.231884057971015
0.227568228872577
0.231884057971015
0.231884057971015
0.231884057971015
0.214620741577263
Gen 41
0.231884057971015
0.229635610766046
0.231884057971015
0.231884057971015
0.231884057971015
0.222890269151139
Gen 42
0.231884057971015
0.229064558629776
0.231884057971015
0.231884057971015
0.231884057971015
0.220606060606061
Gen 43
0.231884057971015
0.22871259175607
0.231884057971015
0.231884057971015
0.231884057971015
0.219198193111237
Gen 44
0.231884057971015
0.227741389045737
0.231884057971015
0.231884057971015
0.231884057971015
0.215313382269904
Gen 45
0.231884057971015
0.22911801242236
0.231884057971015
0.231884057971015
0.231884057971015
0.220819875776398
Gen 46
0.231884057971015
0.227457180500659
0.231884057971015
0.231884057971015
0.231884057971015
0.214176548089592
Gen 47
0.231884057971015
0.227605119518163
0.231884057971015
0.231884057971015
0.231884057971015
0.214768304159609
Gen 48
0.231884057971015
0.226418219461698
0.231884057971015
0.231884057971015
0.231884057971015
0.210020703933747
Gen 49
0.231884057971015
0.226745718050066
0.231884057971015
0.231884057971015
0.231884057971015
0.21133069828722
Gen 50
0.231884057971015
0.22407491059665
0.231884057971015
0.231884057971015
0.231884057971015
0.200647468473555
Gen 51
0.231884057971015
0.229565217391304
0.231884057971015
0.231884057971015
0.231884057971015
0.222608695652174
Gen 52
0.231884057971015
0.223084886128364
0.231884057971015
0.231884057971015
0.231884057971015
0.196687370600414
Gen 53
0.231884057971015
0.230939958592133
0.231884057971015
0.231884057971015
0.231884057971015
0.228107660455487
Gen 54
0.231884057971015
0.229577639751553
0.231884057971015
0.231884057971015
0.231884057971015
0.222658385093168
Gen 55
0.322705314009662
0.228746721877157
0.23551690821256
0.231884057971015
0.231884057971015
0.215701863354037
Gen 56
0.322705314009662
0.231033816425121
0.239149758454106
0.231884057971015
0.231884057971015
0.221217391304348
Gen 57
0.322705314009662
0.234455862977602
0.264579710144928
0.231884057971015
0.231884057971015
0.209475625823452
Gen 58
0.322705314009662
0.278289855072464
0.322705314009662
0.322705314009662
0.275478260869565
0.192270531400966
Gen 59
0.363285024154589
0.310863667733232
0.324328502415459
0.322705314009662
0.322705314009662
0.273715540498149
Gen 60
0.363285024154589
0.304951377125289
0.332444444444444
0.322705314009662
0.322705314009662
0.241950436037393
Gen 61
0.363285024154589
0.325566597653553
0.36328502415459
0.337314009661836
0.322705314009662
0.27896204278813
Gen 62
0.363285024154589
0.350507183637618
0.36328502415459
0.36328502415459
0.36328502415459
0.312173662086706
Gen 63
0.363285024154589
0.338893908024343
0.36328502415459
0.36328502415459
0.36328502415459
0.265720559633603
Gen 64
0.363285024154589
0.35726369282891
0.36328502415459
0.36328502415459
0.36328502415459
0.339199698851873
Gen 65
0.363285024154589
0.355778781604868
0.36328502415459
0.36328502415459
0.36328502415459
0.333260053955706
Gen 66
0.363285024154589
0.356223100570927
0.36328502415459
0.36328502415459
0.36328502415459
0.335037329819939
Gen 67
0.363285024154589
0.353411129932869
0.36328502415459
0.36328502415459
0.36328502415459
0.323789447267708
Gen 68
0.363285024154589
0.360128364389234
0.36328502415459
0.36328502415459
0.36328502415459
0.350658385093168
Gen 69
0.363285024154589
0.353188531275488
0.36328502415459
0.36328502415459
0.36328502415459
0.322899052638183
Gen 70
0.363285024154589
0.352593136332267
0.36328502415459
0.36328502415459
0.36328502415459
0.320517472865299
Gen 71
0.363285024154589
0.357018508061986
0.36328502415459
0.36328502415459
0.36328502415459
0.338218959784177
Gen 72
0.363285024154589
0.348824016563147
0.36328502415459
0.36328502415459
0.36328502415459
0.30544099378882
Gen 73
0.363285024154589
0.350042913608131
0.36328502415459
0.36328502415459
0.36328502415459
0.310316581968756
Gen 74
0.363285024154589
0.3526930171278
0.36328502415459
0.36328502415459
0.36328502415459
0.320916996047431
Gen 75
0.363285024154589
0.353232825145868
0.36328502415459
0.36328502415459
0.36328502415459
0.323076228119706
Gen 76
0.363285024154589
0.355766610201393
0.36328502415459
0.36328502415459
0.36328502415459
0.333211368341803
Gen 77
0.363285024154589
0.359383399209486
0.36328502415459
0.36328502415459
0.36328502415459
0.347678524374177
Gen 78
0.363285024154589
0.355504987765857
0.36328502415459
0.36328502415459
0.36328502415459
0.332164878599661
Gen 79
0.363285024154589
0.354699416525503
0.36328502415459
0.36328502415459
0.36328502415459
0.328942593638246
Gen 80
0.363285024154589
0.34039751552795
0.36328502415459
0.36328502415459
0.36328502415459
0.271734989648033
Gen 81
0.363285024154589
0.337185394315829
0.36328502415459
0.36328502415459
0.36328502415459
0.258886504799548
Gen 82
0.363285024154589
0.348324236150323
0.36328502415459
0.36328502415459
0.36328502415459
0.303441872137524
Gen 83
0.363285024154589
0.351047995482778
0.36328502415459
0.36328502415459
0.36328502415459
0.314336909467344
Gen 84
0.363285024154589
0.355526570048309
0.36328502415459
0.36328502415459
0.36328502415459
0.332251207729469
Gen 85
0.363285024154589
0.352764790764791
0.36328502415459
0.36328502415459
0.36328502415459
0.321204090595395
Gen 86
0.363285024154589
0.350495765104461
0.36328502415459
0.36328502415459
0.36328502415459
0.312127987954075
Gen 87
0.363285024154589
0.349757826714348
0.36328502415459
0.36328502415459
0.36328502415459
0.309176234393626
Gen 88
0.363285024154589
0.360048811092289
0.36328502415459
0.36328502415459
0.36328502415459
0.350340171905389
Gen 89
0.363285024154589
0.353515527950311
0.36328502415459
0.36328502415459
0.36328502415459
0.324207039337474
Gen 90
0.363285024154589
0.336623502101763
0.36328502415459
0.36328502415459
0.36328502415459
0.256638935943284
Gen 91
0.363285024154589
0.357451408494887
0.36328502415459
0.36328502415459
0.36328502415459
0.339950561515779
Gen 92
0.363285024154589
0.351270217705
0.36328502415459
0.36328502415459
0.36328502415459
0.315225798356233
Gen 93
0.363285024154589
0.347596085074346
0.36328502415459
0.36328502415459
0.36328502415459
0.300529267833616
Gen 94
0.363285024154589
0.358208670556497
0.36328502415459
0.36328502415459
0.36328502415459
0.342979609762219
Gen 95
0.363285024154589
0.358338164251208
0.36328502415459
0.36328502415459
0.36328502415459
0.343497584541063
Gen 96
0.363285024154589
0.352089717046239
0.36328502415459
0.36328502415459
0.36328502415459
0.318503795721187
Gen 97
0.363285024154589
0.350062739193174
0.36328502415459
0.36328502415459
0.36328502415459
0.310395884308928
Gen 98
0.363636363636364
0.357601355166572
0.36329907773386
0.36328502415459
0.36328502415459
0.340536294623251
Gen 99
0.363636363636364
0.339939017504235
0.363537988581467
0.36328502415459
0.36328502415459
0.269648033126294
Gen 100
0.363636363636364
0.351177489177489
0.363636363636364
0.363636363636364
0.363636363636364
0.313800865800866
Gen 101
0.363636363636364
0.343376874333396
0.363636363636364
0.363636363636364
0.363636363636364
0.282598406424493
Gen 102
0.363636363636364
0.356557751427317
0.363636363636364
0.363636363636364
0.363636363636364
0.335321914800176
Gen 103
0.363636363636364
0.357564464520986
0.363636363636364
0.363636363636364
0.363636363636364
0.339348767174854
Gen 104
0.363636363636364
0.339894598155468
0.363636363636364
0.363636363636364
0.363636363636364
0.26866930171278
Gen 105
0.363636363636364
0.348571428571429
0.363636363636364
0.363636363636364
0.363636363636364
0.303376623376623
Gen 106
0.363636363636364
0.352419223288788
0.363636363636364
0.363636363636364
0.363636363636364
0.318767802246063
Gen 107
0.363636363636364
0.345071710897798
0.363636363636364
0.363636363636364
0.363636363636364
0.2893777526821
Gen 108
0.363636363636364
0.352318966058096
0.363636363636364
0.363636363636364
0.363636363636364
0.318366773323295
Gen 109
0.363636363636364
0.346456992283079
0.363636363636364
0.363636363636364
0.363636363636364
0.294918878223226
Gen 110
0.363636363636364
0.361904761904762
0.363636363636364
0.363636363636364
0.363636363636364
0.356709956709957
Gen 111
0.363636363636364
0.361018131626827
0.363636363636364
0.363636363636364
0.363636363636364
0.353163435598218
Gen 112
0.363636363636364
0.35483355292051
0.363636363636364
0.363636363636364
0.363636363636364
0.328425120772947
Gen 113
0.363636363636364
0.356043541000063
0.363636363636364
0.363636363636364
0.363636363636364
0.33326507309116
Gen 114
0.363636363636364
0.351340736558128
0.363636363636364
0.363636363636364
0.363636363636364
0.31445385532342
Gen 115
0.363636363636364
0.349395821569735
0.363636363636364
0.363636363636364
0.363636363636364
0.306674195369847
Gen 116
0.364251207729469
0.349108099629839
0.363660957400088
0.363636363636364
0.363636363636364
0.30549871384654
Gen 117
0.364251207729469
0.359263567350524
0.363980676328502
0.363636363636364
0.363636363636364
0.345800865800866
Gen 118
0.364251207729469
0.351890457368718
0.364251207729469
0.364251207729469
0.364054457619675
0.315004956396261
Gen 119
0.364251207729469
0.357884057971014
0.364251207729469
0.364251207729469
0.364251207729469
0.338782608695652
Gen 120
0.364251207729469
0.360653365957713
0.364251207729469
0.364251207729469
0.364251207729469
0.349859840642449
Gen 121
0.364251207729469
0.355384403036576
0.364251207729469
0.364251207729469
0.364251207729469
0.328783988957902
Gen 122
0.364251207729469
0.345327561327561
0.364251207729469
0.364251207729469
0.364251207729469
0.28855662212184
Gen 123
0.364251207729469
0.348150197628458
0.364251207729469
0.364251207729469
0.364251207729469
0.299847167325428
Gen 124
0.364251207729469
0.347629462325114
0.364251207729469
0.364251207729469
0.364251207729469
0.297764226112052
Gen 125
0.364251207729469
0.355694209172469
0.364251207729469
0.364251207729469
0.364251207729469
0.330023213501474
Gen 126
0.364251207729469
0.357742643829599
0.364251207729469
0.364251207729469
0.364251207729469
0.338216952129996
Gen 127
0.364251207729469
0.349787816048685
0.364251207729469
0.364251207729469
0.364251207729469
0.306397641006337
Gen 128
0.385281385281385
0.354703306355479
0.365092414831545
0.364251207729469
0.364251207729469
0.325218395131439
Gen 129
0.385281385281385
0.355873894221719
0.375186900056465
0.364251207729469
0.364251207729469
0.319806261371479
Gen 130
0.385281385281385
0.373220277307233
0.385281385281385
0.385281385281385
0.381075349771002
0.341242988895163
Gen 131
0.385281385281385
0.370497019888324
0.385281385281385
0.385281385281385
0.385281385281385
0.326143923709141
Gen 132
0.385281385281385
0.382073781291173
0.385281385281385
0.385281385281385
0.385281385281385
0.372450969320535
Gen 133
0.385281385281385
0.376246941464333
0.385281385281385
0.385281385281385
0.385281385281385
0.349143610013175
Gen 134
0.385281385281385
0.37459301085388
0.385281385281385
0.385281385281385
0.385281385281385
0.342527887571366
Gen 135
0.385281385281385
0.378350712089842
0.385281385281385
0.385281385281385
0.385281385281385
0.357558692515214
Gen 136
0.385281385281385
0.375974025974026
0.385281385281385
0.385281385281385
0.385281385281385
0.348051948051948
Gen 137
0.385281385281385
0.375569985569986
0.385281385281385
0.385281385281385
0.385281385281385
0.346435786435787
Gen 138
0.385281385281385
0.362811845159671
0.385281385281385
0.385281385281385
0.385281385281385
0.295403224794529
Gen 139
0.385281385281385
0.367920070267896
0.385281385281385
0.385281385281385
0.385281385281385
0.31583612522743
Gen 140
0.385281385281385
0.375068699416525
0.385281385281385
0.385281385281385
0.385281385281385
0.344430641821946
Gen 141
0.385281385281385
0.374825898738942
0.385281385281385
0.385281385281385
0.385281385281385
0.343459439111613
Gen 142
0.385281385281385
0.356621494447581
0.385281385281385
0.385281385281385
0.385281385281385
0.27064182194617
Gen 143
0.385281385281385
0.371351527699354
0.385281385281385
0.385281385281385
0.385281385281385
0.329561954953259
Gen 144
0.385281385281385
0.371298701298701
0.385281385281385
0.385281385281385
0.385281385281385
0.329350649350649
Gen 145
0.385281385281385
0.368350837568229
0.385281385281385
0.385281385281385
0.385281385281385
0.31755919442876
Gen 146
0.385281385281385
0.376662525879917
0.385281385281385
0.385281385281385
0.385281385281385
0.350805947675513
Gen 147
0.385281385281385
0.371395194177803
0.385281385281385
0.385281385281385
0.385281385281385
0.329736620867056
Gen 148
0.385281385281385
0.373463203463203
0.385281385281385
0.385281385281385
0.385281385281385
0.338008658008658
Gen 149
0.385281385281385
0.380496894409938
0.385281385281385
0.385281385281385
0.385281385281385
0.366143421795596
Gen 150
0.385281385281385
0.373567476002258
0.385281385281385
0.385281385281385
0.385281385281385
0.338425748164879
Gen 151
0.385281385281385
0.382075914423741
0.385281385281385
0.385281385281385
0.385281385281385
0.372459501850806
Gen 152
0.385281385281385
0.375994353472614
0.385281385281385
0.385281385281385
0.385281385281385
0.348133258046302
Gen 153
0.385281385281385
0.364787753309492
0.385281385281385
0.385281385281385
0.385281385281385
0.303306857393814
Gen 154
0.385281385281385
0.373665098186837
0.385281385281385
0.385281385281385
0.385281385281385
0.338816236903194
Gen 155
0.385281385281385
0.380562770562771
0.385281385281385
0.385281385281385
0.385281385281385
0.366406926406927
Gen 156
0.385281385281385
0.371802371541502
0.385281385281385
0.385281385281385
0.385281385281385
0.331365330321852
Gen 157
0.385281385281385
0.378354978354978
0.385281385281385
0.385281385281385
0.385281385281385
0.357575757575758
Gen 158
0.385281385281385
0.378268398268398
0.385281385281385
0.385281385281385
0.385281385281385
0.357229437229437
Gen 159
0.385281385281385
0.375896480331263
0.385281385281385
0.385281385281385
0.385281385281385
0.347741765480896
Gen 160
0.385281385281385
0.377012987012987
0.385281385281385
0.385281385281385
0.385281385281385
0.352207792207792
Gen 161
0.385281385281385
0.382294372294372
0.385281385281385
0.385281385281385
0.385281385281385
0.373333333333333
Gen 162
0.385281385281385
0.378528138528139
0.385281385281385
0.385281385281385
0.385281385281385
0.358268398268398
Gen 163
0.385281385281385
0.377489177489177
0.385281385281385
0.385281385281385
0.385281385281385
0.354112554112554
Gen 164
0.385281385281385
0.382683982683983
0.385281385281385
0.385281385281385
0.385281385281385
0.374891774891775
Gen 165
0.385281385281385
0.362524374176548
0.385281385281385
0.385281385281385
0.385281385281385
0.294253340862037
Gen 166
0.385281385281385
0.368095238095238
0.385281385281385
0.385281385281385
0.385281385281385
0.316536796536797
Gen 167
0.385281385281385
0.360089466089466
0.385281385281385
0.385281385281385
0.385281385281385
0.284513708513709
Gen 168
0.385281385281385
0.380476190476191
0.385281385281385
0.385281385281385
0.385281385281385
0.366060606060606
Gen 169
0.385281385281385
0.358184453227931
0.385281385281385
0.385281385281385
0.385281385281385
0.27689365706757
Gen 170
0.385281385281385
0.371198569546396
0.385281385281385
0.385281385281385
0.385281385281385
0.328950122341427
Gen 171
0.385281385281385
0.373556308425874
0.385281385281385
0.385281385281385
0.385281385281385
0.338381077859339
Gen 172
0.385281385281385
0.371471861471861
0.385281385281385
0.385281385281385
0.385281385281385
0.33004329004329
Gen 173
0.385281385281385
0.381645021645022
0.385281385281385
0.385281385281385
0.385281385281385
0.370735930735931
Gen 174
0.385281385281385
0.384964803312629
0.385281385281385
0.385281385281385
0.385281385281385
0.384015057406362
Gen 175
0.385281385281385
0.365306230001882
0.385281385281385
0.385281385281385
0.385281385281385
0.305380764163373
Gen 176
0.385281385281385
0.375828345567476
0.385281385281385
0.385281385281385
0.385281385281385
0.347469226425748
Gen 177
0.385281385281385
0.366715728715729
0.385281385281385
0.385281385281385
0.385281385281385
0.311018759018759
Gen 178
0.385281385281385
0.366047932743585
0.385281385281385
0.385281385281385
0.385281385281385
0.308347575130184
Gen 179
0.385281385281385
0.36
0.385281385281385
0.385281385281385
0.385281385281385
0.284155844155844
Gen 180
0.385281385281385
0.373296066252588
0.385281385281385
0.385281385281385
0.385281385281385
0.337340109166196
Gen 181
0.385281385281385
0.372062111801242
0.385281385281385
0.385281385281385
0.385281385281385
0.332404291360813
Gen 182
0.385281385281385
0.373636363636364
0.385281385281385
0.385281385281385
0.385281385281385
0.338701298701299
Gen 183
0.385281385281385
0.377365455800238
0.385281385281385
0.385281385281385
0.385281385281385
0.353617667356798
Gen 184
0.385281385281385
0.370869565217391
0.385281385281385
0.385281385281385
0.385281385281385
0.32763410502541
Gen 185
0.385281385281385
0.371319405232449
0.385281385281385
0.385281385281385
0.385281385281385
0.329433465085639
Gen 186
0.385281385281385
0.378317836752619
0.385281385281385
0.385281385281385
0.385281385281385
0.357427191166322
Gen 187
0.385281385281385
0.36969696969697
0.385281385281385
0.385281385281385
0.385281385281385
0.322943722943723
Gen 188
0.385281385281385
0.373834494008407
0.385281385281385
0.385281385281385
0.385281385281385
0.339493820189472
Gen 189
0.385281385281385
0.381840516970952
0.385281385281385
0.385281385281385
0.385281385281385
0.371517912039651
Gen 190
0.385281385281385
0.37025974025974
0.385281385281385
0.385281385281385
0.385281385281385
0.325194805194805
Gen 191
0.385281385281385
0.38008658008658
0.385281385281385
0.385281385281385
0.385281385281385
0.364502164502165
Gen 192
0.385281385281385
0.373406361754188
0.385281385281385
0.385281385281385
0.385281385281385
0.337781291172596
Gen 193
0.385281385281385
0.374728652989522
0.385281385281385
0.385281385281385
0.385281385281385
0.343070456113935
Gen 194
0.385281385281385
0.375980048936571
0.385281385281385
0.385281385281385
0.385281385281385
0.348076039902127
Gen 195
0.385281385281385
0.373093795093795
0.385281385281385
0.385281385281385
0.385281385281385
0.336531024531025
Gen 196
0.385281385281385
0.377178743961353
0.385281385281385
0.385281385281385
0.385281385281385
0.352870820001255
Gen 197
0.385281385281385
0.379450655624569
0.385281385281385
0.385281385281385
0.385281385281385
0.361958466654119
Gen 198
0.385281385281385
0.370627517410126
0.385281385281385
0.385281385281385
0.385281385281385
0.326665913796349
Gen 199
0.385281385281385
0.365746910094736
0.385281385281385
0.385281385281385
0.385281385281385
0.307143484534789
Gen 200
0.385281385281385
0.368432147562582
0.385281385281385
0.385281385281385
0.385281385281385
0.317884434406174
Gen 201
0.385281385281385
0.365734487734488
0.385281385281385
0.385281385281385
0.385281385281385
0.307093795093795
Gen 202
0.385281385281385
0.363174101261057
0.385281385281385
0.385281385281385
0.385281385281385
0.296852249200075
