Gen 1
0.181818181818182
0.112554112554113
0.0909090909090909
0.0865800865800866
0.0753623188405797
0.0562770562770563
0.0562770562770563
0.0476190476190476
0.0476190476190476
0.0386473429951691
0.0338164251207729
0.0270531400966184
0.000966183574879227
1E-10
1E-10
1E-10
1E-10
1E-10
1E-10
1E-10
1E-10
1E-10
1E-10
1E-10
1E-10
1E-10
1E-10
1E-10
1E-10
1E-10
1E-10
1E-10
1E-10
1E-10
1E-10
1E-10
1E-10
1E-10
1E-10
1E-10
1E-10
1E-10
1E-10
1E-10
1E-10
1E-10
1E-10
1E-10
1E-10
1E-10
1E-10
1E-10
1E-10
1E-10
1E-10
1E-10
1E-10
1E-10
1E-10
1E-10
1E-10
1E-10
1E-10
1E-10
1E-10
1E-10
1E-10
1E-10
1E-10
1E-10
1E-10
1E-10
1E-10
1E-10
1E-10
1E-10
1E-10
1E-10
1E-10
1E-10
1E-10
1E-10
1E-10
1E-10
1E-10
1E-10
1E-10
1E-10
1E-10
1E-10
1E-10
1E-10
1E-10
1E-10
1E-10
1E-10
1E-10
1E-10
1E-10
1E-10
Gen 2
0.181818181818182
0.181818181818182
0.112554112554113
0.0909090909090909
0.0909090909090909
0.0865800865800866
0.0865800865800866
0.0822510822510823
0.0753623188405797
0.0753623188405797
0.0562770562770563
0.0562770562770563
0.0562770562770563
0.0476190476190476
0.0476190476190476
0.0476190476190476
0.0476190476190476
0.0386473429951691
0.0338164251207729
0.0270531400966184
0.0270531400966184
0.025974025974026
0.0202898550724638
0.0144927536231884
0.00579710144927536
1E-10
1E-10
1E-10
1E-10
1E-10
1E-10
1E-10
1E-10
1E-10
1E-10
1E-10
1E-10
1E-10
1E-10
1E-10
1E-10
1E-10
1E-10
1E-10
1E-10
1E-10
1E-10
1E-10
1E-10
1E-10
1E-10
1E-10
1E-10
1E-10
1E-10
1E-10
1E-10
1E-10
1E-10
1E-10
1E-10
1E-10
1E-10
1E-10
1E-10
1E-10
1E-10
1E-10
1E-10
1E-10
1E-10
1E-10
1E-10
1E-10
1E-10
1E-10
1E-10
1E-10
1E-10
1E-10
1E-10
1E-10
1E-10
1E-10
1E-10
1E-10
1E-10
1E-10
1E-10
1E-10
1E-10
1E-10
1E-10
1E-10
1E-10
1E-10
1E-10
1E-10
1E-10
1E-10
Gen 3
0.181818181818182
0.181818181818182
0.181818181818182
0.181818181818182
0.112554112554113
0.112554112554113
0.0909090909090909
0.0909090909090909
0.0909090909090909
0.0909090909090909
0.0865800865800866
0.0865800865800866
0.0865800865800866
0.0822510822510823
0.0822510822510823
0.0753623188405797
0.0753623188405797
0.0753623188405797
0.0562770562770563
0.0562770562770563
0.0562770562770563
0.0562770562770563
0.0562770562770563
0.0476190476190476
0.0476190476190476
0.0476190476190476
0.0476190476190476
0.0476190476190476
0.0476190476190476
0.0444444444444444
0.038961038961039
0.0386473429951691
0.0346320346320346
0.0270531400966184
0.0270531400966184
0.025974025974026
0.0202898550724638
0.0144927536231884
1E-10
1E-10
1E-10
1E-10
1E-10
1E-10
1E-10
1E-10
1E-10
1E-10
1E-10
1E-10
1E-10
1E-10
1E-10
1E-10
1E-10
1E-10
1E-10
1E-10
1E-10
1E-10
1E-10
1E-10
1E-10
1E-10
1E-10
1E-10
1E-10
1E-10
1E-10
1E-10
1E-10
1E-10
1E-10
1E-10
1E-10
1E-10
1E-10
1E-10
1E-10
1E-10
1E-10
1E-10
1E-10
1E-10
1E-10
1E-10
1E-10
1E-10
1E-10
1E-10
1E-10
1E-10
1E-10
1E-10
1E-10
1E-10
1E-10
1E-10
1E-10
1E-10
Gen 4
0.181818181818182
0.181818181818182
0.181818181818182
0.181818181818182
0.121212121212121
0.116883116883117
0.112554112554113
0.112554112554113
0.0995670995670996
0.0909090909090909
0.0909090909090909
0.0909090909090909
0.0909090909090909
0.0909090909090909
0.0909090909090909
0.0909090909090909
0.0909090909090909
0.0865800865800866
0.0865800865800866
0.0865800865800866
0.0865800865800866
0.0865800865800866
0.0822510822510823
0.0822510822510823
0.0822510822510823
0.0822510822510823
0.0822510822510823
0.0753623188405797
0.0753623188405797
0.0753623188405797
0.0753623188405797
0.0753623188405797
0.0753623188405797
0.063768115942029
0.0579710144927536
0.0562770562770563
0.0562770562770563
0.0562770562770563
0.0562770562770563
0.0562770562770563
0.0562770562770563
0.0476190476190476
0.0476190476190476
0.0476190476190476
0.0476190476190476
0.0476190476190476
0.0476190476190476
0.0476190476190476
0.0476190476190476
0.0463768115942029
0.038961038961039
0.0338164251207729
0.0270531400966184
0.0270531400966184
0.025974025974026
0.0144927536231884
0.00483091787439614
1E-10
1E-10
1E-10
1E-10
1E-10
1E-10
1E-10
1E-10
1E-10
1E-10
1E-10
1E-10
1E-10
1E-10
1E-10
1E-10
1E-10
1E-10
1E-10
1E-10
1E-10
1E-10
1E-10
1E-10
1E-10
1E-10
1E-10
1E-10
1E-10
1E-10
1E-10
1E-10
1E-10
1E-10
1E-10
1E-10
1E-10
1E-10
1E-10
1E-10
1E-10
1E-10
1E-10
Gen 5
0.181818181818182
0.181818181818182
0.181818181818182
0.181818181818182
0.181818181818182
0.181818181818182
0.181818181818182
0.181818181818182
0.121212121212121
0.121212121212121
0.116883116883117
0.112554112554113
0.112554112554113
0.0995670995670996
0.0995670995670996
0.0909090909090909
0.0909090909090909
0.0909090909090909
0.0909090909090909
0.0909090909090909
0.0909090909090909
0.0909090909090909
0.0909090909090909
0.0909090909090909
0.0909090909090909
0.0909090909090909
0.0909090909090909
0.0909090909090909
0.0909090909090909
0.0909090909090909
0.0865800865800866
0.0865800865800866
0.0865800865800866
0.0865800865800866
0.0865800865800866
0.0865800865800866
0.0822510822510823
0.0822510822510823
0.0822510822510823
0.0822510822510823
0.0822510822510823
0.0822510822510823
0.0822510822510823
0.0753623188405797
0.0753623188405797
0.0753623188405797
0.0753623188405797
0.0753623188405797
0.0753623188405797
0.0753623188405797
0.063768115942029
0.0579710144927536
0.0562770562770563
0.0476190476190476
0.038961038961039
0.0303030303030303
0.0270531400966184
0.0270531400966184
0.025974025974026
0.025974025974026
0.0144927536231884
1E-10
1E-10
1E-10
1E-10
1E-10
1E-10
1E-10
1E-10
1E-10
1E-10
1E-10
1E-10
1E-10
1E-10
1E-10
1E-10
1E-10
1E-10
1E-10
1E-10
1E-10
1E-10
1E-10
1E-10
1E-10
1E-10
1E-10
1E-10
1E-10
1E-10
1E-10
1E-10
1E-10
1E-10
1E-10
1E-10
1E-10
1E-10
1E-10
Gen 6
0.181818181818182
0.181818181818182
0.181818181818182
0.181818181818182
0.181818181818182
0.181818181818182
0.181818181818182
0.181818181818182
0.181818181818182
0.181818181818182
0.181818181818182
0.181818181818182
0.181818181818182
0.181818181818182
0.121212121212121
0.121212121212121
0.121212121212121
0.116883116883117
0.116883116883117
0.112554112554113
0.112554112554113
0.0995670995670996
0.0995670995670996
0.0909090909090909
0.0909090909090909
0.0909090909090909
0.0909090909090909
0.0909090909090909
0.0909090909090909
0.0909090909090909
0.0909090909090909
0.0909090909090909
0.0909090909090909
0.0909090909090909
0.0909090909090909
0.0909090909090909
0.0909090909090909
0.0909090909090909
0.0909090909090909
0.0909090909090909
0.0909090909090909
0.0865800865800866
0.0865800865800866
0.0865800865800866
0.0865800865800866
0.0822510822510823
0.0822510822510823
0.0822510822510823
0.0822510822510823
0.0822510822510823
0.0753623188405797
0.0753623188405797
0.0753623188405797
0.0753623188405797
0.0753623188405797
0.0753623188405797
0.0666666666666667
0.0579710144927536
0.0562770562770563
0.0562770562770563
0.0476190476190476
0.038961038961039
0.0386473429951691
0.0386473429951691
0.0303030303030303
0.0270531400966184
0.0270531400966184
1E-10
1E-10
1E-10
1E-10
1E-10
1E-10
1E-10
1E-10
1E-10
1E-10
1E-10
1E-10
1E-10
1E-10
1E-10
1E-10
1E-10
1E-10
1E-10
1E-10
1E-10
1E-10
1E-10
1E-10
1E-10
1E-10
1E-10
1E-10
1E-10
1E-10
1E-10
1E-10
1E-10
Gen 7
0.181818181818182
0.181818181818182
0.181818181818182
0.181818181818182
0.181818181818182
0.181818181818182
0.181818181818182
0.181818181818182
0.181818181818182
0.181818181818182
0.181818181818182
0.181818181818182
0.181818181818182
0.181818181818182
0.181818181818182
0.181818181818182
0.181818181818182
0.181818181818182
0.181818181818182
0.181818181818182
0.181818181818182
0.181818181818182
0.181818181818182
0.181818181818182
0.181818181818182
0.121212121212121
0.121212121212121
0.121212121212121
0.121212121212121
0.116883116883117
0.116883116883117
0.112554112554113
0.0995670995670996
0.0995670995670996
0.0909090909090909
0.0909090909090909
0.0909090909090909
0.0909090909090909
0.0909090909090909
0.0909090909090909
0.0909090909090909
0.0909090909090909
0.0909090909090909
0.0909090909090909
0.0909090909090909
0.0909090909090909
0.0865800865800866
0.0822510822510823
0.0753623188405797
0.0753623188405797
0.0753623188405797
0.0753623188405797
0.0579710144927536
0.0562770562770563
0.0346320346320346
0.0303030303030303
0.0303030303030303
0.0173160173160173
1E-10
1E-10
1E-10
1E-10
1E-10
1E-10
1E-10
1E-10
1E-10
1E-10
1E-10
1E-10
1E-10
1E-10
1E-10
1E-10
1E-10
1E-10
1E-10
1E-10
1E-10
1E-10
1E-10
1E-10
1E-10
1E-10
1E-10
1E-10
1E-10
1E-10
1E-10
1E-10
1E-10
1E-10
1E-10
1E-10
1E-10
1E-10
1E-10
1E-10
1E-10
1E-10
Gen 8
0.181818181818182
0.181818181818182
0.181818181818182
0.181818181818182
0.181818181818182
0.181818181818182
0.181818181818182
0.181818181818182
0.181818181818182
0.181818181818182
0.181818181818182
0.181818181818182
0.181818181818182
0.181818181818182
0.181818181818182
0.181818181818182
0.181818181818182
0.181818181818182
0.181818181818182
0.181818181818182
0.181818181818182
0.181818181818182
0.181818181818182
0.181818181818182
0.181818181818182
0.181818181818182
0.181818181818182
0.181818181818182
0.181818181818182
0.181818181818182
0.181818181818182
0.181818181818182
0.181818181818182
0.181818181818182
0.181818181818182
0.181818181818182
0.181818181818182
0.181818181818182
0.181818181818182
0.181818181818182
0.181818181818182
0.181818181818182
0.121212121212121
0.121212121212121
0.121212121212121
0.121212121212121
0.116883116883117
0.112554112554113
0.0995670995670996
0.0995670995670996
0.0909090909090909
0.0909090909090909
0.0909090909090909
0.0909090909090909
0.0909090909090909
0.0909090909090909
0.0909090909090909
0.0909090909090909
0.0909090909090909
0.0909090909090909
0.0909090909090909
0.0909090909090909
0.0865800865800866
0.0579710144927536
0.0562770562770563
0.0476190476190476
0.0476190476190476
0.0476190476190476
0.0432900432900433
0.0216450216450216
0.0173160173160173
0.012987012987013
0.00966183574879227
0.00289855072463768
1E-10
1E-10
1E-10
1E-10
1E-10
1E-10
1E-10
1E-10
1E-10
1E-10
1E-10
1E-10
1E-10
1E-10
1E-10
1E-10
1E-10
1E-10
1E-10
1E-10
1E-10
1E-10
1E-10
1E-10
1E-10
1E-10
Gen 9
0.181818181818182
0.181818181818182
0.181818181818182
0.181818181818182
0.181818181818182
0.181818181818182
0.181818181818182
0.181818181818182
0.181818181818182
0.181818181818182
0.181818181818182
0.181818181818182
0.181818181818182
0.181818181818182
0.181818181818182
0.181818181818182
0.181818181818182
0.181818181818182
0.181818181818182
0.181818181818182
0.181818181818182
0.181818181818182
0.181818181818182
0.181818181818182
0.181818181818182
0.181818181818182
0.181818181818182
0.181818181818182
0.181818181818182
0.181818181818182
0.181818181818182
0.181818181818182
0.181818181818182
0.181818181818182
0.181818181818182
0.181818181818182
0.181818181818182
0.181818181818182
0.181818181818182
0.181818181818182
0.181818181818182
0.181818181818182
0.181818181818182
0.181818181818182
0.181818181818182
0.181818181818182
0.181818181818182
0.181818181818182
0.181818181818182
0.181818181818182
0.181818181818182
0.181818181818182
0.181818181818182
0.121212121212121
0.121212121212121
0.121212121212121
0.116883116883117
0.112554112554113
0.0995670995670996
0.0909090909090909
0.0909090909090909
0.0909090909090909
0.0909090909090909
0.0909090909090909
0.0909090909090909
0.0909090909090909
0.0909090909090909
0.0909090909090909
0.0562770562770563
0.0476190476190476
0.0193236714975845
0.00193236714975845
1E-10
1E-10
1E-10
1E-10
1E-10
1E-10
1E-10
1E-10
1E-10
1E-10
1E-10
1E-10
1E-10
1E-10
1E-10
1E-10
1E-10
1E-10
1E-10
1E-10
1E-10
1E-10
1E-10
1E-10
1E-10
1E-10
1E-10
1E-10
Gen 10
0.181818181818182
0.181818181818182
0.181818181818182
0.181818181818182
0.181818181818182
0.181818181818182
0.181818181818182
0.181818181818182
0.181818181818182
0.181818181818182
0.181818181818182
0.181818181818182
0.181818181818182
0.181818181818182
0.181818181818182
0.181818181818182
0.181818181818182
0.181818181818182
0.181818181818182
0.181818181818182
0.181818181818182
0.181818181818182
0.181818181818182
0.181818181818182
0.181818181818182
0.181818181818182
0.181818181818182
0.181818181818182
0.181818181818182
0.181818181818182
0.181818181818182
0.181818181818182
0.181818181818182
0.181818181818182
0.181818181818182
0.181818181818182
0.181818181818182
0.181818181818182
0.181818181818182
0.181818181818182
0.181818181818182
0.181818181818182
0.181818181818182
0.181818181818182
0.181818181818182
0.181818181818182
0.181818181818182
0.181818181818182
0.181818181818182
0.181818181818182
0.181818181818182
0.181818181818182
0.181818181818182
0.181818181818182
0.181818181818182
0.181818181818182
0.181818181818182
0.181818181818182
0.181818181818182
0.181818181818182
0.181818181818182
0.181818181818182
0.181818181818182
0.181818181818182
0.181818181818182
0.181818181818182
0.181818181818182
0.12987012987013
0.121212121212121
0.116883116883117
0.0995670995670996
0.0909090909090909
0.0909090909090909
0.0909090909090909
0.0909090909090909
0.0909090909090909
0.0476190476190476
1E-10
1E-10
1E-10
1E-10
1E-10
1E-10
1E-10
1E-10
1E-10
1E-10
1E-10
1E-10
1E-10
1E-10
1E-10
1E-10
1E-10
1E-10
1E-10
1E-10
1E-10
1E-10
1E-10
Gen 11
0.181818181818182
0.181818181818182
0.181818181818182
0.181818181818182
0.181818181818182
0.181818181818182
0.181818181818182
0.181818181818182
0.181818181818182
0.181818181818182
0.181818181818182
0.181818181818182
0.181818181818182
0.181818181818182
0.181818181818182
0.181818181818182
0.181818181818182
0.181818181818182
0.181818181818182
0.181818181818182
0.181818181818182
0.181818181818182
0.181818181818182
0.181818181818182
0.181818181818182
0.181818181818182
0.181818181818182
0.181818181818182
0.181818181818182
0.181818181818182
0.181818181818182
0.181818181818182
0.181818181818182
0.181818181818182
0.181818181818182
0.181818181818182
0.181818181818182
0.181818181818182
0.181818181818182
0.181818181818182
0.181818181818182
0.181818181818182
0.181818181818182
0.181818181818182
0.181818181818182
0.181818181818182
0.181818181818182
0.181818181818182
0.181818181818182
0.181818181818182
0.181818181818182
0.181818181818182
0.181818181818182
0.181818181818182
0.181818181818182
0.181818181818182
0.181818181818182
0.181818181818182
0.181818181818182
0.181818181818182
0.181818181818182
0.181818181818182
0.181818181818182
0.181818181818182
0.181818181818182
0.181818181818182
0.181818181818182
0.181818181818182
0.181818181818182
0.181818181818182
0.181818181818182
0.181818181818182
0.181818181818182
0.181818181818182
0.181818181818182
0.12987012987013
0.121212121212121
0.116883116883117
0.0995670995670996
0.0909090909090909
0.0909090909090909
0.0909090909090909
0.0476190476190476
1E-10
1E-10
1E-10
1E-10
1E-10
1E-10
1E-10
1E-10
1E-10
1E-10
1E-10
1E-10
1E-10
1E-10
1E-10
1E-10
1E-10
Gen 12
0.181818181818182
0.181818181818182
0.181818181818182
0.181818181818182
0.181818181818182
0.181818181818182
0.181818181818182
0.181818181818182
0.181818181818182
0.181818181818182
0.181818181818182
0.181818181818182
0.181818181818182
0.181818181818182
0.181818181818182
0.181818181818182
0.181818181818182
0.181818181818182
0.181818181818182
0.181818181818182
0.181818181818182
0.181818181818182
0.181818181818182
0.181818181818182
0.181818181818182
0.181818181818182
0.181818181818182
0.181818181818182
0.181818181818182
0.181818181818182
0.181818181818182
0.181818181818182
0.181818181818182
0.181818181818182
0.181818181818182
0.181818181818182
0.181818181818182
0.181818181818182
0.181818181818182
0.181818181818182
0.181818181818182
0.181818181818182
0.181818181818182
0.181818181818182
0.181818181818182
0.181818181818182
0.181818181818182
0.181818181818182
0.181818181818182
0.181818181818182
0.181818181818182
0.181818181818182
0.181818181818182
0.181818181818182
0.181818181818182
0.181818181818182
0.181818181818182
0.181818181818182
0.181818181818182
0.181818181818182
0.181818181818182
0.181818181818182
0.181818181818182
0.181818181818182
0.181818181818182
0.181818181818182
0.181818181818182
0.181818181818182
0.181818181818182
0.181818181818182
0.181818181818182
0.181818181818182
0.181818181818182
0.181818181818182
0.181818181818182
0.181818181818182
0.181818181818182
0.12987012987013
0.0909090909090909
0.0909090909090909
0.0909090909090909
0.0821256038647343
0.0692640692640693
0.0346320346320346
0.0303030303030303
1E-10
1E-10
1E-10
1E-10
1E-10
1E-10
1E-10
1E-10
1E-10
1E-10
1E-10
1E-10
1E-10
1E-10
1E-10
Gen 13
0.181818181818182
0.181818181818182
0.181818181818182
0.181818181818182
0.181818181818182
0.181818181818182
0.181818181818182
0.181818181818182
0.181818181818182
0.181818181818182
0.181818181818182
0.181818181818182
0.181818181818182
0.181818181818182
0.181818181818182
0.181818181818182
0.181818181818182
0.181818181818182
0.181818181818182
0.181818181818182
0.181818181818182
0.181818181818182
0.181818181818182
0.181818181818182
0.181818181818182
0.181818181818182
0.181818181818182
0.181818181818182
0.181818181818182
0.181818181818182
0.181818181818182
0.181818181818182
0.181818181818182
0.181818181818182
0.181818181818182
0.181818181818182
0.181818181818182
0.181818181818182
0.181818181818182
0.181818181818182
0.181818181818182
0.181818181818182
0.181818181818182
0.181818181818182
0.181818181818182
0.181818181818182
0.181818181818182
0.181818181818182
0.181818181818182
0.181818181818182
0.181818181818182
0.181818181818182
0.181818181818182
0.181818181818182
0.181818181818182
0.181818181818182
0.181818181818182
0.181818181818182
0.181818181818182
0.181818181818182
0.181818181818182
0.181818181818182
0.181818181818182
0.181818181818182
0.181818181818182
0.181818181818182
0.181818181818182
0.181818181818182
0.181818181818182
0.181818181818182
0.181818181818182
0.181818181818182
0.181818181818182
0.181818181818182
0.181818181818182
0.181818181818182
0.181818181818182
0.181818181818182
0.181818181818182
0.181818181818182
0.181818181818182
0.181818181818182
0.181818181818182
0.181818181818182
0.181818181818182
0.181818181818182
0.0476190476190476
0.0346320346320346
0.0303030303030303
1E-10
1E-10
1E-10
1E-10
1E-10
1E-10
1E-10
1E-10
1E-10
1E-10
1E-10
