Gen 1
0.275659824046921
0.00968889455565472
0.0387555782226189
0
0
0
Gen 2
0.275659824046921
0.0677725360193803
0.195445620298355
0.060395256916996
0.0152492668621701
0
Gen 3
0.32258064516129
0.158241744230524
0.277536656891495
0.258299120234604
0.0872778273619788
0.0098533724340176
Gen 4
0.32258064516129
0.271114369501467
0.303812316715542
0.275659824046921
0.275659824046921
0.229325513196481
Gen 5
0.32258064516129
0.297947214076247
0.32258064516129
0.32258064516129
0.309442815249267
0.237184750733138
Gen 6
0.32258064516129
0.319677419354839
0.32258064516129
0.32258064516129
0.32258064516129
0.310967741935484
Gen 7
0.32258064516129
0.316598240469209
0.32258064516129
0.32258064516129
0.32258064516129
0.298651026392962
Gen 8
0.32258064516129
0.316129032258065
0.32258064516129
0.32258064516129
0.32258064516129
0.296774193548387
Gen 9
0.32258064516129
0.322580645161291
0.32258064516129
0.32258064516129
0.32258064516129
0.32258064516129
Gen 10
0.32258064516129
0.320000000000001
0.32258064516129
0.32258064516129
0.32258064516129
0.312258064516129
Gen 11
0.791788856304985
0.321143695014663
0.341348973607038
0.32258064516129
0.32258064516129
0.298064516129032
Gen 12
0.791788856304985
0.351378299120235
0.437771260997067
0.32258064516129
0.32258064516129
0.32258064516129
Gen 13
0.791788856304985
0.537829912023459
0.791788856304985
0.75941348973607
0.32258064516129
0.277536656891496
Gen 14
0.791788856304985
0.787925538696927
0.791788856304985
0.791788856304985
0.791788856304985
0.776335585872752
Gen 15
0.791788856304985
0.776451612903226
0.791788856304985
0.791788856304985
0.791788856304985
0.730439882697947
Gen 16
0.806451612903226
0.779242636746143
0.792961876832845
0.791788856304985
0.791788856304985
0.740430957541757
Gen 17
0.806451612903226
0.775278592375366
0.8
0.791788856304985
0.791788856304985
0.717536656891495
Gen 18
0.806451612903226
0.760175953079178
0.806451612903226
0.806451612903226
0.801759530791789
0.626041055718475
Gen 19
0.81524926686217
0.780592885375494
0.806803519061583
0.806451612903226
0.806451612903226
0.702664796633941
Gen 20
0.81524926686217
0.787683284457478
0.80891495601173
0.806451612903226
0.806451612903226
0.72891495601173
Gen 21
0.81524926686217
0.763049853372434
0.81524926686217
0.814545454545454
0.806451612903226
0.615953079178886
Gen 22
0.81524926686217
0.764017595307917
0.81524926686217
0.81524926686217
0.81524926686217
0.610322580645161
Gen 23
0.838709677419355
0.807008797653958
0.816187683284457
0.81524926686217
0.81524926686217
0.781348973607038
Gen 24
0.838709677419355
0.784310850439881
0.830263929618768
0.81524926686217
0.81524926686217
0.676480938416422
Gen 25
0.838709677419355
0.814718857580006
0.838709677419355
0.838709677419355
0.838709677419355
0.742746398061966
Gen 26
0.838709677419355
0.82194950911641
0.838709677419355
0.838709677419355
0.838709677419355
0.771669004207573
Gen 27
0.838709677419355
0.808093841642229
0.838709677419355
0.838709677419355
0.838709677419355
0.71624633431085
Gen 28
0.838709677419355
0.821195970929491
0.838709677419355
0.838709677419355
0.838709677419355
0.7686548514599
Gen 29
0.838709677419355
0.811510901440775
0.838709677419355
0.838709677419355
0.838709677419355
0.729914573505036
Gen 30
0.838709677419355
0.826362361341323
0.838709677419355
0.838709677419355
0.838709677419355
0.789320413107229
Gen 31
0.838709677419355
0.822645671299248
0.838709677419355
0.838709677419355
0.838709677419355
0.774453652938926
Gen 32
0.838709677419355
0.827741935483871
0.838709677419355
0.838709677419355
0.838709677419355
0.794838709677419
Gen 33
0.838709677419355
0.822300140252454
0.838709677419355
0.838709677419355
0.838709677419355
0.773071528751753
Gen 34
0.838709677419355
0.815161290322581
0.838709677419355
0.838709677419355
0.838709677419355
0.744516129032258
Gen 35
0.838709677419355
0.813373709039908
0.838709677419355
0.838709677419355
0.838709677419355
0.737365803901568
Gen 36
0.838709677419355
0.827484380976667
0.838709677419355
0.838709677419355
0.838709677419355
0.793808491648604
Gen 37
0.838709677419355
0.801262272089761
0.838709677419355
0.838709677419355
0.838709677419355
0.688920056100982
Gen 38
0.838709677419355
0.830146627565983
0.838709677419355
0.838709677419355
0.838709677419355
0.804457478005865
Gen 39
0.838709677419355
0.814046920821114
0.838709677419355
0.838709677419355
0.838709677419355
0.740058651026393
Gen 40
0.838709677419355
0.829579242636746
0.838709677419355
0.838709677419355
0.838709677419355
0.80218793828892
Gen 41
0.838709677419355
0.838709677419355
0.838709677419355
0.838709677419355
0.838709677419355
0.838709677419355
Gen 42
0.838709677419355
0.833431085043988
0.838709677419355
0.838709677419355
0.838709677419355
0.817595307917888
Gen 43
0.838709677419355
0.816487313527987
0.838709677419355
0.838709677419355
0.838709677419355
0.749820221853882
Gen 44
0.838709677419355
0.813870967741936
0.838709677419355
0.838709677419355
0.838709677419355
0.739354838709677
Gen 45
0.838709677419355
0.816728292745123
0.838709677419355
0.838709677419355
0.838709677419355
0.750784138722427
Gen 46
0.838709677419355
0.788592375366569
0.838709677419355
0.838709677419355
0.838709677419355
0.638240469208211
Gen 47
0.838709677419355
0.814926686217009
0.838709677419355
0.838709677419355
0.838709677419355
0.743577712609971
Gen 48
0.838709677419355
0.819853372434018
0.838709677419355
0.838709677419355
0.838709677419355
0.763284457478006
Gen 49
0.838709677419355
0.817259977049598
0.838709677419355
0.838709677419355
0.838709677419355
0.752910875940329
Gen 50
0.838709677419355
0.809222236389137
0.838709677419355
0.838709677419355
0.838709677419355
0.720759913298483
Gen 51
0.838709677419355
0.833604488078541
0.838709677419355
0.838709677419355
0.838709677419355
0.818288920056101
Gen 52
0.838709677419355
0.815064388626801
0.838709677419355
0.838709677419355
0.838709677419355
0.744128522249139
Gen 53
0.838709677419355
0.821466275659824
0.838709677419355
0.838709677419355
0.838709677419355
0.769736070381231
Gen 54
0.838709677419355
0.810263929618768
0.838709677419355
0.838709677419355
0.838709677419355
0.724926686217009
Gen 55
0.838709677419355
0.827741935483871
0.838709677419355
0.838709677419355
0.838709677419355
0.794838709677419
Gen 56
0.838709677419355
0.822910875940329
0.838709677419355
0.838709677419355
0.838709677419355
0.775514471503251
Gen 57
0.838709677419355
0.824838709677419
0.838709677419355
0.838709677419355
0.838709677419355
0.783225806451613
Gen 58
0.838709677419355
0.820821114369501
0.838709677419355
0.838709677419355
0.838709677419355
0.767155425219941
Gen 59
0.838709677419355
0.81733137829912
0.838709677419355
0.838709677419355
0.838709677419355
0.753196480938416
Gen 60
0.838709677419355
0.826774193548387
0.838709677419355
0.838709677419355
0.838709677419355
0.790967741935483
Gen 61
0.838709677419355
0.773548387096774
0.838709677419355
0.838709677419355
0.838709677419355
0.578064516129032
Gen 62
0.838709677419355
0.809384164222874
0.838709677419355
0.838709677419355
0.838709677419355
0.721407624633431
Gen 63
0.838709677419355
0.828849929873773
0.838709677419355
0.838709677419355
0.838709677419355
0.799270687237026
Gen 64
0.838709677419355
0.830119852097412
0.838709677419355
0.838709677419355
0.838709677419355
0.804350376131582
Gen 65
0.838709677419355
0.810944791533851
0.838709677419355
0.838709677419355
0.838709677419355
0.727650133877343
Gen 66
0.838709677419355
0.822265714650006
0.838709677419355
0.838709677419355
0.838709677419355
0.772933826341961
Gen 67
0.838709677419355
0.817595307917888
0.838709677419355
0.838709677419355
0.838709677419355
0.75425219941349
Gen 68
0.838709677419355
0.823149305112839
0.838709677419355
0.838709677419355
0.838709677419355
0.776468188193293
Gen 69
0.838709677419355
0.829474690807089
0.838709677419355
0.838709677419355
0.838709677419355
0.801769730970292
Gen 70
0.838709677419355
0.830098176718093
0.838709677419355
0.838709677419355
0.838709677419355
0.804263674614305
Gen 71
0.838709677419355
0.81815631773556
0.838709677419355
0.838709677419355
0.838709677419355
0.756496238684177
Gen 72
0.838709677419355
0.809530791788856
0.838709677419355
0.838709677419355
0.838709677419355
0.72199413489736
Gen 73
0.838709677419355
0.8219189085809
0.838709677419355
0.838709677419355
0.838709677419355
0.771546602065536
Gen 74
0.838709677419355
0.820322580645161
0.838709677419355
0.838709677419355
0.838709677419355
0.76516129032258
