Gen 1
0.12316715542522
0.00521484125972204
0.0208593650388882
0
0
0
Gen 2
0.12316715542522
0.0376616090781588
0.110850439882698
0.0397959964299375
0
0
Gen 3
0.12316715542522
0.0607611883207956
0.12316715542522
0.107973989544817
0.0119036083131455
0
Gen 4
0.12316715542522
0.0912278464873135
0.12316715542522
0.12316715542522
0.113864592630371
0.0047124824684432
Gen 5
0.12316715542522
0.118269794721408
0.12316715542522
0.12316715542522
0.12316715542522
0.103577712609971
Gen 6
0.12316715542522
0.121114369501466
0.12316715542522
0.12316715542522
0.12316715542522
0.114956011730205
Gen 7
0.18475073313783
0.122844574780059
0.129970674486803
0.12316715542522
0.12316715542522
0.115073313782991
Gen 8
0.18475073313783
0.139677419354839
0.183695014662757
0.138533724340176
0.12316715542522
0.113313782991202
Gen 9
0.187683284457478
0.179208211143695
0.184868035190616
0.18475073313783
0.18475073313783
0.162463343108504
Gen 10
0.211143695014663
0.17733137829912
0.187448680351906
0.18475073313783
0.18475073313783
0.152375366568915
Gen 11
0.211143695014663
0.187038123167155
0.199530791788856
0.187683284457478
0.186979472140762
0.173958944281525
Gen 12
0.243401759530792
0.199384164222874
0.212434017595308
0.211143695014663
0.203519061583578
0.170439882697947
Gen 13
0.243401759530792
0.206392961876833
0.22791788856305
0.211143695014663
0.211143695014663
0.175366568914956
Gen 14
0.243401759530792
0.224115772026011
0.243401759530792
0.243401759530792
0.22475073313783
0.184908835904628
Gen 15
0.243401759530792
0.238387096774193
0.243401759530792
0.243401759530792
0.243401759530792
0.223343108504399
Gen 16
0.334310850439883
0.236363636363636
0.247741935483871
0.243401759530792
0.243401759530792
0.210909090909091
Gen 17
0.334310850439883
0.249589442815249
0.290439882697947
0.243401759530792
0.243401759530792
0.221114369501466
Gen 18
0.334310850439883
0.303900293255132
0.334310850439883
0.334310850439883
0.323284457478006
0.223695014662756
Gen 19
0.334310850439883
0.331495601173021
0.334310850439883
0.334310850439883
0.334310850439883
0.323049853372434
Gen 20
0.345021037868163
0.31649751370649
0.3348565599898
0.334310850439883
0.334310850439883
0.262511793956394
Gen 21
0.345021037868163
0.323545837052149
0.337702409792171
0.334310850439883
0.334310850439883
0.287859237536657
Gen 22
0.3841642228739
0.329681244421777
0.346586765268392
0.344087721535127
0.336891495601173
0.291158995282417
Gen 23
0.3841642228739
0.329899273237281
0.359112584470228
0.345021037868163
0.345021037868163
0.270442432742573
Gen 24
0.3841642228739
0.347806961621828
0.3841642228739
0.3841642228739
0.351283947469081
0.271615453270432
Gen 25
0.495601173020528
0.369472140762463
0.392844574780059
0.3841642228739
0.3841642228739
0.316715542521994
Gen 26
0.495601173020528
0.383782991202346
0.461348973607038
0.385102639296188
0.3841642228739
0.304516129032258
Gen 27
0.495601173020528
0.474457478005865
0.495601173020528
0.495601173020528
0.485747800586511
0.420879765395894
Gen 28
0.50733137829912
0.464340175953079
0.496070381231672
0.495601173020528
0.495601173020528
0.37008797653959
Gen 29
0.50733137829912
0.487888563049853
0.499354838709678
0.495601173020528
0.495601173020528
0.460997067448681
Gen 30
0.50733137829912
0.492815249266861
0.507331378299121
0.507331378299121
0.496070381231672
0.460527859237537
Gen 31
0.571847507331378
0.494076246334311
0.509912023460411
0.507331378299121
0.507331378299121
0.451730205278593
Gen 32
0.571847507331378
0.507536656891496
0.533137829912024
0.507331378299121
0.507331378299121
0.482346041055719
Gen 33
0.571847507331378
0.506774193548387
0.571847507331379
0.55425219941349
0.507331378299121
0.39366568914956
Gen 34
0.595307917888563
0.562785923753665
0.572785923753666
0.571847507331379
0.571847507331379
0.534662756598241
Gen 35
0.595307917888563
0.558387096774193
0.577008797653959
0.571847507331379
0.571847507331379
0.512844574780059
Gen 36
0.595307917888563
0.577478005865102
0.595307917888563
0.590146627565983
0.571847507331379
0.552609970674487
Gen 37
0.595307917888563
0.588064516129031
0.595307917888563
0.595307917888563
0.595307917888563
0.56633431085044
Gen 38
0.618768328445748
0.576686217008797
0.596246334310851
0.595307917888563
0.595307917888563
0.519882697947214
Gen 39
0.618768328445748
0.590175953079178
0.600938416422288
0.595307917888563
0.595307917888563
0.569149560117302
Gen 40
0.806451612903226
0.590058651026392
0.626275659824047
0.615014662756598
0.595307917888563
0.523636363636364
Gen 41
0.806451612903226
0.617888563049852
0.671319648093842
0.618768328445748
0.618768328445748
0.562697947214076
Gen 42
0.806451612903226
0.684210123677164
0.806451612903226
0.697075098814229
0.618768328445748
0.614545454545455
Gen 43
0.806451612903226
0.78900293255132
0.806451612903226
0.806451612903226
0.806451612903226
0.736656891495601
Gen 44
0.806451612903226
0.779560117302053
0.806451612903226
0.806451612903226
0.806451612903226
0.698885630498534
Gen 45
0.806451612903226
0.797391304347826
0.806451612903226
0.806451612903226
0.806451612903226
0.770210378681627
Gen 46
0.806451612903226
0.795161290322581
0.806451612903226
0.806451612903226
0.806451612903226
0.761290322580645
Gen 47
0.806451612903226
0.788962131837307
0.806451612903226
0.806451612903226
0.806451612903226
0.736493688639551
Gen 48
0.806451612903226
0.790322580645161
0.806451612903226
0.806451612903226
0.806451612903226
0.741935483870968
Gen 49
0.806451612903226
0.790469208211144
0.806451612903226
0.806451612903226
0.806451612903226
0.742521994134897
Gen 50
0.806451612903226
0.790469208211144
0.806451612903226
0.806451612903226
0.806451612903226
0.742521994134897
Gen 51
0.806451612903226
0.787155425219941
0.806451612903226
0.806451612903226
0.806451612903226
0.729266862170088
Gen 52
0.806451612903226
0.782756598240469
0.806451612903226
0.806451612903226
0.806451612903226
0.711671554252199
Gen 53
0.806451612903226
0.774193548387097
0.806451612903226
0.806451612903226
0.806451612903226
0.67741935483871
Gen 54
0.806451612903226
0.797096774193549
0.806451612903226
0.806451612903226
0.806451612903226
0.769032258064516
Gen 55
0.806451612903226
0.780645161290323
0.806451612903226
0.806451612903226
0.806451612903226
0.703225806451613
Gen 56
0.806451612903226
0.790527859237537
0.806451612903226
0.806451612903226
0.806451612903226
0.742756598240469
Gen 57
0.806451612903226
0.761759530791789
0.806451612903226
0.806451612903226
0.806451612903226
0.627683284457478
Gen 58
0.806451612903226
0.79258064516129
0.806451612903226
0.806451612903226
0.806451612903226
0.750967741935484
Gen 59
0.806451612903226
0.782404692082112
0.806451612903226
0.806451612903226
0.806451612903226
0.710263929618768
Gen 60
0.806451612903226
0.796510263929619
0.806451612903226
0.806451612903226
0.806451612903226
0.766686217008797
Gen 61
0.806451612903226
0.795483870967742
0.806451612903226
0.806451612903226
0.806451612903226
0.76258064516129
Gen 62
0.838709677419355
0.791626928471248
0.807741935483871
0.806451612903226
0.806451612903226
0.74586255259467
Gen 63
0.838709677419355
0.781030218028815
0.815483870967742
0.806451612903226
0.806451612903226
0.695733775341069
Gen 64
0.967741935483871
0.795953079178886
0.843870967741935
0.832258064516128
0.806451612903226
0.701231671554252
Gen 65
0.967741935483871
0.839237536656892
0.910967741935484
0.838709677419355
0.838709677419355
0.768563049853372
Gen 66
0.967741935483871
0.900967741935485
0.967741935483872
0.967741935483872
0.947096774193549
0.721290322580645
Gen 67
0.967741935483871
0.958064516129033
0.967741935483872
0.967741935483872
0.967741935483872
0.929032258064517
Gen 68
0.967741935483871
0.943049853372435
0.967741935483872
0.967741935483872
0.967741935483872
0.868973607038124
Gen 69
0.967741935483871
0.92900293255132
0.967741935483872
0.967741935483872
0.967741935483872
0.812785923753666
Gen 70
0.967741935483871
0.958064516129033
0.967741935483872
0.967741935483872
0.967741935483872
0.929032258064517
Gen 71
0.967741935483871
0.919296187683285
0.967741935483872
0.967741935483872
0.967741935483872
0.773958944281525
Gen 72
0.967741935483871
0.961085043988271
0.967741935483872
0.967741935483872
0.967741935483872
0.941114369501467
Gen 73
0.967741935483871
0.929032258064517
0.967741935483872
0.967741935483872
0.967741935483872
0.812903225806452
Gen 74
0.967741935483871
0.959087084023971
0.967741935483872
0.967741935483872
0.967741935483872
0.933122529644269
Gen 75
0.967741935483871
0.938709677419356
0.967741935483872
0.967741935483872
0.967741935483872
0.851612903225807
Gen 76
0.967741935483871
0.938768328445749
0.967741935483872
0.967741935483872
0.967741935483872
0.851847507331379
Gen 77
0.967741935483871
0.937096774193549
0.967741935483872
0.967741935483872
0.967741935483872
0.845161290322581
Gen 78
0.967741935483871
0.962903225806452
0.967741935483872
0.967741935483872
0.967741935483872
0.948387096774194
Gen 79
0.967741935483871
0.966451612903227
0.967741935483872
0.967741935483872
0.967741935483872
0.962580645161291
Gen 80
0.967741935483871
0.9517110799439
0.967741935483872
0.967741935483872
0.967741935483872
0.903618513323984
Gen 81
0.967741935483871
0.958401122019636
0.967741935483872
0.967741935483872
0.967741935483872
0.930378681626929
Gen 82
0.967741935483871
0.958064516129033
0.967741935483872
0.967741935483872
0.967741935483872
0.929032258064517
Gen 83
0.967741935483871
0.957096774193549
0.967741935483872
0.967741935483872
0.967741935483872
0.925161290322581
Gen 84
0.967741935483871
0.967741935483872
0.967741935483872
0.967741935483872
0.967741935483872
0.967741935483872
Gen 85
0.967741935483871
0.953225806451614
0.967741935483872
0.967741935483872
0.967741935483872
0.909677419354839
Gen 86
0.967741935483871
0.928387096774194
0.967741935483872
0.967741935483872
0.967741935483872
0.810322580645162
Gen 87
0.967741935483871
0.924486803519062
0.967741935483872
0.967741935483872
0.967741935483872
0.794721407624634
Gen 88
0.967741935483871
0.94384164222874
0.967741935483872
0.967741935483872
0.967741935483872
0.872140762463344
Gen 89
0.967741935483871
0.940000000000001
0.967741935483872
0.967741935483872
0.967741935483872
0.856774193548388
Gen 90
0.967741935483871
0.957096774193549
0.967741935483872
0.967741935483872
0.967741935483872
0.925161290322581
Gen 91
0.967741935483871
0.965806451612904
0.967741935483872
0.967741935483872
0.967741935483872
0.960000000000001
Gen 92
0.967741935483871
0.918064516129033
0.967741935483872
0.967741935483872
0.967741935483872
0.769032258064517
Gen 93
0.967741935483871
0.944369501466276
0.967741935483872
0.967741935483872
0.967741935483872
0.87425219941349
Gen 94
0.967741935483871
0.938709677419356
0.967741935483872
0.967741935483872
0.967741935483872
0.851612903225807
Gen 95
0.967741935483871
0.948387096774194
0.967741935483872
0.967741935483872
0.967741935483872
0.890322580645162
Gen 96
0.967741935483871
0.943548387096775
0.967741935483872
0.967741935483872
0.967741935483872
0.870967741935484
Gen 97
0.967741935483871
0.946746143057504
0.967741935483872
0.967741935483872
0.967741935483872
0.883758765778402
Gen 98
0.967741935483871
0.934076246334312
0.967741935483872
0.967741935483872
0.967741935483872
0.833079178885631
Gen 99
0.967741935483871
0.918387096774194
0.967741935483872
0.967741935483872
0.967741935483872
0.770322580645162
Gen 100
0.967741935483871
0.937096774193549
0.967741935483872
0.967741935483872
0.967741935483872
0.845161290322581
Gen 101
0.967741935483871
0.955273492286116
0.967741935483872
0.967741935483872
0.967741935483872
0.917868162692848
Gen 102
0.967741935483871
0.937741935483872
0.967741935483872
0.967741935483872
0.967741935483872
0.847741935483871
Gen 103
0.967741935483871
0.91859237536657
0.967741935483872
0.967741935483872
0.967741935483872
0.771143695014663
Gen 104
0.967741935483871
0.956886395511922
0.967741935483872
0.967741935483872
0.967741935483872
0.924319775596073
Gen 105
0.967741935483871
0.942989927323729
0.967741935483872
0.967741935483872
0.967741935483872
0.8687339028433
Gen 106
0.967741935483871
0.966774193548388
0.967741935483872
0.967741935483872
0.967741935483872
0.963870967741936
Gen 107
0.967741935483871
0.924516129032259
0.967741935483872
0.967741935483872
0.967741935483872
0.79483870967742
Gen 108
0.967741935483871
0.928000765013388
0.967741935483872
0.967741935483872
0.967741935483872
0.808777253601939
Gen 109
0.967741935483871
0.937096774193549
0.967741935483872
0.967741935483872
0.967741935483872
0.845161290322581
Gen 110
0.967741935483871
0.953548387096775
0.967741935483872
0.967741935483872
0.967741935483872
0.910967741935484
Gen 111
0.967741935483871
0.942434017595309
0.967741935483872
0.967741935483872
0.967741935483872
0.866510263929619
Gen 112
0.967741935483871
0.956129032258065
0.967741935483872
0.967741935483872
0.967741935483872
0.921290322580646
Gen 113
0.967741935483871
0.947039398189469
0.967741935483872
0.967741935483872
0.967741935483872
0.884931786306261
Gen 114
0.967741935483871
0.929032258064517
0.967741935483872
0.967741935483872
0.967741935483872
0.812903225806452
Gen 115
0.967741935483871
0.942579370138978
0.967741935483872
0.967741935483872
0.967741935483872
0.867091674104297
Gen 116
0.967741935483871
0.937096774193549
0.967741935483872
0.967741935483872
0.967741935483872
0.845161290322581
Gen 117
0.967741935483871
0.929237536656892
0.967741935483872
0.967741935483872
0.967741935483872
0.813724340175954
Gen 118
0.967741935483871
0.958064516129033
0.967741935483872
0.967741935483872
0.967741935483872
0.929032258064517
Gen 119
0.967741935483871
0.956423562412343
0.967741935483872
0.967741935483872
0.967741935483872
0.922468443197756
