Gen 1
0.121212121212121
0.00644996549344375
0.025799861973775
0
0
0
Gen 2
0.121212121212121
0.0724219838132881
0.121212121212121
0.09004329004329
0.0512689629211368
0.0271635610766045
Gen 3
0.125541125541126
0.0949078361252274
0.121385281385281
0.121212121212121
0.0943722943722944
0.0426616475312127
Gen 4
0.12987012987013
0.112435284522241
0.122077922077922
0.121212121212121
0.121212121212121
0.0852389735867997
Gen 5
0.12987012987013
0.114792396009787
0.122597402597403
0.121212121212121
0.121212121212121
0.0941479390175042
Gen 6
0.12987012987013
0.11738979860719
0.124329004329004
0.121212121212121
0.121212121212121
0.102805947675513
Gen 7
0.12987012987013
0.11738979860719
0.126753246753247
0.121212121212121
0.121212121212121
0.10038170525127
Gen 8
0.12987012987013
0.122207792207792
0.129350649350649
0.123809523809524
0.121212121212121
0.114458874458874
Gen 9
0.177489177489178
0.123766233766234
0.131774891774892
0.127445887445888
0.121904761904762
0.113939393939394
Gen 10
0.177489177489178
0.122380952380952
0.133679653679654
0.128831168831169
0.122770562770563
0.104242424242424
Gen 11
0.177489177489178
0.127878787878788
0.143203463203463
0.12987012987013
0.126926406926407
0.111515151515151
Gen 12
0.177489177489178
0.136060606060606
0.171774891774892
0.12987012987013
0.12969696969697
0.112900432900433
Gen 13
0.177489177489178
0.146147186147186
0.177489177489178
0.171774891774892
0.12987012987013
0.105454545454545
Gen 14
0.177489177489178
0.153463203463203
0.177489177489178
0.177489177489178
0.152727272727273
0.106147186147186
Gen 15
0.177489177489178
0.15995670995671
0.177489177489178
0.177489177489178
0.177489177489178
0.107359307359307
Gen 16
0.186147186147186
0.166536796536796
0.177835497835498
0.177489177489178
0.177489177489178
0.133333333333333
Gen 17
0.186147186147186
0.174805194805195
0.178874458874459
0.177489177489178
0.177489177489178
0.165367965367965
Gen 18
0.186147186147186
0.172112930547713
0.17991341991342
0.177489177489178
0.177489177489178
0.153559947299078
Gen 19
0.186147186147186
0.170251458686241
0.182510822510823
0.177489177489178
0.177489177489178
0.143516657255788
Gen 20
0.186147186147186
0.175792584227367
0.186147186147186
0.1795670995671
0.177489177489178
0.159966873706004
Gen 21
0.186147186147186
0.181376999811782
0.186147186147186
0.185627705627706
0.177662337662338
0.1760707698099
Gen 22
0.186147186147186
0.183246753246753
0.186147186147186
0.186147186147186
0.183203463203463
0.177489177489178
Gen 23
0.186147186147186
0.183896103896104
0.186147186147186
0.186147186147186
0.185800865800866
0.177489177489178
Gen 24
0.186147186147186
0.17952380952381
0.186147186147186
0.186147186147186
0.186147186147186
0.15965367965368
Gen 25
0.186147186147186
0.176147186147186
0.186147186147186
0.186147186147186
0.186147186147186
0.146147186147186
Gen 26
0.186147186147186
0.181255411255411
0.186147186147186
0.186147186147186
0.186147186147186
0.166580086580087
Gen 27
0.186147186147186
0.183203463203463
0.186147186147186
0.186147186147186
0.186147186147186
0.174372294372294
Gen 28
0.186147186147186
0.181385281385282
0.186147186147186
0.186147186147186
0.186147186147186
0.167099567099567
Gen 29
0.186147186147186
0.185454545454546
0.186147186147186
0.186147186147186
0.186147186147186
0.183376623376623
Gen 30
0.186147186147186
0.183419913419914
0.186147186147186
0.186147186147186
0.186147186147186
0.175238095238095
Gen 31
0.186147186147186
0.18017316017316
0.186147186147186
0.186147186147186
0.186147186147186
0.162251082251082
Gen 32
0.186147186147186
0.185021645021645
0.186147186147186
0.186147186147186
0.186147186147186
0.181645021645022
Gen 33
0.186147186147186
0.183246753246753
0.186147186147186
0.186147186147186
0.186147186147186
0.174545454545455
Gen 34
0.186147186147186
0.183246753246753
0.186147186147186
0.186147186147186
0.186147186147186
0.174545454545455
Gen 35
0.203463203463203
0.183307735742518
0.186839826839827
0.186147186147186
0.186147186147186
0.174096743835874
Gen 36
0.203463203463203
0.182770562770563
0.187532467532468
0.186147186147186
0.186147186147186
0.171255411255411
Gen 37
0.203463203463203
0.183549783549784
0.188917748917749
0.186147186147186
0.186147186147186
0.172987012987013
Gen 38
0.203463203463203
0.184718614718615
0.193766233766234
0.186147186147186
0.186147186147186
0.172813852813853
Gen 39
0.203463203463203
0.18017316017316
0.198614718614718
0.186147186147186
0.186147186147186
0.14978354978355
Gen 40
0.203463203463203
0.18987012987013
0.203463203463203
0.195324675324675
0.186147186147186
0.174545454545455
Gen 41
0.203463203463203
0.195108225108225
0.203463203463203
0.203463203463203
0.187705627705628
0.185800865800866
Gen 42
0.203463203463203
0.196796536796537
0.203463203463203
0.203463203463203
0.194458874458874
0.185800865800866
Gen 43
0.203463203463203
0.194190852625635
0.203463203463203
0.203463203463203
0.200692640692641
0.169144362883493
Gen 44
0.203463203463203
0.194840203274986
0.203463203463203
0.203463203463203
0.203463203463203
0.168971202710333
Gen 45
0.203463203463203
0.199905138339921
0.203463203463203
0.203463203463203
0.203463203463203
0.189230942970073
Gen 46
0.203463203463203
0.193454921889704
0.203463203463203
0.203463203463203
0.203463203463203
0.163430077169208
Gen 47
0.203463203463203
0.197654056088839
0.203463203463203
0.203463203463203
0.203463203463203
0.180226613965744
Gen 48
0.203463203463203
0.196060606060606
0.203463203463203
0.203463203463203
0.203463203463203
0.173852813852814
Gen 49
0.203463203463203
0.198268398268398
0.203463203463203
0.203463203463203
0.203463203463203
0.182683982683983
Gen 50
0.203463203463203
0.19952380952381
0.203463203463203
0.203463203463203
0.203463203463203
0.187705627705628
Gen 51
0.203463203463203
0.198138528138528
0.203463203463203
0.203463203463203
0.203463203463203
0.182164502164502
Gen 52
0.203463203463203
0.201558441558442
0.203463203463203
0.203463203463203
0.203463203463203
0.195844155844156
Gen 53
0.203463203463203
0.19890946734425
0.203463203463203
0.203463203463203
0.203463203463203
0.185248258987389
Gen 54
0.203463203463203
0.202510822510823
0.203463203463203
0.203463203463203
0.203463203463203
0.19965367965368
Gen 55
0.203463203463203
0.197142857142857
0.203463203463203
0.203463203463203
0.203463203463203
0.178181818181818
Gen 56
0.203463203463203
0.198787878787879
0.203463203463203
0.203463203463203
0.203463203463203
0.184761904761905
Gen 57
0.203463203463203
0.202077922077922
0.203463203463203
0.203463203463203
0.203463203463203
0.197922077922078
Gen 58
0.203463203463203
0.196203902377815
0.203463203463203
0.203463203463203
0.203463203463203
0.174425999121651
Gen 59
0.203463203463203
0.200692640692641
0.203463203463203
0.203463203463203
0.203463203463203
0.192380952380952
Gen 60
0.203463203463203
0.200606060606061
0.203463203463203
0.203463203463203
0.203463203463203
0.192034632034632
Gen 61
0.203463203463203
0.20021645021645
0.203463203463203
0.203463203463203
0.203463203463203
0.19047619047619
Gen 62
0.203463203463203
0.197359307359307
0.203463203463203
0.203463203463203
0.203463203463203
0.179047619047619
Gen 63
0.203463203463203
0.201212121212121
0.203463203463203
0.203463203463203
0.203463203463203
0.194458874458874
Gen 64
0.203463203463203
0.195800865800866
0.203463203463203
0.203463203463203
0.203463203463203
0.172813852813853
Gen 65
0.203463203463203
0.198225108225108
0.203463203463203
0.203463203463203
0.203463203463203
0.182510822510822
Gen 66
0.203463203463203
0.19952380952381
0.203463203463203
0.203463203463203
0.203463203463203
0.187705627705628
Gen 67
0.203463203463203
0.198614718614719
0.203463203463203
0.203463203463203
0.203463203463203
0.184069264069264
Gen 68
0.203463203463203
0.198008658008658
0.203463203463203
0.203463203463203
0.203463203463203
0.181645021645022
Gen 69
0.203463203463203
0.19952380952381
0.203463203463203
0.203463203463203
0.203463203463203
0.187705627705628
Gen 70
0.203463203463203
0.198441558441559
0.203463203463203
0.203463203463203
0.203463203463203
0.183376623376623
Gen 71
0.203463203463203
0.201255411255411
0.203463203463203
0.203463203463203
0.203463203463203
0.194632034632035
Gen 72
0.212121212121212
0.202597402597403
0.203809523809524
0.203463203463203
0.203463203463203
0.19965367965368
Gen 73
0.212121212121212
0.203549783549784
0.203809523809524
0.203463203463203
0.203463203463203
0.203463203463203
Gen 74
0.212121212121212
0.202251082251082
0.204155844155844
0.203463203463203
0.203463203463203
0.197922077922078
Gen 75
0.212121212121212
0.20030303030303
0.204502164502165
0.203463203463203
0.203463203463203
0.18978354978355
Gen 76
0.212121212121212
0.203982683982684
0.205541125541126
0.203463203463203
0.203463203463203
0.203463203463203
Gen 77
0.212121212121212
0.202467532467533
0.207619047619048
0.203463203463203
0.203463203463203
0.195324675324675
Gen 78
0.212121212121212
0.201558441558442
0.212121212121212
0.203463203463203
0.203463203463203
0.187186147186147
Gen 79
0.212121212121212
0.203116883116883
0.212121212121212
0.20969696969697
0.203463203463203
0.187186147186147
Gen 80
0.212121212121212
0.202857142857143
0.212121212121212
0.212121212121212
0.205194805194805
0.181991341991342
Gen 81
0.212121212121212
0.204978354978355
0.212121212121212
0.212121212121212
0.21004329004329
0.185627705627706
Gen 82
0.212121212121212
0.210346320346321
0.212121212121212
0.212121212121212
0.212121212121212
0.205021645021645
Gen 83
0.212121212121212
0.205584415584416
0.212121212121212
0.212121212121212
0.212121212121212
0.185974025974026
Gen 84
0.212121212121212
0.208787878787879
0.212121212121212
0.212121212121212
0.212121212121212
0.198787878787879
Gen 85
0.212121212121212
0.205281385281385
0.212121212121212
0.212121212121212
0.212121212121212
0.184761904761905
Gen 86
0.212121212121212
0.210822510822511
0.212121212121212
0.212121212121212
0.212121212121212
0.206926406926407
Gen 87
0.212121212121212
0.207619047619048
0.212121212121212
0.212121212121212
0.212121212121212
0.194112554112554
Gen 88
0.212121212121212
0.20034632034632
0.212121212121212
0.212121212121212
0.212121212121212
0.165021645021645
Gen 89
0.212121212121212
0.208919631093544
0.212121212121212
0.212121212121212
0.212121212121212
0.19931488801054
Gen 90
0.212121212121212
0.201471861471862
0.212121212121212
0.212121212121212
0.212121212121212
0.169523809523809
Gen 91
0.212121212121212
0.20030303030303
0.212121212121212
0.212121212121212
0.212121212121212
0.164848484848485
Gen 92
0.212121212121212
0.21008658008658
0.212121212121212
0.212121212121212
0.212121212121212
0.203982683982684
Gen 93
0.212121212121212
0.208744588744589
0.212121212121212
0.212121212121212
0.212121212121212
0.198614718614719
Gen 94
0.212121212121212
0.212034632034632
0.212121212121212
0.212121212121212
0.212121212121212
0.211774891774892
Gen 95
0.212121212121212
0.211125541125541
0.212121212121212
0.212121212121212
0.212121212121212
0.208138528138528
Gen 96
0.212121212121212
0.209004329004329
0.212121212121212
0.212121212121212
0.212121212121212
0.19965367965368
Gen 97
0.212121212121212
0.21021645021645
0.212121212121212
0.212121212121212
0.212121212121212
0.204502164502164
Gen 98
0.212121212121212
0.205064935064935
0.212121212121212
0.212121212121212
0.212121212121212
0.183896103896104
Gen 99
0.212121212121212
0.206450216450216
0.212121212121212
0.212121212121212
0.212121212121212
0.189437229437229
Gen 100
0.212121212121212
0.211818181818182
0.212121212121212
0.212121212121212
0.212121212121212
0.210909090909091
Gen 101
0.212121212121212
0.205757575757576
0.212121212121212
0.212121212121212
0.212121212121212
0.186666666666667
Gen 102
0.212121212121212
0.21
0.212121212121212
0.212121212121212
0.212121212121212
0.203636363636364
Gen 103
0.212121212121212
0.207575757575758
0.212121212121212
0.212121212121212
0.212121212121212
0.193939393939394
Gen 104
0.212121212121212
0.206233766233766
0.212121212121212
0.212121212121212
0.212121212121212
0.188571428571428
Gen 105
0.212121212121212
0.203768115942029
0.212121212121212
0.212121212121212
0.212121212121212
0.178708827404479
Gen 106
0.212121212121212
0.204632034632035
0.212121212121212
0.212121212121212
0.212121212121212
0.182164502164502
Gen 107
0.212121212121212
0.207229437229437
0.212121212121212
0.212121212121212
0.212121212121212
0.192554112554112
Gen 108
0.212121212121212
0.203939393939394
0.212121212121212
0.212121212121212
0.212121212121212
0.179393939393939
Gen 109
0.212121212121212
0.210865800865801
0.212121212121212
0.212121212121212
0.212121212121212
0.207099567099567
Gen 110
0.212121212121212
0.203203463203463
0.212121212121212
0.212121212121212
0.212121212121212
0.176450216450216
Gen 111
0.212121212121212
0.207575757575758
0.212121212121212
0.212121212121212
0.212121212121212
0.193939393939394
Gen 112
0.212121212121212
0.210649350649351
0.212121212121212
0.212121212121212
0.212121212121212
0.206233766233766
Gen 113
0.212121212121212
0.209393939393939
0.212121212121212
0.212121212121212
0.212121212121212
0.201212121212121
Gen 114
0.212121212121212
0.211168831168831
0.212121212121212
0.212121212121212
0.212121212121212
0.208311688311688
Gen 115
0.212121212121212
0.210909090909091
0.212121212121212
0.212121212121212
0.212121212121212
0.207272727272727
Gen 116
0.212121212121212
0.204761904761905
0.212121212121212
0.212121212121212
0.212121212121212
0.182683982683983
Gen 117
0.212121212121212
0.205757575757576
0.212121212121212
0.212121212121212
0.212121212121212
0.186666666666667
Gen 118
0.216450216450216
0.210735930735931
0.212294372294372
0.212121212121212
0.212121212121212
0.206406926406926
Gen 119
0.216450216450216
0.208961038961039
0.212467532467532
0.212121212121212
0.212121212121212
0.199134199134199
Gen 120
0.216450216450216
0.206406926406926
0.212640692640693
0.212121212121212
0.212121212121212
0.188744588744589
Gen 121
0.216450216450216
0.206536796536797
0.213506493506493
0.212121212121212
0.212121212121212
0.188398268398268
Gen 122
0.216450216450216
0.205281385281385
0.214718614718615
0.212121212121212
0.212121212121212
0.182164502164502
Gen 123
0.216450216450216
0.21025974025974
0.216450216450216
0.212121212121212
0.212121212121212
0.20034632034632
Gen 124
0.216450216450216
0.209177489177489
0.216450216450216
0.214718614718615
0.212121212121212
0.193419913419913
Gen 125
0.216450216450216
0.209653679653679
0.216450216450216
0.216450216450216
0.212640692640693
0.193073593073593
Gen 126
0.216450216450216
0.209913670870192
0.216450216450216
0.216450216450216
0.214718614718615
0.192035635861723
Gen 127
0.216450216450216
0.211342242298764
0.216450216450216
0.216450216450216
0.215411255411255
0.197057280883368
Gen 128
0.216450216450216
0.213549783549783
0.216450216450216
0.216450216450216
0.216277056277056
0.205021645021645
Gen 129
0.216450216450216
0.212554112554112
0.216450216450216
0.216450216450216
0.216450216450216
0.200865800865801
Gen 130
0.216450216450216
0.215064935064935
0.216450216450216
0.216450216450216
0.216450216450216
0.210909090909091
Gen 131
0.216450216450216
0.215324675324675
0.216450216450216
0.216450216450216
0.216450216450216
0.211948051948052
Gen 132
0.216450216450216
0.208917748917749
0.216450216450216
0.216450216450216
0.216450216450216
0.186320346320346
Gen 133
0.216450216450216
0.211082251082251
0.216450216450216
0.216450216450216
0.216450216450216
0.194978354978355
Gen 134
0.216450216450216
0.209264069264069
0.216450216450216
0.216450216450216
0.216450216450216
0.187705627705628
Gen 135
0.216450216450216
0.211082251082251
0.216450216450216
0.216450216450216
0.216450216450216
0.194978354978355
Gen 136
0.216450216450216
0.213290043290043
0.216450216450216
0.216450216450216
0.216450216450216
0.203809523809524
Gen 137
0.216450216450216
0.215670995670995
0.216450216450216
0.216450216450216
0.216450216450216
0.213333333333333
Gen 138
0.216450216450216
0.208268398268398
0.216450216450216
0.216450216450216
0.216450216450216
0.183722943722944
Gen 139
0.216450216450216
0.208354978354978
0.216450216450216
0.216450216450216
0.216450216450216
0.184069264069264
Gen 140
0.216450216450216
0.214761904761904
0.216450216450216
0.216450216450216
0.216450216450216
0.20969696969697
Gen 141
0.216450216450216
0.21008658008658
0.216450216450216
0.216450216450216
0.216450216450216
0.190995670995671
Gen 142
0.216450216450216
0.209220779220779
0.216450216450216
0.216450216450216
0.216450216450216
0.187532467532468
Gen 143
0.216450216450216
0.207922077922078
0.216450216450216
0.216450216450216
0.216450216450216
0.182337662337662
Gen 144
0.216450216450216
0.211948051948052
0.216450216450216
0.216450216450216
0.216450216450216
0.198441558441558
Gen 145
0.216450216450216
0.211168831168831
0.216450216450216
0.216450216450216
0.216450216450216
0.195324675324675
Gen 146
0.216450216450216
0.206580086580086
0.216450216450216
0.216450216450216
0.216450216450216
0.176969696969697
Gen 147
0.216450216450216
0.213463203463203
0.216450216450216
0.216450216450216
0.216450216450216
0.204502164502164
Gen 148
0.216450216450216
0.215238095238095
0.216450216450216
0.216450216450216
0.216450216450216
0.211601731601732
Gen 149
0.216450216450216
0.213197816676077
0.216450216450216
0.216450216450216
0.216450216450216
0.203440617353661
Gen 150
0.216450216450216
0.214112554112554
0.216450216450216
0.216450216450216
0.216450216450216
0.207099567099567
Gen 151
0.216450216450216
0.20995670995671
0.216450216450216
0.216450216450216
0.216450216450216
0.19047619047619
Gen 152
0.216450216450216
0.215714285714285
0.216450216450216
0.216450216450216
0.216450216450216
0.213506493506493
Gen 153
0.216450216450216
0.215584415584415
0.216450216450216
0.216450216450216
0.216450216450216
0.212987012987013
Gen 154
0.216450216450216
0.210822510822511
0.216450216450216
0.216450216450216
0.216450216450216
0.193939393939394
Gen 155
0.216450216450216
0.209220779220779
0.216450216450216
0.216450216450216
0.216450216450216
0.187532467532468
Gen 156
0.216450216450216
0.212424242424242
0.216450216450216
0.216450216450216
0.216450216450216
0.20034632034632
Gen 157
0.216450216450216
0.212770562770562
0.216450216450216
0.216450216450216
0.216450216450216
0.201731601731602
Gen 158
0.216450216450216
0.208354978354978
0.216450216450216
0.216450216450216
0.216450216450216
0.184069264069264
Gen 159
0.216450216450216
0.21025974025974
0.216450216450216
0.216450216450216
0.216450216450216
0.191688311688312
Gen 160
0.216450216450216
0.212857142857143
0.216450216450216
0.216450216450216
0.216450216450216
0.202077922077922
Gen 161
0.216450216450216
0.215064935064935
0.216450216450216
0.216450216450216
0.216450216450216
0.210909090909091
Gen 162
0.216450216450216
0.21073593073593
0.216450216450216
0.216450216450216
0.216450216450216
0.193593073593074
Gen 163
0.216450216450216
0.215930735930736
0.216450216450216
0.216450216450216
0.216450216450216
0.214372294372294
Gen 164
0.216450216450216
0.212294372294372
0.216450216450216
0.216450216450216
0.216450216450216
0.19982683982684
Gen 165
0.216450216450216
0.209350649350649
0.216450216450216
0.216450216450216
0.216450216450216
0.188051948051948
Gen 166
0.216450216450216
0.20987012987013
0.216450216450216
0.216450216450216
0.216450216450216
0.19012987012987
Gen 167
0.216450216450216
0.211341991341991
0.216450216450216
0.216450216450216
0.216450216450216
0.196017316017316
Gen 168
0.216450216450216
0.214718614718614
0.216450216450216
0.216450216450216
0.216450216450216
0.20952380952381
Gen 169
0.216450216450216
0.212900432900433
0.216450216450216
0.216450216450216
0.216450216450216
0.202251082251082
Gen 170
0.216450216450216
0.215064935064935
0.216450216450216
0.216450216450216
0.216450216450216
0.210909090909091
Gen 171
0.216450216450216
0.215064935064935
0.216450216450216
0.216450216450216
0.216450216450216
0.210909090909091
Gen 172
0.216450216450216
0.215064935064935
0.216450216450216
0.216450216450216
0.216450216450216
0.210909090909091
Gen 173
0.216450216450216
0.216450216450216
0.216450216450216
0.216450216450216
0.216450216450216
0.216450216450216
Gen 174
0.216450216450216
0.21073593073593
0.216450216450216
0.216450216450216
0.216450216450216
0.193593073593074
Gen 175
0.216450216450216
0.215238095238095
0.216450216450216
0.216450216450216
0.216450216450216
0.211601731601732
Gen 176
0.216450216450216
0.211255411255411
0.216450216450216
0.216450216450216
0.216450216450216
0.195670995670996
Gen 177
0.216450216450216
0.215324675324675
0.216450216450216
0.216450216450216
0.216450216450216
0.211948051948052
Gen 178
0.216450216450216
0.209523809523809
0.216450216450216
0.216450216450216
0.216450216450216
0.188744588744589
Gen 179
0.216450216450216
0.21064935064935
0.216450216450216
0.216450216450216
0.216450216450216
0.193246753246753
Gen 180
0.216450216450216
0.214978354978355
0.216450216450216
0.216450216450216
0.216450216450216
0.210562770562771
Gen 181
0.216450216450216
0.210822510822511
0.216450216450216
0.216450216450216
0.216450216450216
0.193939393939394
Gen 182
0.216450216450216
0.212987012987013
0.216450216450216
0.216450216450216
0.216450216450216
0.202597402597403
Gen 183
0.216450216450216
0.212034632034632
0.216450216450216
0.216450216450216
0.216450216450216
0.198787878787879
Gen 184
0.216450216450216
0.20991341991342
0.216450216450216
0.216450216450216
0.216450216450216
0.19030303030303
Gen 185
0.216450216450216
0.21051948051948
0.216450216450216
0.216450216450216
0.216450216450216
0.192727272727273
Gen 186
0.216450216450216
0.211755317146621
0.216450216450216
0.216450216450216
0.216450216450216
0.197670619235837
Gen 187
0.216450216450216
0.216344061735366
0.216450216450216
0.216450216450216
0.216450216450216
0.216025597590815
Gen 188
0.216450216450216
0.214199134199134
0.216450216450216
0.216450216450216
0.216450216450216
0.207445887445887
Gen 189
0.216450216450216
0.216363636363636
0.216450216450216
0.216450216450216
0.216450216450216
0.216103896103896
Gen 190
0.216450216450216
0.213246753246753
0.216450216450216
0.216450216450216
0.216450216450216
0.203636363636364
Gen 191
0.216450216450216
0.214112554112554
0.216450216450216
0.216450216450216
0.216450216450216
0.207099567099567
Gen 192
0.216450216450216
0.214199134199134
0.216450216450216
0.216450216450216
0.216450216450216
0.207445887445887
Gen 193
0.216450216450216
0.214199134199134
0.216450216450216
0.216450216450216
0.216450216450216
0.207445887445887
Gen 194
0.216450216450216
0.216363636363636
0.216450216450216
0.216450216450216
0.216450216450216
0.216103896103896
Gen 195
0.216450216450216
0.21012987012987
0.216450216450216
0.216450216450216
0.216450216450216
0.191168831168831
Gen 196
0.216450216450216
0.213679653679653
0.216450216450216
0.216450216450216
0.216450216450216
0.205367965367965
Gen 197
0.216450216450216
0.213333333333333
0.216450216450216
0.216450216450216
0.216450216450216
0.203982683982684
Gen 198
0.216450216450216
0.211038961038961
0.216450216450216
0.216450216450216
0.216450216450216
0.194805194805195
Gen 199
0.216450216450216
0.213852813852814
0.216450216450216
0.216450216450216
0.216450216450216
0.206060606060606
Gen 200
0.216450216450216
0.212121212121212
0.216450216450216
0.216450216450216
0.216450216450216
0.199134199134199
Gen 201
0.216450216450216
0.213939393939394
0.216450216450216
0.216450216450216
0.216450216450216
0.206406926406926
Gen 202
0.216450216450216
0.213809523809524
0.216450216450216
0.216450216450216
0.216450216450216
0.205887445887446
Gen 203
0.216450216450216
0.211688311688311
0.216450216450216
0.216450216450216
0.216450216450216
0.197402597402597
Gen 204
0.216450216450216
0.215151515151515
0.216450216450216
0.216450216450216
0.216450216450216
0.211255411255411
Gen 205
0.216450216450216
0.215324675324675
0.216450216450216
0.216450216450216
0.216450216450216
0.211948051948052
Gen 206
0.216450216450216
0.212813852813853
0.216450216450216
0.216450216450216
0.216450216450216
0.201904761904762
Gen 207
0.216450216450216
0.212467532467532
0.216450216450216
0.216450216450216
0.216450216450216
0.20051948051948
Gen 208
0.216450216450216
0.210822510822511
0.216450216450216
0.216450216450216
0.216450216450216
0.193939393939394
Gen 209
0.216450216450216
0.21030303030303
0.216450216450216
0.216450216450216
0.216450216450216
0.191861471861472
Gen 210
0.216450216450216
0.204761904761905
0.216450216450216
0.216450216450216
0.216450216450216
0.16969696969697
Gen 211
0.216450216450216
0.208725014116318
0.216450216450216
0.216450216450216
0.216450216450216
0.185549407114625
Gen 212
0.216450216450216
0.213333333333333
0.216450216450216
0.216450216450216
0.216450216450216
0.203982683982684
Gen 213
0.216450216450216
0.204545454545454
0.216450216450216
0.216450216450216
0.216450216450216
0.168831168831169
Gen 214
0.216450216450216
0.213246753246753
0.216450216450216
0.216450216450216
0.216450216450216
0.203636363636364
Gen 215
0.216450216450216
0.215670995670995
0.216450216450216
0.216450216450216
0.216450216450216
0.213333333333333
Gen 216
0.216450216450216
0.212554112554112
0.216450216450216
0.216450216450216
0.216450216450216
0.200865800865801
Gen 217
0.216450216450216
0.215411255411255
0.216450216450216
0.216450216450216
0.216450216450216
0.212294372294372
Gen 218
0.216450216450216
0.216103896103896
0.216450216450216
0.216450216450216
0.216450216450216
0.215064935064935
Gen 219
0.216450216450216
0.216450216450216
0.216450216450216
0.216450216450216
0.216450216450216
0.216450216450216
Gen 220
0.216450216450216
0.211212121212121
0.216450216450216
0.216450216450216
0.216450216450216
0.195497835497835
Gen 221
0.216450216450216
0.213376623376623
0.216450216450216
0.216450216450216
0.216450216450216
0.204155844155844
Gen 222
0.216450216450216
0.212290482464395
0.216450216450216
0.216450216450216
0.216450216450216
0.199811280506933
Gen 223
0.216450216450216
0.213116883116883
0.216450216450216
0.216450216450216
0.216450216450216
0.203116883116883
Gen 224
0.216450216450216
0.214242424242424
0.216450216450216
0.216450216450216
0.216450216450216
0.207619047619048
Gen 225
0.216450216450216
0.21012987012987
0.216450216450216
0.216450216450216
0.216450216450216
0.191168831168831
Gen 226
0.216450216450216
0.208787878787878
0.216450216450216
0.216450216450216
0.216450216450216
0.185800865800866
Gen 227
0.216450216450216
0.213982683982684
0.216450216450216
0.216450216450216
0.216450216450216
0.206580086580087
Gen 228
0.216450216450216
0.213116883116883
0.216450216450216
0.216450216450216
0.216450216450216
0.203116883116883
Gen 229
0.216450216450216
0.215367965367965
0.216450216450216
0.216450216450216
0.216450216450216
0.212121212121212
Gen 230
0.216450216450216
0.215271974402409
0.216450216450216
0.216450216450216
0.216450216450216
0.211737248258987
Gen 231
0.216450216450216
0.207316017316017
0.216450216450216
0.216450216450216
0.216450216450216
0.17991341991342
Gen 232
0.216450216450216
0.21038961038961
0.216450216450216
0.216450216450216
0.216450216450216
0.192207792207792
Gen 233
0.216450216450216
0.213333333333333
0.216450216450216
0.216450216450216
0.216450216450216
0.203982683982684
Gen 234
0.216450216450216
0.211125541125541
0.216450216450216
0.216450216450216
0.216450216450216
0.195151515151515
Gen 235
0.216450216450216
0.213290043290043
0.216450216450216
0.216450216450216
0.216450216450216
0.203809523809524
Gen 236
0.216450216450216
0.212943722943723
0.216450216450216
0.216450216450216
0.216450216450216
0.202424242424242
Gen 237
0.216450216450216
0.213290043290043
0.216450216450216
0.216450216450216
0.216450216450216
0.203809523809524
Gen 238
0.216450216450216
0.209696969696969
0.216450216450216
0.216450216450216
0.216450216450216
0.189437229437229
Gen 239
0.216450216450216
0.211428571428571
0.216450216450216
0.216450216450216
0.216450216450216
0.196363636363636
Gen 240
0.216450216450216
0.208611958090219
0.216450216450216
0.216450216450216
0.216450216450216
0.185097183010226
Gen 241
0.216450216450216
0.213722943722943
0.216450216450216
0.216450216450216
0.216450216450216
0.205541125541126
Gen 242
0.216450216450216
0.21073593073593
0.216450216450216
0.216450216450216
0.216450216450216
0.193593073593074
Gen 243
0.216450216450216
0.216277056277056
0.216450216450216
0.216450216450216
0.216450216450216
0.215757575757576
Gen 244
0.216450216450216
0.205329945416902
0.216450216450216
0.216450216450216
0.216450216450216
0.171969132316958
Gen 245
0.216450216450216
0.212337662337662
0.216450216450216
0.216450216450216
0.216450216450216
0.2
Gen 246
0.216450216450216
0.213246753246753
0.216450216450216
0.216450216450216
0.216450216450216
0.203636363636364
Gen 247
0.216450216450216
0.215411255411255
0.216450216450216
0.216450216450216
0.216450216450216
0.212294372294372
Gen 248
0.216450216450216
0.216103896103896
0.216450216450216
0.216450216450216
0.216450216450216
0.215064935064935
Gen 249
0.216450216450216
0.213939393939394
0.216450216450216
0.216450216450216
0.216450216450216
0.206406926406926
Gen 250
0.216450216450216
0.213073593073593
0.216450216450216
0.216450216450216
0.216450216450216
0.202943722943723
Gen 251
0.216450216450216
0.212666039274735
0.216450216450216
0.216450216450216
0.216450216450216
0.20131350774829
Gen 252
0.216450216450216
0.215696342305038
0.216450216450216
0.216450216450216
0.216450216450216
0.213434719869502
Gen 253
0.216450216450216
0.212146558755254
0.216450216450216
0.216450216450216
0.216450216450216
0.199235585670368
Gen 254
0.216450216450216
0.20995670995671
0.216450216450216
0.216450216450216
0.216450216450216
0.19047619047619
Gen 255
0.216450216450216
0.210909090909091
0.216450216450216
0.216450216450216
0.216450216450216
0.194285714285714
Gen 256
0.216450216450216
0.204372294372294
0.216450216450216
0.216450216450216
0.216450216450216
0.168138528138528
Gen 257
0.216450216450216
0.215108225108225
0.216450216450216
0.216450216450216
0.216450216450216
0.211082251082251
Gen 258
0.216450216450216
0.214285714285714
0.216450216450216
0.216450216450216
0.216450216450216
0.207792207792208
Gen 259
0.216450216450216
0.214285714285714
0.216450216450216
0.216450216450216
0.216450216450216
0.207792207792208
Gen 260
0.216450216450216
0.214412823891084
0.216450216450216
0.216450216450216
0.216450216450216
0.20830064621369
Gen 261
0.216450216450216
0.213720183198444
0.216450216450216
0.216450216450216
0.216450216450216
0.205530083443127
Gen 262
0.216450216450216
0.212900432900433
0.216450216450216
0.216450216450216
0.216450216450216
0.202251082251082
Gen 263
0.216450216450216
0.215064935064935
0.216450216450216
0.216450216450216
0.216450216450216
0.210909090909091
Gen 264
0.216450216450216
0.211688311688311
0.216450216450216
0.216450216450216
0.216450216450216
0.197402597402597
Gen 265
0.216450216450216
0.212040278562017
0.216450216450216
0.216450216450216
0.216450216450216
0.198810464897421
Gen 266
0.216450216450216
0.214761904761904
0.216450216450216
0.216450216450216
0.216450216450216
0.20969696969697
Gen 267
0.216450216450216
0.20987012987013
0.216450216450216
0.216450216450216
0.216450216450216
0.19012987012987
Gen 268
0.216450216450216
0.215238095238095
0.216450216450216
0.216450216450216
0.216450216450216
0.211601731601732
Gen 269
0.216450216450216
0.213939393939394
0.216450216450216
0.216450216450216
0.216450216450216
0.206406926406926
Gen 270
0.216450216450216
0.214891774891775
0.216450216450216
0.216450216450216
0.216450216450216
0.21021645021645
Gen 271
0.216450216450216
0.214242424242424
0.216450216450216
0.216450216450216
0.216450216450216
0.207619047619048
Gen 272
0.216450216450216
0.211731601731601
0.216450216450216
0.216450216450216
0.216450216450216
0.197575757575758
Gen 273
0.216450216450216
0.212510822510822
0.216450216450216
0.216450216450216
0.216450216450216
0.200692640692641
Gen 274
0.216450216450216
0.208967814793902
0.216450216450216
0.216450216450216
0.216450216450216
0.186520609824958
Gen 275
0.216450216450216
0.212597402597402
0.216450216450216
0.216450216450216
0.216450216450216
0.201038961038961
Gen 276
0.216450216450216
0.212207792207792
0.216450216450216
0.216450216450216
0.216450216450216
0.199480519480519
Gen 277
0.216450216450216
0.214718614718614
0.216450216450216
0.216450216450216
0.216450216450216
0.20952380952381
Gen 278
0.216450216450216
0.215584415584415
0.216450216450216
0.216450216450216
0.216450216450216
0.212987012987013
Gen 279
0.216450216450216
0.211774891774891
0.216450216450216
0.216450216450216
0.216450216450216
0.197748917748918
Gen 280
0.216450216450216
0.213290043290043
0.216450216450216
0.216450216450216
0.216450216450216
0.203809523809524
Gen 281
0.216450216450216
0.216147186147186
0.216450216450216
0.216450216450216
0.216450216450216
0.215238095238095
