Gen 1
0,0909090909090909
0,0822510822510823
0,0346320346320346
0
0
0
0
0
0
0
0
0
0
0
0
0
0
0
0
0
Gen 2
0,0909090909090909
0,0909090909090909
0,0909090909090909
0,0909090909090909
0,0909090909090909
0,0822510822510823
0,0822510822510823
0,0822510822510823
0,0822510822510823
0,0822510822510823
0,0822510822510823
0,012987012987013
0,012987012987013
0,012987012987013
0
0
0
0
0
0
Gen 3
0,0909090909090909
0,0909090909090909
0,0909090909090909
0,0909090909090909
0,0909090909090909
0,0909090909090909
0,0909090909090909
0,0909090909090909
0,0909090909090909
0,0909090909090909
0,0909090909090909
0,0909090909090909
0,0822510822510823
0,0822510822510823
0,0779220779220779
0,012987012987013
0
0
0
0
Gen 4
0,0909090909090909
0,0909090909090909
0,0909090909090909
0,0909090909090909
0,0909090909090909
0,0909090909090909
0,0909090909090909
0,0909090909090909
0,0909090909090909
0,0909090909090909
0,0909090909090909
0,0909090909090909
0,0909090909090909
0,0909090909090909
0,0909090909090909
0,0909090909090909
0,0909090909090909
0,0909090909090909
0,0909090909090909
0
Gen 5
0,0909090909090909
0,0909090909090909
0,0909090909090909
0,0909090909090909
0,0909090909090909
0,0909090909090909
0,0909090909090909
0,0909090909090909
0,0909090909090909
0,0909090909090909
0,0909090909090909
0,0909090909090909
0,0909090909090909
0,0909090909090909
0,0909090909090909
0,0909090909090909
0,0909090909090909
0,0909090909090909
0,0909090909090909
0,0909090909090909
Gen 6
0,0909090909090909
0,0909090909090909
0,0909090909090909
0,0909090909090909
0,0909090909090909
0,0909090909090909
0,0909090909090909
0,0909090909090909
0,0909090909090909
0,0909090909090909
0,0909090909090909
0,0909090909090909
0,0909090909090909
0,0909090909090909
0,0909090909090909
0,0909090909090909
0,0909090909090909
0,0909090909090909
0,0909090909090909
0,0909090909090909
Gen 7
0,0909090909090909
0,0909090909090909
0,0909090909090909
0,0909090909090909
0,0909090909090909
0,0909090909090909
0,0909090909090909
0,0909090909090909
0,0909090909090909
0,0909090909090909
0,0909090909090909
0,0909090909090909
0,0909090909090909
0,0909090909090909
0,0909090909090909
0,0909090909090909
0,0909090909090909
0,0909090909090909
0,0909090909090909
0,0909090909090909
Gen 8
0,0909090909090909
0,0909090909090909
0,0909090909090909
0,0909090909090909
0,0909090909090909
0,0909090909090909
0,0909090909090909
0,0909090909090909
0,0909090909090909
0,0909090909090909
0,0909090909090909
0,0909090909090909
0,0909090909090909
0,0909090909090909
0,0909090909090909
0,0909090909090909
0,0909090909090909
0,0909090909090909
0,0909090909090909
0
Gen 9
0,0909090909090909
0,0909090909090909
0,0909090909090909
0,0909090909090909
0,0909090909090909
0,0909090909090909
0,0909090909090909
0,0909090909090909
0,0909090909090909
0,0909090909090909
0,0909090909090909
0,0909090909090909
0,0909090909090909
0,0909090909090909
0,0909090909090909
0,0909090909090909
0,0909090909090909
0,0909090909090909
0,0909090909090909
0
Gen 10
0,0909090909090909
0,0909090909090909
0,0909090909090909
0,0909090909090909
0,0909090909090909
0,0909090909090909
0,0909090909090909
0,0909090909090909
0,0909090909090909
0,0909090909090909
0,0909090909090909
0,0909090909090909
0,0909090909090909
0,0909090909090909
0,0909090909090909
0,0909090909090909
0,0909090909090909
0,0909090909090909
0,0909090909090909
0,0909090909090909
Gen 11
0,0995670995670996
0,0909090909090909
0,0909090909090909
0,0909090909090909
0,0909090909090909
0,0909090909090909
0,0909090909090909
0,0909090909090909
0,0909090909090909
0,0909090909090909
0,0909090909090909
0,0909090909090909
0,0909090909090909
0,0909090909090909
0,0909090909090909
0,0909090909090909
0,0909090909090909
0,0909090909090909
0,0909090909090909
0,0909090909090909
Gen 12
0,0995670995670996
0,0995670995670996
0,0995670995670996
0,0995670995670996
0,0995670995670996
0,0995670995670996
0,0995670995670996
0,0995670995670996
0,0995670995670996
0,0909090909090909
0,0909090909090909
0,0909090909090909
0,0909090909090909
0,0909090909090909
0,0909090909090909
0,0909090909090909
0,0909090909090909
0,0909090909090909
0,0909090909090909
0,0909090909090909
Gen 13
0,0995670995670996
0,0995670995670996
0,0995670995670996
0,0995670995670996
0,0995670995670996
0,0995670995670996
0,0995670995670996
0,0995670995670996
0,0995670995670996
0,0995670995670996
0,0995670995670996
0,0995670995670996
0,0995670995670996
0,0995670995670996
0,0995670995670996
0,0995670995670996
0,0995670995670996
0,0995670995670996
0,0995670995670996
0,0995670995670996
Gen 14
0,0995670995670996
0,0995670995670996
0,0995670995670996
0,0995670995670996
0,0995670995670996
0,0995670995670996
0,0995670995670996
0,0995670995670996
0,0995670995670996
0,0995670995670996
0,0995670995670996
0,0995670995670996
0,0995670995670996
0,0995670995670996
0,0995670995670996
0,0995670995670996
0,0995670995670996
0,0995670995670996
0,0995670995670996
0,0995670995670996
Gen 15
0,0995670995670996
0,0995670995670996
0,0995670995670996
0,0995670995670996
0,0995670995670996
0,0995670995670996
0,0995670995670996
0,0995670995670996
0,0995670995670996
0,0995670995670996
0,0995670995670996
0,0995670995670996
0,0995670995670996
0,0995670995670996
0,0995670995670996
0,0995670995670996
0,0995670995670996
0,0995670995670996
0,0995670995670996
0
Gen 16
0,0995670995670996
0,0995670995670996
0,0995670995670996
0,0995670995670996
0,0995670995670996
0,0995670995670996
0,0995670995670996
0,0995670995670996
0,0995670995670996
0,0995670995670996
0,0995670995670996
0,0995670995670996
0,0995670995670996
0,0995670995670996
0,0995670995670996
0,0995670995670996
0,0995670995670996
0,0995670995670996
0,0995670995670996
0,0995670995670996
Gen 17
0,0995670995670996
0,0995670995670996
0,0995670995670996
0,0995670995670996
0,0995670995670996
0,0995670995670996
0,0995670995670996
0,0995670995670996
0,0995670995670996
0,0995670995670996
0,0995670995670996
0,0995670995670996
0,0995670995670996
0,0995670995670996
0,0995670995670996
0,0995670995670996
0,0995670995670996
0,0995670995670996
0,0995670995670996
0,0995670995670996
Gen 18
0,0995670995670996
0,0995670995670996
0,0995670995670996
0,0995670995670996
0,0995670995670996
0,0995670995670996
0,0995670995670996
0,0995670995670996
0,0995670995670996
0,0995670995670996
0,0995670995670996
0,0995670995670996
0,0995670995670996
0,0995670995670996
0,0995670995670996
0,0995670995670996
0,0995670995670996
0,0995670995670996
0,0995670995670996
0,0995670995670996
Gen 19
0,0995670995670996
0,0995670995670996
0,0995670995670996
0,0995670995670996
0,0995670995670996
0,0995670995670996
0,0995670995670996
0,0995670995670996
0,0995670995670996
0,0995670995670996
0,0995670995670996
0,0995670995670996
0,0995670995670996
0,0995670995670996
0,0995670995670996
0,0995670995670996
0,0995670995670996
0,0995670995670996
0,0995670995670996
0,0995670995670996
Gen 20
0,0995670995670996
0,0995670995670996
0,0995670995670996
0,0995670995670996
0,0995670995670996
0,0995670995670996
0,0995670995670996
0,0995670995670996
0,0995670995670996
0,0995670995670996
0,0995670995670996
0,0995670995670996
0,0995670995670996
0,0995670995670996
0,0995670995670996
0,0995670995670996
0,0995670995670996
0,0995670995670996
0,0995670995670996
0
Gen 21
0,0995670995670996
0,0995670995670996
0,0995670995670996
0,0995670995670996
0,0995670995670996
0,0995670995670996
0,0995670995670996
0,0995670995670996
0,0995670995670996
0,0995670995670996
0,0995670995670996
0,0995670995670996
0,0995670995670996
0,0995670995670996
0,0995670995670996
0,0995670995670996
0,0995670995670996
0,0995670995670996
0,0995670995670996
0
Gen 22
0,0995670995670996
0,0995670995670996
0,0995670995670996
0,0995670995670996
0,0995670995670996
0,0995670995670996
0,0995670995670996
0,0995670995670996
0,0995670995670996
0,0995670995670996
0,0995670995670996
0,0995670995670996
0,0995670995670996
0,0995670995670996
0,0995670995670996
0,0995670995670996
0,0995670995670996
0,0995670995670996
0,0995670995670996
0
Gen 23
0,0995670995670996
0,0995670995670996
0,0995670995670996
0,0995670995670996
0,0995670995670996
0,0995670995670996
0,0995670995670996
0,0995670995670996
0,0995670995670996
0,0995670995670996
0,0995670995670996
0,0995670995670996
0,0995670995670996
0,0995670995670996
0,0995670995670996
0,0995670995670996
0,0995670995670996
0,0909090909090909
0
0
Gen 24
0,0995670995670996
0,0995670995670996
0,0995670995670996
0,0995670995670996
0,0995670995670996
0,0995670995670996
0,0995670995670996
0,0995670995670996
0,0995670995670996
0,0995670995670996
0,0995670995670996
0,0995670995670996
0,0995670995670996
0,0995670995670996
0,0995670995670996
0,0995670995670996
0,0995670995670996
0,0995670995670996
0,0909090909090909
0
Gen 25
0,0995670995670996
0,0995670995670996
0,0995670995670996
0,0995670995670996
0,0995670995670996
0,0995670995670996
0,0995670995670996
0,0995670995670996
0,0995670995670996
0,0995670995670996
0,0995670995670996
0,0995670995670996
0,0995670995670996
0,0995670995670996
0,0995670995670996
0,0995670995670996
0,0995670995670996
0,0995670995670996
0,0995670995670996
0,0995670995670996
Gen 26
0,0995670995670996
0,0995670995670996
0,0995670995670996
0,0995670995670996
0,0995670995670996
0,0995670995670996
0,0995670995670996
0,0995670995670996
0,0995670995670996
0,0995670995670996
0,0995670995670996
0,0995670995670996
0,0995670995670996
0,0995670995670996
0,0995670995670996
0,0995670995670996
0,0995670995670996
0,0995670995670996
0,0995670995670996
0,0995670995670996
Gen 27
0,0995670995670996
0,0995670995670996
0,0995670995670996
0,0995670995670996
0,0995670995670996
0,0995670995670996
0,0995670995670996
0,0995670995670996
0,0995670995670996
0,0995670995670996
0,0995670995670996
0,0995670995670996
0,0995670995670996
0,0995670995670996
0,0995670995670996
0,0995670995670996
0,0995670995670996
0,0995670995670996
0,0995670995670996
0,0995670995670996
Gen 28
0,0995670995670996
0,0995670995670996
0,0995670995670996
0,0995670995670996
0,0995670995670996
0,0995670995670996
0,0995670995670996
0,0995670995670996
0,0995670995670996
0,0995670995670996
0,0995670995670996
0,0995670995670996
0,0995670995670996
0,0995670995670996
0,0995670995670996
0,0995670995670996
0,0995670995670996
0,0995670995670996
0,0995670995670996
0
Gen 29
0,0995670995670996
0,0995670995670996
0,0995670995670996
0,0995670995670996
0,0995670995670996
0,0995670995670996
0,0995670995670996
0,0995670995670996
0,0995670995670996
0,0995670995670996
0,0995670995670996
0,0995670995670996
0,0995670995670996
0,0995670995670996
0,0995670995670996
0,0995670995670996
0,0995670995670996
0,0995670995670996
0,0995670995670996
0,0995670995670996
Gen 30
0,103896103896104
0,0995670995670996
0,0995670995670996
0,0995670995670996
0,0995670995670996
0,0995670995670996
0,0995670995670996
0,0995670995670996
0,0995670995670996
0,0995670995670996
0,0995670995670996
0,0995670995670996
0,0995670995670996
0,0995670995670996
0,0995670995670996
0,0995670995670996
0,0995670995670996
0,0995670995670996
0,0995670995670996
0,0952380952380952
Gen 31
0,103896103896104
0,103896103896104
0,103896103896104
0,103896103896104
0,103896103896104
0,103896103896104
0,103896103896104
0,0995670995670996
0,0995670995670996
0,0995670995670996
0,0995670995670996
0,0995670995670996
0,0995670995670996
0,0995670995670996
0,0995670995670996
0,0995670995670996
0,0995670995670996
0,0995670995670996
0,0995670995670996
0
Gen 32
0,103896103896104
0,103896103896104
0,103896103896104
0,103896103896104
0,103896103896104
0,103896103896104
0,103896103896104
0,103896103896104
0,103896103896104
0,103896103896104
0,103896103896104
0,103896103896104
0,103896103896104
0,103896103896104
0,103896103896104
0,103896103896104
0,103896103896104
0,103896103896104
0,0995670995670996
0,0995670995670996
Gen 33
0,103896103896104
0,103896103896104
0,103896103896104
0,103896103896104
0,103896103896104
0,103896103896104
0,103896103896104
0,103896103896104
0,103896103896104
0,103896103896104
0,103896103896104
0,103896103896104
0,103896103896104
0,103896103896104
0,103896103896104
0,103896103896104
0,103896103896104
0,103896103896104
0,103896103896104
0
Gen 34
0,103896103896104
0,103896103896104
0,103896103896104
0,103896103896104
0,103896103896104
0,103896103896104
0,103896103896104
0,103896103896104
0,103896103896104
0,103896103896104
0,103896103896104
0,103896103896104
0,103896103896104
0,103896103896104
0,103896103896104
0,103896103896104
0,103896103896104
0,103896103896104
0,103896103896104
0
Gen 35
0,103896103896104
0,103896103896104
0,103896103896104
0,103896103896104
0,103896103896104
0,103896103896104
0,103896103896104
0,103896103896104
0,103896103896104
0,103896103896104
0,103896103896104
0,103896103896104
0,103896103896104
0,103896103896104
0,103896103896104
0,103896103896104
0,103896103896104
0,103896103896104
0,103896103896104
0,103896103896104
Gen 36
0,103896103896104
0,103896103896104
0,103896103896104
0,103896103896104
0,103896103896104
0,103896103896104
0,103896103896104
0,103896103896104
0,103896103896104
0,103896103896104
0,103896103896104
0,103896103896104
0,103896103896104
0,103896103896104
0,103896103896104
0,103896103896104
0,103896103896104
0,103896103896104
0,103896103896104
0,103896103896104
Gen 37
0,12987012987013
0,103896103896104
0,103896103896104
0,103896103896104
0,103896103896104
0,103896103896104
0,103896103896104
0,103896103896104
0,103896103896104
0,103896103896104
0,103896103896104
0,103896103896104
0,103896103896104
0,103896103896104
0,103896103896104
0,103896103896104
0,103896103896104
0,103896103896104
0,103896103896104
0,103896103896104
Gen 38
0,12987012987013
0,12987012987013
0,12987012987013
0,12987012987013
0,12987012987013
0,12987012987013
0,12987012987013
0,12987012987013
0,12987012987013
0,12987012987013
0,12987012987013
0,103896103896104
0,103896103896104
0,103896103896104
0,103896103896104
0,103896103896104
0,103896103896104
0,103896103896104
0,103896103896104
0,0995670995670996
Gen 39
0,12987012987013
0,12987012987013
0,12987012987013
0,12987012987013
0,12987012987013
0,12987012987013
0,12987012987013
0,12987012987013
0,12987012987013
0,12987012987013
0,12987012987013
0,12987012987013
0,12987012987013
0,12987012987013
0,12987012987013
0,12987012987013
0,12987012987013
0,12987012987013
0,12987012987013
0,12987012987013
Gen 40
0,12987012987013
0,12987012987013
0,12987012987013
0,12987012987013
0,12987012987013
0,12987012987013
0,12987012987013
0,12987012987013
0,12987012987013
0,12987012987013
0,12987012987013
0,12987012987013
0,12987012987013
0,12987012987013
0,12987012987013
0,12987012987013
0,12987012987013
0,12987012987013
0,125541125541126
0,125541125541126
Gen 41
0,12987012987013
0,12987012987013
0,12987012987013
0,12987012987013
0,12987012987013
0,12987012987013
0,12987012987013
0,12987012987013
0,12987012987013
0,12987012987013
0,12987012987013
0,12987012987013
0,12987012987013
0,12987012987013
0,12987012987013
0,12987012987013
0,12987012987013
0,12987012987013
0,12987012987013
0,12987012987013
Gen 42
0,12987012987013
0,12987012987013
0,12987012987013
0,12987012987013
0,12987012987013
0,12987012987013
0,12987012987013
0,12987012987013
0,12987012987013
0,12987012987013
0,12987012987013
0,12987012987013
0,12987012987013
0,12987012987013
0,12987012987013
0,12987012987013
0,12987012987013
0,12987012987013
0,12987012987013
0,0476190476190476
Gen 43
0,12987012987013
0,12987012987013
0,12987012987013
0,12987012987013
0,12987012987013
0,12987012987013
0,12987012987013
0,12987012987013
0,12987012987013
0,12987012987013
0,12987012987013
0,12987012987013
0,12987012987013
0,12987012987013
0,12987012987013
0,12987012987013
0,12987012987013
0,12987012987013
0,12987012987013
0
Gen 44
0,12987012987013
0,12987012987013
0,12987012987013
0,12987012987013
0,12987012987013
0,12987012987013
0,12987012987013
0,12987012987013
0,12987012987013
0,12987012987013
0,12987012987013
0,12987012987013
0,12987012987013
0,12987012987013
0,12987012987013
0,12987012987013
0,12987012987013
0,12987012987013
0,12987012987013
0,12987012987013
Gen 45
0,134199134199134
0,12987012987013
0,12987012987013
0,12987012987013
0,12987012987013
0,12987012987013
0,12987012987013
0,12987012987013
0,12987012987013
0,12987012987013
0,12987012987013
0,12987012987013
0,12987012987013
0,12987012987013
0,12987012987013
0,12987012987013
0,12987012987013
0,12987012987013
0,0476190476190476
0
Gen 46
0,134199134199134
0,134199134199134
0,134199134199134
0,134199134199134
0,134199134199134
0,134199134199134
0,134199134199134
0,12987012987013
0,12987012987013
0,12987012987013
0,12987012987013
0,12987012987013
0,12987012987013
0,12987012987013
0,12987012987013
0,12987012987013
0,12987012987013
0,12987012987013
0,12987012987013
0,12987012987013
Gen 47
0,134199134199134
0,134199134199134
0,134199134199134
0,134199134199134
0,134199134199134
0,134199134199134
0,134199134199134
0,134199134199134
0,134199134199134
0,134199134199134
0,134199134199134
0,134199134199134
0,134199134199134
0,134199134199134
0,134199134199134
0,134199134199134
0,134199134199134
0,134199134199134
0,134199134199134
0,134199134199134
Gen 48
0,134199134199134
0,134199134199134
0,134199134199134
0,134199134199134
0,134199134199134
0,134199134199134
0,134199134199134
0,134199134199134
0,134199134199134
0,134199134199134
0,134199134199134
0,134199134199134
0,134199134199134
0,134199134199134
0,134199134199134
0,134199134199134
0,134199134199134
0,134199134199134
0,134199134199134
0,134199134199134
Gen 49
0,134199134199134
0,134199134199134
0,134199134199134
0,134199134199134
0,134199134199134
0,134199134199134
0,134199134199134
0,134199134199134
0,134199134199134
0,134199134199134
0,134199134199134
0,134199134199134
0,134199134199134
0,134199134199134
0,134199134199134
0,134199134199134
0,134199134199134
0,0995670995670996
0,0952380952380952
0
Gen 50
0,134199134199134
0,134199134199134
0,134199134199134
0,134199134199134
0,134199134199134
0,134199134199134
0,134199134199134
0,134199134199134
0,134199134199134
0,134199134199134
0,134199134199134
0,134199134199134
0,134199134199134
0,134199134199134
0,134199134199134
0,134199134199134
0,134199134199134
0,134199134199134
0,134199134199134
0,134199134199134
Gen 51
0,134199134199134
0,134199134199134
0,134199134199134
0,134199134199134
0,134199134199134
0,134199134199134
0,134199134199134
0,134199134199134
0,134199134199134
0,134199134199134
0,134199134199134
0,134199134199134
0,134199134199134
0,134199134199134
0,134199134199134
0,134199134199134
0,134199134199134
0,134199134199134
0,134199134199134
0,108225108225108
Gen 52
0,134199134199134
0,134199134199134
0,134199134199134
0,134199134199134
0,134199134199134
0,134199134199134
0,134199134199134
0,134199134199134
0,134199134199134
0,134199134199134
0,134199134199134
0,134199134199134
0,134199134199134
0,134199134199134
0,134199134199134
0,134199134199134
0,134199134199134
0,134199134199134
0,134199134199134
0
Gen 53
0,134199134199134
0,134199134199134
0,134199134199134
0,134199134199134
0,134199134199134
0,134199134199134
0,134199134199134
0,134199134199134
0,134199134199134
0,134199134199134
0,134199134199134
0,134199134199134
0,134199134199134
0,134199134199134
0,134199134199134
0,134199134199134
0,134199134199134
0,12987012987013
0,108225108225108
0
Gen 54
0,134199134199134
0,134199134199134
0,134199134199134
0,134199134199134
0,134199134199134
0,134199134199134
0,134199134199134
0,134199134199134
0,134199134199134
0,134199134199134
0,134199134199134
0,134199134199134
0,134199134199134
0,134199134199134
0,134199134199134
0,134199134199134
0,134199134199134
0,134199134199134
0,134199134199134
0,125541125541126
Gen 55
0,134199134199134
0,134199134199134
0,134199134199134
0,134199134199134
0,134199134199134
0,134199134199134
0,134199134199134
0,134199134199134
0,134199134199134
0,134199134199134
0,134199134199134
0,134199134199134
0,134199134199134
0,134199134199134
0,134199134199134
0,134199134199134
0,134199134199134
0,108225108225108
0
0
Gen 56
0,134199134199134
0,134199134199134
0,134199134199134
0,134199134199134
0,134199134199134
0,134199134199134
0,134199134199134
0,134199134199134
0,134199134199134
0,134199134199134
0,134199134199134
0,134199134199134
0,134199134199134
0,134199134199134
0,134199134199134
0,134199134199134
0,134199134199134
0,134199134199134
0,134199134199134
0,134199134199134
Gen 57
0,134199134199134
0,134199134199134
0,134199134199134
0,134199134199134
0,134199134199134
0,134199134199134
0,134199134199134
0,134199134199134
0,134199134199134
0,134199134199134
0,134199134199134
0,134199134199134
0,134199134199134
0,134199134199134
0,134199134199134
0,134199134199134
0,134199134199134
0,134199134199134
0,134199134199134
0,134199134199134
Gen 58
0,134199134199134
0,134199134199134
0,134199134199134
0,134199134199134
0,134199134199134
0,134199134199134
0,134199134199134
0,134199134199134
0,134199134199134
0,134199134199134
0,134199134199134
0,134199134199134
0,134199134199134
0,134199134199134
0,134199134199134
0,134199134199134
0,134199134199134
0,134199134199134
0,0995670995670996
0,0432900432900433
Gen 59
0,134199134199134
0,134199134199134
0,134199134199134
0,134199134199134
0,134199134199134
0,134199134199134
0,134199134199134
0,134199134199134
0,134199134199134
0,134199134199134
0,134199134199134
0,134199134199134
0,134199134199134
0,134199134199134
0,134199134199134
0,134199134199134
0,134199134199134
0,134199134199134
0,134199134199134
0,134199134199134
Gen 60
0,134199134199134
0,134199134199134
0,134199134199134
0,134199134199134
0,134199134199134
0,134199134199134
0,134199134199134
0,134199134199134
0,134199134199134
0,134199134199134
0,134199134199134
0,134199134199134
0,134199134199134
0,134199134199134
0,134199134199134
0,134199134199134
0,134199134199134
0,134199134199134
0,134199134199134
0,134199134199134
Gen 61
0,134199134199134
0,134199134199134
0,134199134199134
0,134199134199134
0,134199134199134
0,134199134199134
0,134199134199134
0,134199134199134
0,134199134199134
0,134199134199134
0,134199134199134
0,134199134199134
0,134199134199134
0,134199134199134
0,134199134199134
0,134199134199134
0,134199134199134
0,134199134199134
0,134199134199134
0,134199134199134
Gen 62
0,134199134199134
0,134199134199134
0,134199134199134
0,134199134199134
0,134199134199134
0,134199134199134
0,134199134199134
0,134199134199134
0,134199134199134
0,134199134199134
0,134199134199134
0,134199134199134
0,134199134199134
0,134199134199134
0,134199134199134
0,134199134199134
0,134199134199134
0,134199134199134
0,134199134199134
0,134199134199134
Gen 63
0,134199134199134
0,134199134199134
0,134199134199134
0,134199134199134
0,134199134199134
0,134199134199134
0,134199134199134
0,134199134199134
0,134199134199134
0,134199134199134
0,134199134199134
0,134199134199134
0,134199134199134
0,134199134199134
0,134199134199134
0,134199134199134
0,134199134199134
0,134199134199134
0,134199134199134
0,134199134199134
Gen 64
0,134199134199134
0,134199134199134
0,134199134199134
0,134199134199134
0,134199134199134
0,134199134199134
0,134199134199134
0,134199134199134
0,134199134199134
0,134199134199134
0,134199134199134
0,134199134199134
0,134199134199134
0,134199134199134
0,134199134199134
0,134199134199134
0,134199134199134
0,134199134199134
0,134199134199134
0,12987012987013
Gen 65
0,134199134199134
0,134199134199134
0,134199134199134
0,134199134199134
0,134199134199134
0,134199134199134
0,134199134199134
0,134199134199134
0,134199134199134
0,134199134199134
0,134199134199134
0,134199134199134
0,134199134199134
0,134199134199134
0,134199134199134
0,134199134199134
0,134199134199134
0,134199134199134
0,134199134199134
0
Gen 66
0,169082125603865
0,134199134199134
0,134199134199134
0,134199134199134
0,134199134199134
0,134199134199134
0,134199134199134
0,134199134199134
0,134199134199134
0,134199134199134
0,134199134199134
0,134199134199134
0,134199134199134
0,134199134199134
0,134199134199134
0,134199134199134
0,134199134199134
0,134199134199134
0,12987012987013
0,0952380952380952
Gen 67
0,169082125603865
0,169082125603865
0,169082125603865
0,169082125603865
0,169082125603865
0,169082125603865
0,169082125603865
0,169082125603865
0,169082125603865
0,169082125603865
0,134199134199134
0,134199134199134
0,134199134199134
0,134199134199134
0,134199134199134
0,134199134199134
0,134199134199134
0,134199134199134
0,134199134199134
0,134199134199134
Gen 68
0,169082125603865
0,169082125603865
0,169082125603865
0,169082125603865
0,169082125603865
0,169082125603865
0,169082125603865
0,169082125603865
0,169082125603865
0,169082125603865
0,169082125603865
0,169082125603865
0,169082125603865
0,169082125603865
0,169082125603865
0,169082125603865
0,169082125603865
0,169082125603865
0,169082125603865
0
Gen 69
0,169082125603865
0,169082125603865
0,169082125603865
0,169082125603865
0,169082125603865
0,169082125603865
0,169082125603865
0,169082125603865
0,169082125603865
0,169082125603865
0,169082125603865
0,169082125603865
0,169082125603865
0,169082125603865
0,169082125603865
0,169082125603865
0,169082125603865
0,169082125603865
0,169082125603865
0,169082125603865
Gen 70
0,169082125603865
0,169082125603865
0,169082125603865
0,169082125603865
0,169082125603865
0,169082125603865
0,169082125603865
0,169082125603865
0,169082125603865
0,169082125603865
0,169082125603865
0,169082125603865
0,169082125603865
0,169082125603865
0,169082125603865
0,169082125603865
0,169082125603865
0,169082125603865
0,169082125603865
0,138528138528139
Gen 71
0,169082125603865
0,169082125603865
0,169082125603865
0,169082125603865
0,169082125603865
0,169082125603865
0,169082125603865
0,169082125603865
0,169082125603865
0,169082125603865
0,169082125603865
0,169082125603865
0,169082125603865
0,169082125603865
0,169082125603865
0,169082125603865
0,169082125603865
0,169082125603865
0,169082125603865
0,169082125603865
Gen 72
0,169082125603865
0,169082125603865
0,169082125603865
0,169082125603865
0,169082125603865
0,169082125603865
0,169082125603865
0,169082125603865
0,169082125603865
0,169082125603865
0,169082125603865
0,169082125603865
0,169082125603865
0,169082125603865
0,169082125603865
0,169082125603865
0,169082125603865
0,169082125603865
0,169082125603865
0,169082125603865
Gen 73
0,169082125603865
0,169082125603865
0,169082125603865
0,169082125603865
0,169082125603865
0,169082125603865
0,169082125603865
0,169082125603865
0,169082125603865
0,169082125603865
0,169082125603865
0,169082125603865
0,169082125603865
0,169082125603865
0,169082125603865
0,169082125603865
0,169082125603865
0,169082125603865
0,169082125603865
0,116883116883117
Gen 74
0,169082125603865
0,169082125603865
0,169082125603865
0,169082125603865
0,169082125603865
0,169082125603865
0,169082125603865
0,169082125603865
0,169082125603865
0,169082125603865
0,169082125603865
0,169082125603865
0,169082125603865
0,169082125603865
0,169082125603865
0,169082125603865
0,169082125603865
0,169082125603865
0,169082125603865
0,0432900432900433
Gen 75
0,169082125603865
0,169082125603865
0,169082125603865
0,169082125603865
0,169082125603865
0,169082125603865
0,169082125603865
0,169082125603865
0,169082125603865
0,169082125603865
0,169082125603865
0,169082125603865
0,169082125603865
0,169082125603865
0,169082125603865
0,169082125603865
0,169082125603865
0,169082125603865
0,169082125603865
0,169082125603865
Gen 76
0,169082125603865
0,169082125603865
0,169082125603865
0,169082125603865
0,169082125603865
0,169082125603865
0,169082125603865
0,169082125603865
0,169082125603865
0,169082125603865
0,169082125603865
0,169082125603865
0,169082125603865
0,169082125603865
0,169082125603865
0,169082125603865
0,169082125603865
0,169082125603865
0,169082125603865
0,169082125603865
Gen 77
0,169082125603865
0,169082125603865
0,169082125603865
0,169082125603865
0,169082125603865
0,169082125603865
0,169082125603865
0,169082125603865
0,169082125603865
0,169082125603865
0,169082125603865
0,169082125603865
0,169082125603865
0,169082125603865
0,169082125603865
0,169082125603865
0,169082125603865
0,169082125603865
0,169082125603865
0,169082125603865
Gen 78
0,169082125603865
0,169082125603865
0,169082125603865
0,169082125603865
0,169082125603865
0,169082125603865
0,169082125603865
0,169082125603865
0,169082125603865
0,169082125603865
0,169082125603865
0,169082125603865
0,169082125603865
0,169082125603865
0,169082125603865
0,169082125603865
0,169082125603865
0,169082125603865
0,125541125541126
0,0432900432900433
Gen 79
0,169082125603865
0,169082125603865
0,169082125603865
0,169082125603865
0,169082125603865
0,169082125603865
0,169082125603865
0,169082125603865
0,169082125603865
0,169082125603865
0,169082125603865
0,169082125603865
0,169082125603865
0,169082125603865
0,169082125603865
0,169082125603865
0,169082125603865
0,0476190476190476
0
0
Gen 80
0,169082125603865
0,169082125603865
0,169082125603865
0,169082125603865
0,169082125603865
0,169082125603865
0,169082125603865
0,169082125603865
0,169082125603865
0,169082125603865
0,169082125603865
0,169082125603865
0,169082125603865
0,169082125603865
0,169082125603865
0,169082125603865
0,169082125603865
0,169082125603865
0,169082125603865
0
Gen 81
0,169082125603865
0,169082125603865
0,169082125603865
0,169082125603865
0,169082125603865
0,169082125603865
0,169082125603865
0,169082125603865
0,169082125603865
0,169082125603865
0,169082125603865
0,169082125603865
0,169082125603865
0,169082125603865
0,169082125603865
0,169082125603865
0,169082125603865
0,169082125603865
0,169082125603865
0,169082125603865
Gen 82
0,169082125603865
0,169082125603865
0,169082125603865
0,169082125603865
0,169082125603865
0,169082125603865
0,169082125603865
0,169082125603865
0,169082125603865
0,169082125603865
0,169082125603865
0,169082125603865
0,169082125603865
0,169082125603865
0,169082125603865
0,169082125603865
0,169082125603865
0,169082125603865
0,169082125603865
0,169082125603865
Gen 83
0,169082125603865
0,169082125603865
0,169082125603865
0,169082125603865
0,169082125603865
0,169082125603865
0,169082125603865
0,169082125603865
0,169082125603865
0,169082125603865
0,169082125603865
0,169082125603865
0,169082125603865
0,169082125603865
0,169082125603865
0,169082125603865
0,169082125603865
0,169082125603865
0,169082125603865
0,147826086956522
Gen 84
0,169082125603865
0,169082125603865
0,169082125603865
0,169082125603865
0,169082125603865
0,169082125603865
0,169082125603865
0,169082125603865
0,169082125603865
0,169082125603865
0,169082125603865
0,169082125603865
0,169082125603865
0,169082125603865
0,169082125603865
0,169082125603865
0,169082125603865
0,169082125603865
0,169082125603865
0,169082125603865
Gen 85
0,169082125603865
0,169082125603865
0,169082125603865
0,169082125603865
0,169082125603865
0,169082125603865
0,169082125603865
0,169082125603865
0,169082125603865
0,169082125603865
0,169082125603865
0,169082125603865
0,169082125603865
0,169082125603865
0,169082125603865
0,169082125603865
0,169082125603865
0,169082125603865
0,164502164502165
0
Gen 86
0,169082125603865
0,169082125603865
0,169082125603865
0,169082125603865
0,169082125603865
0,169082125603865
0,169082125603865
0,169082125603865
0,169082125603865
0,169082125603865
0,169082125603865
0,169082125603865
0,169082125603865
0,169082125603865
0,169082125603865
0,169082125603865
0,169082125603865
0,169082125603865
0,169082125603865
0,169082125603865
Gen 87
0,169082125603865
0,169082125603865
0,169082125603865
0,169082125603865
0,169082125603865
0,169082125603865
0,169082125603865
0,169082125603865
0,169082125603865
0,169082125603865
0,169082125603865
0,169082125603865
0,169082125603865
0,169082125603865
0,169082125603865
0,169082125603865
0,169082125603865
0,169082125603865
0,169082125603865
0
Gen 88
0,169082125603865
0,169082125603865
0,169082125603865
0,169082125603865
0,169082125603865
0,169082125603865
0,169082125603865
0,169082125603865
0,169082125603865
0,169082125603865
0,169082125603865
0,169082125603865
0,169082125603865
0,169082125603865
0,169082125603865
0,169082125603865
0,169082125603865
0,169082125603865
0,169082125603865
0,169082125603865
Gen 89
0,169082125603865
0,169082125603865
0,169082125603865
0,169082125603865
0,169082125603865
0,169082125603865
0,169082125603865
0,169082125603865
0,169082125603865
0,169082125603865
0,169082125603865
0,169082125603865
0,169082125603865
0,169082125603865
0,169082125603865
0,169082125603865
0,169082125603865
0,169082125603865
0,169082125603865
0,125541125541126
Gen 90
0,169082125603865
0,169082125603865
0,169082125603865
0,169082125603865
0,169082125603865
0,169082125603865
0,169082125603865
0,169082125603865
0,169082125603865
0,169082125603865
0,169082125603865
0,169082125603865
0,169082125603865
0,169082125603865
0,169082125603865
0,169082125603865
0,169082125603865
0,169082125603865
0,169082125603865
0,169082125603865
Gen 91
0,169082125603865
0,169082125603865
0,169082125603865
0,169082125603865
0,169082125603865
0,169082125603865
0,169082125603865
0,169082125603865
0,169082125603865
0,169082125603865
0,169082125603865
0,169082125603865
0,169082125603865
0,169082125603865
0,169082125603865
0,169082125603865
0,169082125603865
0,169082125603865
0,169082125603865
0,169082125603865
Gen 92
0,169082125603865
0,169082125603865
0,169082125603865
0,169082125603865
0,169082125603865
0,169082125603865
0,169082125603865
0,169082125603865
0,169082125603865
0,169082125603865
0,169082125603865
0,169082125603865
0,169082125603865
0,169082125603865
0,169082125603865
0,169082125603865
0,169082125603865
0,169082125603865
0,169082125603865
0,125541125541126
Gen 93
0,173160173160173
0,169082125603865
0,169082125603865
0,169082125603865
0,169082125603865
0,169082125603865
0,169082125603865
0,169082125603865
0,169082125603865
0,169082125603865
0,169082125603865
0,169082125603865
0,169082125603865
0,169082125603865
0,169082125603865
0,169082125603865
0,169082125603865
0,169082125603865
0,169082125603865
0,169082125603865
Gen 94
0,173160173160173
0,173160173160173
0,173160173160173
0,173160173160173
0,173160173160173
0,173160173160173
0,169082125603865
0,169082125603865
0,169082125603865
0,169082125603865
0,169082125603865
0,169082125603865
0,169082125603865
0,169082125603865
0,169082125603865
0,169082125603865
0,169082125603865
0,169082125603865
0,169082125603865
0
Gen 95
0,173160173160173
0,173160173160173
0,173160173160173
0,173160173160173
0,173160173160173
0,173160173160173
0,173160173160173
0,173160173160173
0,173160173160173
0,173160173160173
0,173160173160173
0,173160173160173
0,173160173160173
0,173160173160173
0,173160173160173
0,173160173160173
0,173160173160173
0,173160173160173
0,173160173160173
0,169082125603865
Gen 96
0,173160173160173
0,173160173160173
0,173160173160173
0,173160173160173
0,173160173160173
0,173160173160173
0,173160173160173
0,173160173160173
0,173160173160173
0,173160173160173
0,173160173160173
0,173160173160173
0,173160173160173
0,173160173160173
0,173160173160173
0,173160173160173
0,173160173160173
0,173160173160173
0,173160173160173
0,173160173160173
Gen 97
0,173160173160173
0,173160173160173
0,173160173160173
0,173160173160173
0,173160173160173
0,173160173160173
0,173160173160173
0,173160173160173
0,173160173160173
0,173160173160173
0,173160173160173
0,173160173160173
0,173160173160173
0,173160173160173
0,173160173160173
0,173160173160173
0,173160173160173
0,173160173160173
0,169082125603865
0,0952380952380952
Gen 98
0,173160173160173
0,173160173160173
0,173160173160173
0,173160173160173
0,173160173160173
0,173160173160173
0,173160173160173
0,173160173160173
0,173160173160173
0,173160173160173
0,173160173160173
0,173160173160173
0,173160173160173
0,173160173160173
0,173160173160173
0,173160173160173
0,173160173160173
0,173160173160173
0,173160173160173
0,173160173160173
Gen 99
0,173160173160173
0,173160173160173
0,173160173160173
0,173160173160173
0,173160173160173
0,173160173160173
0,173160173160173
0,173160173160173
0,173160173160173
0,173160173160173
0,173160173160173
0,173160173160173
0,173160173160173
0,173160173160173
0,173160173160173
0,173160173160173
0,173160173160173
0,173160173160173
0,173160173160173
0,173160173160173
Gen 100
0,173160173160173
0,173160173160173
0,173160173160173
0,173160173160173
0,173160173160173
0,173160173160173
0,173160173160173
0,173160173160173
0,173160173160173
0,173160173160173
0,173160173160173
0,173160173160173
0,173160173160173
0,173160173160173
0,173160173160173
0,173160173160173
0,173160173160173
0,173160173160173
0,173160173160173
0,164502164502165
Gen 101
0,173160173160173
0,173160173160173
0,173160173160173
0,173160173160173
0,173160173160173
0,173160173160173
0,173160173160173
0,173160173160173
0,173160173160173
0,173160173160173
0,173160173160173
0,173160173160173
0,173160173160173
0,173160173160173
0,173160173160173
0,173160173160173
0,173160173160173
0,173160173160173
0
0
Gen 102
0,173160173160173
0,173160173160173
0,173160173160173
0,173160173160173
0,173160173160173
0,173160173160173
0,173160173160173
0,173160173160173
0,173160173160173
0,173160173160173
0,173160173160173
0,173160173160173
0,173160173160173
0,173160173160173
0,173160173160173
0,173160173160173
0,173160173160173
0,173160173160173
0,173160173160173
0,125541125541126
Gen 103
0,173160173160173
0,173160173160173
0,173160173160173
0,173160173160173
0,173160173160173
0,173160173160173
0,173160173160173
0,173160173160173
0,173160173160173
0,173160173160173
0,173160173160173
0,173160173160173
0,173160173160173
0,173160173160173
0,173160173160173
0,173160173160173
0,173160173160173
0,173160173160173
0,173160173160173
0,173160173160173
Gen 104
0,173160173160173
0,173160173160173
0,173160173160173
0,173160173160173
0,173160173160173
0,173160173160173
0,173160173160173
0,173160173160173
0,173160173160173
0,173160173160173
0,173160173160173
0,173160173160173
0,173160173160173
0,173160173160173
0,173160173160173
0,173160173160173
0,173160173160173
0,173160173160173
0,173160173160173
0,173160173160173
Gen 105
0,173160173160173
0,173160173160173
0,173160173160173
0,173160173160173
0,173160173160173
0,173160173160173
0,173160173160173
0,173160173160173
0,173160173160173
0,173160173160173
0,173160173160173
0,173160173160173
0,173160173160173
0,173160173160173
0,173160173160173
0,173160173160173
0,173160173160173
0,173160173160173
0,173160173160173
0,0432900432900433
Gen 106
0,173160173160173
0,173160173160173
0,173160173160173
0,173160173160173
0,173160173160173
0,173160173160173
0,173160173160173
0,173160173160173
0,173160173160173
0,173160173160173
0,173160173160173
0,173160173160173
0,173160173160173
0,173160173160173
0,173160173160173
0,173160173160173
0,173160173160173
0,173160173160173
0,169082125603865
0,0432900432900433
Gen 107
0,173160173160173
0,173160173160173
0,173160173160173
0,173160173160173
0,173160173160173
0,173160173160173
0,173160173160173
0,173160173160173
0,173160173160173
0,173160173160173
0,173160173160173
0,173160173160173
0,173160173160173
0,173160173160173
0,173160173160173
0,173160173160173
0,173160173160173
0,173160173160173
0,173160173160173
0,172946859903382
Gen 108
0,173160173160173
0,173160173160173
0,173160173160173
0,173160173160173
0,173160173160173
0,173160173160173
0,173160173160173
0,173160173160173
0,173160173160173
0,173160173160173
0,173160173160173
0,173160173160173
0,173160173160173
0,173160173160173
0,173160173160173
0,173160173160173
0,173160173160173
0,173160173160173
0,173160173160173
0,173160173160173
Gen 109
0,173160173160173
0,173160173160173
0,173160173160173
0,173160173160173
0,173160173160173
0,173160173160173
0,173160173160173
0,173160173160173
0,173160173160173
0,173160173160173
0,173160173160173
0,173160173160173
0,173160173160173
0,173160173160173
0,173160173160173
0,173160173160173
0,173160173160173
0,173160173160173
0,173160173160173
0,173160173160173
Gen 110
0,173160173160173
0,173160173160173
0,173160173160173
0,173160173160173
0,173160173160173
0,173160173160173
0,173160173160173
0,173160173160173
0,173160173160173
0,173160173160173
0,173160173160173
0,173160173160173
0,173160173160173
0,173160173160173
0,173160173160173
0,173160173160173
0,173160173160173
0,173160173160173
0,173160173160173
0,173160173160173
Gen 111
0,173160173160173
0,173160173160173
0,173160173160173
0,173160173160173
0,173160173160173
0,173160173160173
0,173160173160173
0,173160173160173
0,173160173160173
0,173160173160173
0,173160173160173
0,173160173160173
0,173160173160173
0,173160173160173
0,173160173160173
0,173160173160173
0,173160173160173
0,173160173160173
0,173160173160173
0,155844155844156
Gen 112
0,173160173160173
0,173160173160173
0,173160173160173
0,173160173160173
0,173160173160173
0,173160173160173
0,173160173160173
0,173160173160173
0,173160173160173
0,173160173160173
0,173160173160173
0,173160173160173
0,173160173160173
0,173160173160173
0,173160173160173
0,173160173160173
0,173160173160173
0,173160173160173
0,173160173160173
0,173160173160173
Gen 113
0,173160173160173
0,173160173160173
0,173160173160173
0,173160173160173
0,173160173160173
0,173160173160173
0,173160173160173
0,173160173160173
0,173160173160173
0,173160173160173
0,173160173160173
0,173160173160173
0,173160173160173
0,173160173160173
0,173160173160173
0,173160173160173
0,173160173160173
0,173160173160173
0,173160173160173
0,173160173160173
Gen 114
0,173160173160173
0,173160173160173
0,173160173160173
0,173160173160173
0,173160173160173
0,173160173160173
0,173160173160173
0,173160173160173
0,173160173160173
0,173160173160173
0,173160173160173
0,173160173160173
0,173160173160173
0,173160173160173
0,173160173160173
0,173160173160173
0,173160173160173
0,173160173160173
0,173160173160173
0,173160173160173
Gen 115
0,173160173160173
0,173160173160173
0,173160173160173
0,173160173160173
0,173160173160173
0,173160173160173
0,173160173160173
0,173160173160173
0,173160173160173
0,173160173160173
0,173160173160173
0,173160173160173
0,173160173160173
0,173160173160173
0,173160173160173
0,173160173160173
0,173160173160173
0,173160173160173
0,173160173160173
0,0476190476190476
Gen 116
0,173160173160173
0,173160173160173
0,173160173160173
0,173160173160173
0,173160173160173
0,173160173160173
0,173160173160173
0,173160173160173
0,173160173160173
0,173160173160173
0,173160173160173
0,173160173160173
0,173160173160173
0,173160173160173
0,173160173160173
0,173160173160173
0,173160173160173
0,173160173160173
0,173160173160173
0,173160173160173
Gen 117
0,173160173160173
0,173160173160173
0,173160173160173
0,173160173160173
0,173160173160173
0,173160173160173
0,173160173160173
0,173160173160173
0,173160173160173
0,173160173160173
0,173160173160173
0,173160173160173
0,173160173160173
0,173160173160173
0,173160173160173
0,173160173160173
0,173160173160173
0,173160173160173
0,173160173160173
0,164502164502165
Gen 118
0,173160173160173
0,173160173160173
0,173160173160173
0,173160173160173
0,173160173160173
0,173160173160173
0,173160173160173
0,173160173160173
0,173160173160173
0,173160173160173
0,173160173160173
0,173160173160173
0,173160173160173
0,173160173160173
0,173160173160173
0,173160173160173
0,173160173160173
0,173160173160173
0,173160173160173
0,173160173160173
Gen 119
0,173160173160173
0,173160173160173
0,173160173160173
0,173160173160173
0,173160173160173
0,173160173160173
0,173160173160173
0,173160173160173
0,173160173160173
0,173160173160173
0,173160173160173
0,173160173160173
0,173160173160173
0,173160173160173
0,173160173160173
0,173160173160173
0,173160173160173
0,173160173160173
0,173160173160173
0,173160173160173
Gen 120
0,173160173160173
0,173160173160173
0,173160173160173
0,173160173160173
0,173160173160173
0,173160173160173
0,173160173160173
0,173160173160173
0,173160173160173
0,173160173160173
0,173160173160173
0,173160173160173
0,173160173160173
0,173160173160173
0,173160173160173
0,173160173160173
0,173160173160173
0,172946859903382
0,0432900432900433
0,0432900432900433
Gen 121
0,173160173160173
0,173160173160173
0,173160173160173
0,173160173160173
0,173160173160173
0,173160173160173
0,173160173160173
0,173160173160173
0,173160173160173
0,173160173160173
0,173160173160173
0,173160173160173
0,173160173160173
0,173160173160173
0,173160173160173
0,173160173160173
0,173160173160173
0,173160173160173
0,173160173160173
0,173160173160173
Gen 122
0,173160173160173
0,173160173160173
0,173160173160173
0,173160173160173
0,173160173160173
0,173160173160173
0,173160173160173
0,173160173160173
0,173160173160173
0,173160173160173
0,173160173160173
0,173160173160173
0,173160173160173
0,173160173160173
0,173160173160173
0,173160173160173
0,173160173160173
0,173160173160173
0,164502164502165
0
Gen 123
0,173160173160173
0,173160173160173
0,173160173160173
0,173160173160173
0,173160173160173
0,173160173160173
0,173160173160173
0,173160173160173
0,173160173160173
0,173160173160173
0,173160173160173
0,173160173160173
0,173160173160173
0,173160173160173
0,173160173160173
0,173160173160173
0,173160173160173
0,173160173160173
0,173160173160173
0,0909090909090909
Gen 124
0,173160173160173
0,173160173160173
0,173160173160173
0,173160173160173
0,173160173160173
0,173160173160173
0,173160173160173
0,173160173160173
0,173160173160173
0,173160173160173
0,173160173160173
0,173160173160173
0,173160173160173
0,173160173160173
0,173160173160173
0,173160173160173
0,173160173160173
0,173160173160173
0,173160173160173
0,173160173160173
Gen 125
0,173160173160173
0,173160173160173
0,173160173160173
0,173160173160173
0,173160173160173
0,173160173160173
0,173160173160173
0,173160173160173
0,173160173160173
0,173160173160173
0,173160173160173
0,173160173160173
0,173160173160173
0,173160173160173
0,173160173160173
0,173160173160173
0,173160173160173
0,173160173160173
0,173160173160173
0,173160173160173
Gen 126
0,173160173160173
0,173160173160173
0,173160173160173
0,173160173160173
0,173160173160173
0,173160173160173
0,173160173160173
0,173160173160173
0,173160173160173
0,173160173160173
0,173160173160173
0,173160173160173
0,173160173160173
0,173160173160173
0,173160173160173
0,173160173160173
0,173160173160173
0,173160173160173
0,173160173160173
0,173160173160173
Gen 127
0,173160173160173
0,173160173160173
0,173160173160173
0,173160173160173
0,173160173160173
0,173160173160173
0,173160173160173
0,173160173160173
0,173160173160173
0,173160173160173
0,173160173160173
0,173160173160173
0,173160173160173
0,173160173160173
0,173160173160173
0,173160173160173
0,173160173160173
0,173160173160173
0,173160173160173
0,173160173160173
Gen 128
0,173160173160173
0,173160173160173
0,173160173160173
0,173160173160173
0,173160173160173
0,173160173160173
0,173160173160173
0,173160173160173
0,173160173160173
0,173160173160173
0,173160173160173
0,173160173160173
0,173160173160173
0,173160173160173
0,173160173160173
0,173160173160173
0,173160173160173
0,173160173160173
0,163285024154589
0
Gen 129
0,173160173160173
0,173160173160173
0,173160173160173
0,173160173160173
0,173160173160173
0,173160173160173
0,173160173160173
0,173160173160173
0,173160173160173
0,173160173160173
0,173160173160173
0,173160173160173
0,173160173160173
0,173160173160173
0,173160173160173
0,173160173160173
0,173160173160173
0,173160173160173
0,173160173160173
0,173160173160173
Gen 130
0,173160173160173
0,173160173160173
0,173160173160173
0,173160173160173
0,173160173160173
0,173160173160173
0,173160173160173
0,173160173160173
0,173160173160173
0,173160173160173
0,173160173160173
0,173160173160173
0,173160173160173
0,173160173160173
0,173160173160173
0,173160173160173
0,173160173160173
0,173160173160173
0,173160173160173
0,173160173160173
Gen 131
0,173160173160173
0,173160173160173
0,173160173160173
0,173160173160173
0,173160173160173
0,173160173160173
0,173160173160173
0,173160173160173
0,173160173160173
0,173160173160173
0,173160173160173
0,173160173160173
0,173160173160173
0,173160173160173
0,173160173160173
0,173160173160173
0,173160173160173
0,173160173160173
0,173160173160173
0,173160173160173
Gen 132
0,173160173160173
0,173160173160173
0,173160173160173
0,173160173160173
0,173160173160173
0,173160173160173
0,173160173160173
0,173160173160173
0,173160173160173
0,173160173160173
0,173160173160173
0,173160173160173
0,173160173160173
0,173160173160173
0,173160173160173
0,173160173160173
0,173160173160173
0,173160173160173
0,173160173160173
0,0952380952380952
Gen 133
0,173160173160173
0,173160173160173
0,173160173160173
0,173160173160173
0,173160173160173
0,173160173160173
0,173160173160173
0,173160173160173
0,173160173160173
0,173160173160173
0,173160173160173
0,173160173160173
0,173160173160173
0,173160173160173
0,173160173160173
0,173160173160173
0,173160173160173
0,173160173160173
0,173160173160173
0,0432900432900433
Gen 134
0,186147186147186
0,173160173160173
0,173160173160173
0,173160173160173
0,173160173160173
0,173160173160173
0,173160173160173
0,173160173160173
0,173160173160173
0,173160173160173
0,173160173160173
0,173160173160173
0,173160173160173
0,173160173160173
0,173160173160173
0,173160173160173
0,173160173160173
0,173160173160173
0,173160173160173
0,173160173160173
Gen 135
0,186147186147186
0,186147186147186
0,186147186147186
0,186147186147186
0,186147186147186
0,186147186147186
0,186147186147186
0,186147186147186
0,186147186147186
0,186147186147186
0,186147186147186
0,173160173160173
0,173160173160173
0,173160173160173
0,173160173160173
0,173160173160173
0,173160173160173
0,173160173160173
0,173160173160173
0,164502164502165
Gen 136
0,186147186147186
0,186147186147186
0,186147186147186
0,186147186147186
0,186147186147186
0,186147186147186
0,186147186147186
0,186147186147186
0,186147186147186
0,186147186147186
0,186147186147186
0,186147186147186
0,186147186147186
0,186147186147186
0,186147186147186
0,186147186147186
0,186147186147186
0,186147186147186
0,186147186147186
0,186147186147186
Gen 137
0,186147186147186
0,186147186147186
0,186147186147186
0,186147186147186
0,186147186147186
0,186147186147186
0,186147186147186
0,186147186147186
0,186147186147186
0,186147186147186
0,186147186147186
0,186147186147186
0,186147186147186
0,186147186147186
0,186147186147186
0,186147186147186
0,186147186147186
0,186147186147186
0,186147186147186
0,147186147186147
Gen 138
0,186147186147186
0,186147186147186
0,186147186147186
0,186147186147186
0,186147186147186
0,186147186147186
0,186147186147186
0,186147186147186
0,186147186147186
0,186147186147186
0,186147186147186
0,186147186147186
0,186147186147186
0,186147186147186
0,186147186147186
0,186147186147186
0,186147186147186
0,186147186147186
0,173160173160173
0
Gen 139
0,186147186147186
0,186147186147186
0,186147186147186
0,186147186147186
0,186147186147186
0,186147186147186
0,186147186147186
0,186147186147186
0,186147186147186
0,186147186147186
0,186147186147186
0,186147186147186
0,186147186147186
0,186147186147186
0,186147186147186
0,186147186147186
0,186147186147186
0,186147186147186
0,186147186147186
0
Gen 140
0,186147186147186
0,186147186147186
0,186147186147186
0,186147186147186
0,186147186147186
0,186147186147186
0,186147186147186
0,186147186147186
0,186147186147186
0,186147186147186
0,186147186147186
0,186147186147186
0,186147186147186
0,186147186147186
0,186147186147186
0,186147186147186
0,186147186147186
0,186147186147186
0,186147186147186
0,186147186147186
Gen 141
0,186147186147186
0,186147186147186
0,186147186147186
0,186147186147186
0,186147186147186
0,186147186147186
0,186147186147186
0,186147186147186
0,186147186147186
0,186147186147186
0,186147186147186
0,186147186147186
0,186147186147186
0,186147186147186
0,186147186147186
0,186147186147186
0,186147186147186
0,186147186147186
0,186147186147186
0
Gen 142
0,186147186147186
0,186147186147186
0,186147186147186
0,186147186147186
0,186147186147186
0,186147186147186
0,186147186147186
0,186147186147186
0,186147186147186
0,186147186147186
0,186147186147186
0,186147186147186
0,186147186147186
0,186147186147186
0,186147186147186
0,186147186147186
0,186147186147186
0,186147186147186
0,186147186147186
0,186147186147186
Gen 143
0,186147186147186
0,186147186147186
0,186147186147186
0,186147186147186
0,186147186147186
0,186147186147186
0,186147186147186
0,186147186147186
0,186147186147186
0,186147186147186
0,186147186147186
0,186147186147186
0,186147186147186
0,186147186147186
0,186147186147186
0,186147186147186
0,186147186147186
0,186147186147186
0,186147186147186
0,186147186147186
Gen 144
0,186147186147186
0,186147186147186
0,186147186147186
0,186147186147186
0,186147186147186
0,186147186147186
0,186147186147186
0,186147186147186
0,186147186147186
0,186147186147186
0,186147186147186
0,186147186147186
0,186147186147186
0,186147186147186
0,186147186147186
0,186147186147186
0,186147186147186
0,186147186147186
0,186147186147186
0
Gen 145
0,186147186147186
0,186147186147186
0,186147186147186
0,186147186147186
0,186147186147186
0,186147186147186
0,186147186147186
0,186147186147186
0,186147186147186
0,186147186147186
0,186147186147186
0,186147186147186
0,186147186147186
0,186147186147186
0,186147186147186
0,186147186147186
0,186147186147186
0,186147186147186
0,186147186147186
0,186147186147186
Gen 146
0,186147186147186
0,186147186147186
0,186147186147186
0,186147186147186
0,186147186147186
0,186147186147186
0,186147186147186
0,186147186147186
0,186147186147186
0,186147186147186
0,186147186147186
0,186147186147186
0,186147186147186
0,186147186147186
0,186147186147186
0,186147186147186
0,0432900432900433
0
0
0
Gen 147
0,186147186147186
0,186147186147186
0,186147186147186
0,186147186147186
0,186147186147186
0,186147186147186
0,186147186147186
0,186147186147186
0,186147186147186
0,186147186147186
0,186147186147186
0,186147186147186
0,186147186147186
0,186147186147186
0,186147186147186
0,186147186147186
0,186147186147186
0
0
0
Gen 148
0,186147186147186
0,186147186147186
0,186147186147186
0,186147186147186
0,186147186147186
0,186147186147186
0,186147186147186
0,186147186147186
0,186147186147186
0,186147186147186
0,186147186147186
0,186147186147186
0,186147186147186
0,186147186147186
0,186147186147186
0,186147186147186
0,186147186147186
0,186147186147186
0,186147186147186
0,125541125541126
Gen 149
0,186147186147186
0,186147186147186
0,186147186147186
0,186147186147186
0,186147186147186
0,186147186147186
0,186147186147186
0,186147186147186
0,186147186147186
0,186147186147186
0,186147186147186
0,186147186147186
0,186147186147186
0,186147186147186
0,186147186147186
0,186147186147186
0,186147186147186
0,186147186147186
0,186147186147186
0,125541125541126
Gen 150
0,186147186147186
0,186147186147186
0,186147186147186
0,186147186147186
0,186147186147186
0,186147186147186
0,186147186147186
0,186147186147186
0,186147186147186
0,186147186147186
0,186147186147186
0,186147186147186
0,186147186147186
0,186147186147186
0,186147186147186
0,186147186147186
0,186147186147186
0,186147186147186
0,186147186147186
0
Gen 151
0,186147186147186
0,186147186147186
0,186147186147186
0,186147186147186
0,186147186147186
0,186147186147186
0,186147186147186
0,186147186147186
0,186147186147186
0,186147186147186
0,186147186147186
0,186147186147186
0,186147186147186
0,186147186147186
0,186147186147186
0,186147186147186
0,186147186147186
0,186147186147186
0,186147186147186
0,186147186147186
Gen 152
0,186147186147186
0,186147186147186
0,186147186147186
0,186147186147186
0,186147186147186
0,186147186147186
0,186147186147186
0,186147186147186
0,186147186147186
0,186147186147186
0,186147186147186
0,186147186147186
0,186147186147186
0,186147186147186
0,186147186147186
0,186147186147186
0,186147186147186
0,186147186147186
0,186147186147186
0,186147186147186
Gen 153
0,186147186147186
0,186147186147186
0,186147186147186
0,186147186147186
0,186147186147186
0,186147186147186
0,186147186147186
0,186147186147186
0,186147186147186
0,186147186147186
0,186147186147186
0,186147186147186
0,186147186147186
0,186147186147186
0,186147186147186
0,186147186147186
0,186147186147186
0,186147186147186
0,186147186147186
0,186147186147186
Gen 154
0,186147186147186
0,186147186147186
0,186147186147186
0,186147186147186
0,186147186147186
0,186147186147186
0,186147186147186
0,186147186147186
0,186147186147186
0,186147186147186
0,186147186147186
0,186147186147186
0,186147186147186
0,186147186147186
0,186147186147186
0,186147186147186
0,186147186147186
0,186147186147186
0,186147186147186
0,116883116883117
Gen 155
0,186147186147186
0,186147186147186
0,186147186147186
0,186147186147186
0,186147186147186
0,186147186147186
0,186147186147186
0,186147186147186
0,186147186147186
0,186147186147186
0,186147186147186
0,186147186147186
0,186147186147186
0,186147186147186
0,186147186147186
0,186147186147186
0,186147186147186
0,186147186147186
0,186147186147186
0,186147186147186
Gen 156
0,186147186147186
0,186147186147186
0,186147186147186
0,186147186147186
0,186147186147186
0,186147186147186
0,186147186147186
0,186147186147186
0,186147186147186
0,186147186147186
0,186147186147186
0,186147186147186
0,186147186147186
0,186147186147186
0,186147186147186
0,186147186147186
0,186147186147186
0,186147186147186
0,0952380952380952
0
Gen 157
0,186147186147186
0,186147186147186
0,186147186147186
0,186147186147186
0,186147186147186
0,186147186147186
0,186147186147186
0,186147186147186
0,186147186147186
0,186147186147186
0,186147186147186
0,186147186147186
0,186147186147186
0,186147186147186
0,186147186147186
0,186147186147186
0,186147186147186
0,186147186147186
0,186147186147186
0,186147186147186
Gen 158
0,186147186147186
0,186147186147186
0,186147186147186
0,186147186147186
0,186147186147186
0,186147186147186
0,186147186147186
0,186147186147186
0,186147186147186
0,186147186147186
0,186147186147186
0,186147186147186
0,186147186147186
0,186147186147186
0,186147186147186
0,186147186147186
0,186147186147186
0,186147186147186
0,173160173160173
0,0952380952380952
Gen 159
0,186147186147186
0,186147186147186
0,186147186147186
0,186147186147186
0,186147186147186
0,186147186147186
0,186147186147186
0,186147186147186
0,186147186147186
0,186147186147186
0,186147186147186
0,186147186147186
0,186147186147186
0,186147186147186
0,186147186147186
0,186147186147186
0,186147186147186
0,186147186147186
0,186147186147186
0,0432900432900433
Gen 160
0,186147186147186
0,186147186147186
0,186147186147186
0,186147186147186
0,186147186147186
0,186147186147186
0,186147186147186
0,186147186147186
0,186147186147186
0,186147186147186
0,186147186147186
0,186147186147186
0,186147186147186
0,186147186147186
0,186147186147186
0,186147186147186
0,186147186147186
0,186147186147186
0,186147186147186
0,186147186147186
Gen 161
0,186147186147186
0,186147186147186
0,186147186147186
0,186147186147186
0,186147186147186
0,186147186147186
0,186147186147186
0,186147186147186
0,186147186147186
0,186147186147186
0,186147186147186
0,186147186147186
0,186147186147186
0,186147186147186
0,186147186147186
0,186147186147186
0,186147186147186
0,186147186147186
0,186147186147186
0
Gen 162
0,186147186147186
0,186147186147186
0,186147186147186
0,186147186147186
0,186147186147186
0,186147186147186
0,186147186147186
0,186147186147186
0,186147186147186
0,186147186147186
0,186147186147186
0,186147186147186
0,186147186147186
0,186147186147186
0,186147186147186
0,186147186147186
0,186147186147186
0,186147186147186
0,186147186147186
0
Gen 163
0,186147186147186
0,186147186147186
0,186147186147186
0,186147186147186
0,186147186147186
0,186147186147186
0,186147186147186
0,186147186147186
0,186147186147186
0,186147186147186
0,186147186147186
0,186147186147186
0,186147186147186
0,186147186147186
0,186147186147186
0,186147186147186
0,186147186147186
0,186147186147186
0,186147186147186
0,0432900432900433
Gen 164
0,186147186147186
0,186147186147186
0,186147186147186
0,186147186147186
0,186147186147186
0,186147186147186
0,186147186147186
0,186147186147186
0,186147186147186
0,186147186147186
0,186147186147186
0,186147186147186
0,186147186147186
0,186147186147186
0,186147186147186
0,186147186147186
0,186147186147186
0,186147186147186
0,181818181818182
0
Gen 165
0,186147186147186
0,186147186147186
0,186147186147186
0,186147186147186
0,186147186147186
0,186147186147186
0,186147186147186
0,186147186147186
0,186147186147186
0,186147186147186
0,186147186147186
0,186147186147186
0,186147186147186
0,186147186147186
0,186147186147186
0,186147186147186
0,186147186147186
0,186147186147186
0,186147186147186
0,186147186147186
Gen 166
0,186147186147186
0,186147186147186
0,186147186147186
0,186147186147186
0,186147186147186
0,186147186147186
0,186147186147186
0,186147186147186
0,186147186147186
0,186147186147186
0,186147186147186
0,186147186147186
0,186147186147186
0,186147186147186
0,186147186147186
0,186147186147186
0,186147186147186
0,186147186147186
0,186147186147186
0,186147186147186
Gen 167
0,186147186147186
0,186147186147186
0,186147186147186
0,186147186147186
0,186147186147186
0,186147186147186
0,186147186147186
0,186147186147186
0,186147186147186
0,186147186147186
0,186147186147186
0,186147186147186
0,186147186147186
0,186147186147186
0,186147186147186
0,186147186147186
0,186147186147186
0,186147186147186
0,186147186147186
0,181818181818182
Gen 168
0,186147186147186
0,186147186147186
0,186147186147186
0,186147186147186
0,186147186147186
0,186147186147186
0,186147186147186
0,186147186147186
0,186147186147186
0,186147186147186
0,186147186147186
0,186147186147186
0,186147186147186
0,186147186147186
0,186147186147186
0,186147186147186
0,186147186147186
0,186147186147186
0,186147186147186
0,186147186147186
Gen 169
0,186147186147186
0,186147186147186
0,186147186147186
0,186147186147186
0,186147186147186
0,186147186147186
0,186147186147186
0,186147186147186
0,186147186147186
0,186147186147186
0,186147186147186
0,186147186147186
0,186147186147186
0,186147186147186
0,186147186147186
0,186147186147186
0,186147186147186
0,186147186147186
0,173160173160173
0
Gen 170
0,19047619047619
0,186147186147186
0,186147186147186
0,186147186147186
0,186147186147186
0,186147186147186
0,186147186147186
0,186147186147186
0,186147186147186
0,186147186147186
0,186147186147186
0,186147186147186
0,186147186147186
0,186147186147186
0,186147186147186
0,186147186147186
0,186147186147186
0,186147186147186
0,186147186147186
0,0432900432900433
Gen 171
0,19047619047619
0,19047619047619
0,19047619047619
0,19047619047619
0,19047619047619
0,19047619047619
0,19047619047619
0,19047619047619
0,19047619047619
0,186147186147186
0,186147186147186
0,186147186147186
0,186147186147186
0,186147186147186
0,186147186147186
0,186147186147186
0,186147186147186
0,186147186147186
0,186147186147186
0,116883116883117
Gen 172
0,19047619047619
0,19047619047619
0,19047619047619
0,19047619047619
0,19047619047619
0,19047619047619
0,19047619047619
0,19047619047619
0,19047619047619
0,19047619047619
0,19047619047619
0,19047619047619
0,19047619047619
0,19047619047619
0,19047619047619
0,19047619047619
0,19047619047619
0,19047619047619
0,19047619047619
0,173160173160173
Gen 173
0,19047619047619
0,19047619047619
0,19047619047619
0,19047619047619
0,19047619047619
0,19047619047619
0,19047619047619
0,19047619047619
0,19047619047619
0,19047619047619
0,19047619047619
0,19047619047619
0,19047619047619
0,19047619047619
0,19047619047619
0,19047619047619
0,19047619047619
0,19047619047619
0,19047619047619
0,19047619047619
Gen 174
0,19047619047619
0,19047619047619
0,19047619047619
0,19047619047619
0,19047619047619
0,19047619047619
0,19047619047619
0,19047619047619
0,19047619047619
0,19047619047619
0,19047619047619
0,19047619047619
0,19047619047619
0,19047619047619
0,19047619047619
0,19047619047619
0,19047619047619
0,19047619047619
0,19047619047619
0,19047619047619
Gen 175
0,19047619047619
0,19047619047619
0,19047619047619
0,19047619047619
0,19047619047619
0,19047619047619
0,19047619047619
0,19047619047619
0,19047619047619
0,19047619047619
0,19047619047619
0,19047619047619
0,19047619047619
0,19047619047619
0,19047619047619
0,19047619047619
0,19047619047619
0,19047619047619
0,19047619047619
0,19047619047619
Gen 176
0,19047619047619
0,19047619047619
0,19047619047619
0,19047619047619
0,19047619047619
0,19047619047619
0,19047619047619
0,19047619047619
0,19047619047619
0,19047619047619
0,19047619047619
0,19047619047619
0,19047619047619
0,19047619047619
0,19047619047619
0,19047619047619
0,19047619047619
0,19047619047619
0,19047619047619
0,173160173160173
Gen 177
0,19047619047619
0,19047619047619
0,19047619047619
0,19047619047619
0,19047619047619
0,19047619047619
0,19047619047619
0,19047619047619
0,19047619047619
0,19047619047619
0,19047619047619
0,19047619047619
0,19047619047619
0,19047619047619
0,19047619047619
0,19047619047619
0,19047619047619
0,19047619047619
0,19047619047619
0,19047619047619
Gen 178
0,19047619047619
0,19047619047619
0,19047619047619
0,19047619047619
0,19047619047619
0,19047619047619
0,19047619047619
0,19047619047619
0,19047619047619
0,19047619047619
0,19047619047619
0,19047619047619
0,19047619047619
0,19047619047619
0,19047619047619
0,19047619047619
0,19047619047619
0,19047619047619
0,19047619047619
0,19047619047619
Gen 179
0,19047619047619
0,19047619047619
0,19047619047619
0,19047619047619
0,19047619047619
0,19047619047619
0,19047619047619
0,19047619047619
0,19047619047619
0,19047619047619
0,19047619047619
0,19047619047619
0,19047619047619
0,19047619047619
0,19047619047619
0,19047619047619
0,19047619047619
0,19047619047619
0,19047619047619
0,038961038961039
Gen 180
0,19047619047619
0,19047619047619
0,19047619047619
0,19047619047619
0,19047619047619
0,19047619047619
0,19047619047619
0,19047619047619
0,19047619047619
0,19047619047619
0,19047619047619
0,19047619047619
0,19047619047619
0,19047619047619
0,19047619047619
0,19047619047619
0,19047619047619
0,19047619047619
0,19047619047619
0
Gen 181
0,19047619047619
0,19047619047619
0,19047619047619
0,19047619047619
0,19047619047619
0,19047619047619
0,19047619047619
0,19047619047619
0,19047619047619
0,19047619047619
0,19047619047619
0,19047619047619
0,19047619047619
0,19047619047619
0,19047619047619
0,19047619047619
0,19047619047619
0,19047619047619
0,19047619047619
0,0952380952380952
Gen 182
0,19047619047619
0,19047619047619
0,19047619047619
0,19047619047619
0,19047619047619
0,19047619047619
0,19047619047619
0,19047619047619
0,19047619047619
0,19047619047619
0,19047619047619
0,19047619047619
0,19047619047619
0,19047619047619
0,19047619047619
0,19047619047619
0,19047619047619
0,19047619047619
0,19047619047619
0,135265700483092
Gen 183
0,19047619047619
0,19047619047619
0,19047619047619
0,19047619047619
0,19047619047619
0,19047619047619
0,19047619047619
0,19047619047619
0,19047619047619
0,19047619047619
0,19047619047619
0,19047619047619
0,19047619047619
0,19047619047619
0,19047619047619
0,19047619047619
0,19047619047619
0,19047619047619
0,173160173160173
0
Gen 184
0,19047619047619
0,19047619047619
0,19047619047619
0,19047619047619
0,19047619047619
0,19047619047619
0,19047619047619
0,19047619047619
0,19047619047619
0,19047619047619
0,19047619047619
0,19047619047619
0,19047619047619
0,19047619047619
0,19047619047619
0,19047619047619
0,19047619047619
0,19047619047619
0,19047619047619
0,142857142857143
Gen 185
0,19047619047619
0,19047619047619
0,19047619047619
0,19047619047619
0,19047619047619
0,19047619047619
0,19047619047619
0,19047619047619
0,19047619047619
0,19047619047619
0,19047619047619
0,19047619047619
0,19047619047619
0,19047619047619
0,19047619047619
0,19047619047619
0,19047619047619
0,19047619047619
0,0822510822510823
0,0432900432900433
Gen 186
0,19047619047619
0,19047619047619
0,19047619047619
0,19047619047619
0,19047619047619
0,19047619047619
0,19047619047619
0,19047619047619
0,19047619047619
0,19047619047619
0,19047619047619
0,19047619047619
0,19047619047619
0,19047619047619
0,19047619047619
0,19047619047619
0,19047619047619
0,19047619047619
0,19047619047619
0,125541125541126
Gen 187
0,19047619047619
0,19047619047619
0,19047619047619
0,19047619047619
0,19047619047619
0,19047619047619
0,19047619047619
0,19047619047619
0,19047619047619
0,19047619047619
0,19047619047619
0,19047619047619
0,19047619047619
0,19047619047619
0,19047619047619
0,19047619047619
0,19047619047619
0,19047619047619
0,19047619047619
0,116883116883117
Gen 188
0,19047619047619
0,19047619047619
0,19047619047619
0,19047619047619
0,19047619047619
0,19047619047619
0,19047619047619
0,19047619047619
0,19047619047619
0,19047619047619
0,19047619047619
0,19047619047619
0,19047619047619
0,19047619047619
0,19047619047619
0,19047619047619
0,19047619047619
0,173160173160173
0,0432900432900433
0
Gen 189
0,19047619047619
0,19047619047619
0,19047619047619
0,19047619047619
0,19047619047619
0,19047619047619
0,19047619047619
0,19047619047619
0,19047619047619
0,19047619047619
0,19047619047619
0,19047619047619
0,19047619047619
0,19047619047619
0,19047619047619
0,19047619047619
0,19047619047619
0,19047619047619
0,19047619047619
0,0432900432900433
Gen 190
0,19047619047619
0,19047619047619
0,19047619047619
0,19047619047619
0,19047619047619
0,19047619047619
0,19047619047619
0,19047619047619
0,19047619047619
0,19047619047619
0,19047619047619
0,19047619047619
0,19047619047619
0,19047619047619
0,19047619047619
0,19047619047619
0,19047619047619
0,19047619047619
0,19047619047619
0,186147186147186
Gen 191
0,19047619047619
0,19047619047619
0,19047619047619
0,19047619047619
0,19047619047619
0,19047619047619
0,19047619047619
0,19047619047619
0,19047619047619
0,19047619047619
0,19047619047619
0,19047619047619
0,19047619047619
0,19047619047619
0,19047619047619
0,19047619047619
0,19047619047619
0,19047619047619
0,19047619047619
0,19047619047619
Gen 192
0,19047619047619
0,19047619047619
0,19047619047619
0,19047619047619
0,19047619047619
0,19047619047619
0,19047619047619
0,19047619047619
0,19047619047619
0,19047619047619
0,19047619047619
0,19047619047619
0,19047619047619
0,19047619047619
0,19047619047619
0,19047619047619
0,19047619047619
0,19047619047619
0,16017316017316
0,0432900432900433
Gen 193
0,19047619047619
0,19047619047619
0,19047619047619
0,19047619047619
0,19047619047619
0,19047619047619
0,19047619047619
0,19047619047619
0,19047619047619
0,19047619047619
0,19047619047619
0,19047619047619
0,19047619047619
0,19047619047619
0,19047619047619
0,19047619047619
0,19047619047619
0,125541125541126
0,0952380952380952
0
Gen 194
0,19047619047619
0,19047619047619
0,19047619047619
0,19047619047619
0,19047619047619
0,19047619047619
0,19047619047619
0,19047619047619
0,19047619047619
0,19047619047619
0,19047619047619
0,19047619047619
0,19047619047619
0,19047619047619
0,19047619047619
0,19047619047619
0,19047619047619
0,19047619047619
0,19047619047619
0,19047619047619
Gen 195
0,19047619047619
0,19047619047619
0,19047619047619
0,19047619047619
0,19047619047619
0,19047619047619
0,19047619047619
0,19047619047619
0,19047619047619
0,19047619047619
0,19047619047619
0,19047619047619
0,19047619047619
0,19047619047619
0,19047619047619
0,19047619047619
0,19047619047619
0,19047619047619
0,19047619047619
0
Gen 196
0,19047619047619
0,19047619047619
0,19047619047619
0,19047619047619
0,19047619047619
0,19047619047619
0,19047619047619
0,19047619047619
0,19047619047619
0,19047619047619
0,19047619047619
0,19047619047619
0,19047619047619
0,19047619047619
0,19047619047619
0,19047619047619
0,19047619047619
0,19047619047619
0,19047619047619
0,19047619047619
Gen 197
0,19047619047619
0,19047619047619
0,19047619047619
0,19047619047619
0,19047619047619
0,19047619047619
0,19047619047619
0,19047619047619
0,19047619047619
0,19047619047619
0,19047619047619
0,19047619047619
0,19047619047619
0,19047619047619
0,19047619047619
0,19047619047619
0,19047619047619
0,19047619047619
0,181818181818182
0,155844155844156
Gen 198
0,19047619047619
0,19047619047619
0,19047619047619
0,19047619047619
0,19047619047619
0,19047619047619
0,19047619047619
0,19047619047619
0,19047619047619
0,19047619047619
0,19047619047619
0,19047619047619
0,19047619047619
0,19047619047619
0,19047619047619
0,19047619047619
0,19047619047619
0,19047619047619
0,19047619047619
0,173160173160173
Gen 199
0,19047619047619
0,19047619047619
0,19047619047619
0,19047619047619
0,19047619047619
0,19047619047619
0,19047619047619
0,19047619047619
0,19047619047619
0,19047619047619
0,19047619047619
0,19047619047619
0,19047619047619
0,19047619047619
0,19047619047619
0,19047619047619
0,19047619047619
0,19047619047619
0,19047619047619
0,19047619047619
Gen 200
0,19047619047619
0,19047619047619
0,19047619047619
0,19047619047619
0,19047619047619
0,19047619047619
0,19047619047619
0,19047619047619
0,19047619047619
0,19047619047619
0,19047619047619
0,19047619047619
0,19047619047619
0,19047619047619
0,19047619047619
0,19047619047619
0,19047619047619
0,19047619047619
0,19047619047619
0,116883116883117
Gen 201
0,19047619047619
0,19047619047619
0,19047619047619
0,19047619047619
0,19047619047619
0,19047619047619
0,19047619047619
0,19047619047619
0,19047619047619
0,19047619047619
0,19047619047619
0,19047619047619
0,19047619047619
0,19047619047619
0,19047619047619
0,19047619047619
0,19047619047619
0,19047619047619
0,19047619047619
0,19047619047619
Gen 202
0,19047619047619
0,19047619047619
0,19047619047619
0,19047619047619
0,19047619047619
0,19047619047619
0,19047619047619
0,19047619047619
0,19047619047619
0,19047619047619
0,19047619047619
0,19047619047619
0,19047619047619
0,19047619047619
0,19047619047619
0,19047619047619
0,19047619047619
0,19047619047619
0,19047619047619
0,19047619047619
Gen 203
0,19047619047619
0,19047619047619
0,19047619047619
0,19047619047619
0,19047619047619
0,19047619047619
0,19047619047619
0,19047619047619
0,19047619047619
0,19047619047619
0,19047619047619
0,19047619047619
0,19047619047619
0,19047619047619
0,19047619047619
0,19047619047619
0,19047619047619
0,19047619047619
0,19047619047619
0,038961038961039
Gen 204
0,19047619047619
0,19047619047619
0,19047619047619
0,19047619047619
0,19047619047619
0,19047619047619
0,19047619047619
0,19047619047619
0,19047619047619
0,19047619047619
0,19047619047619
0,19047619047619
0,19047619047619
0,19047619047619
0,19047619047619
0,19047619047619
0,19047619047619
0,19047619047619
0,19047619047619
0,19047619047619
Gen 205
0,19047619047619
0,19047619047619
0,19047619047619
0,19047619047619
0,19047619047619
0,19047619047619
0,19047619047619
0,19047619047619
0,19047619047619
0,19047619047619
0,19047619047619
0,19047619047619
0,19047619047619
0,19047619047619
0,19047619047619
0,19047619047619
0,19047619047619
0,19047619047619
0,19047619047619
0,19047619047619
Gen 206
0,19047619047619
0,19047619047619
0,19047619047619
0,19047619047619
0,19047619047619
0,19047619047619
0,19047619047619
0,19047619047619
0,19047619047619
0,19047619047619
0,19047619047619
0,19047619047619
0,19047619047619
0,19047619047619
0,19047619047619
0,19047619047619
0,19047619047619
0,19047619047619
0,19047619047619
0,181818181818182
Gen 207
0,19047619047619
0,19047619047619
0,19047619047619
0,19047619047619
0,19047619047619
0,19047619047619
0,19047619047619
0,19047619047619
0,19047619047619
0,19047619047619
0,19047619047619
0,19047619047619
0,19047619047619
0,19047619047619
0,19047619047619
0,19047619047619
0,19047619047619
0,19047619047619
0,186147186147186
0,0432900432900433
Gen 208
0,19047619047619
0,19047619047619
0,19047619047619
0,19047619047619
0,19047619047619
0,19047619047619
0,19047619047619
0,19047619047619
0,19047619047619
0,19047619047619
0,19047619047619
0,19047619047619
0,19047619047619
0,19047619047619
0,19047619047619
0,19047619047619
0,19047619047619
0,19047619047619
0
0
Gen 209
0,19047619047619
0,19047619047619
0,19047619047619
0,19047619047619
0,19047619047619
0,19047619047619
0,19047619047619
0,19047619047619
0,19047619047619
0,19047619047619
0,19047619047619
0,19047619047619
0,19047619047619
0,19047619047619
0,19047619047619
0,19047619047619
0,19047619047619
0,19047619047619
0,19047619047619
0,125541125541126
Gen 210
0,19047619047619
0,19047619047619
0,19047619047619
0,19047619047619
0,19047619047619
0,19047619047619
0,19047619047619
0,19047619047619
0,19047619047619
0,19047619047619
0,19047619047619
0,19047619047619
0,19047619047619
0,19047619047619
0,19047619047619
0,19047619047619
0,19047619047619
0,19047619047619
0,19047619047619
0,19047619047619
Gen 211
0,19047619047619
0,19047619047619
0,19047619047619
0,19047619047619
0,19047619047619
0,19047619047619
0,19047619047619
0,19047619047619
0,19047619047619
0,19047619047619
0,19047619047619
0,19047619047619
0,19047619047619
0,19047619047619
0,19047619047619
0,19047619047619
0,19047619047619
0,19047619047619
0,19047619047619
0,19047619047619
Gen 212
0,19047619047619
0,19047619047619
0,19047619047619
0,19047619047619
0,19047619047619
0,19047619047619
0,19047619047619
0,19047619047619
0,19047619047619
0,19047619047619
0,19047619047619
0,19047619047619
0,19047619047619
0,19047619047619
0,19047619047619
0,19047619047619
0,19047619047619
0,19047619047619
0,0952380952380952
0
Gen 213
0,19047619047619
0,19047619047619
0,19047619047619
0,19047619047619
0,19047619047619
0,19047619047619
0,19047619047619
0,19047619047619
0,19047619047619
0,19047619047619
0,19047619047619
0,19047619047619
0,19047619047619
0,19047619047619
0,19047619047619
0,19047619047619
0,19047619047619
0,19047619047619
0,19047619047619
0,19047619047619
Gen 214
0,19047619047619
0,19047619047619
0,19047619047619
0,19047619047619
0,19047619047619
0,19047619047619
0,19047619047619
0,19047619047619
0,19047619047619
0,19047619047619
0,19047619047619
0,19047619047619
0,19047619047619
0,19047619047619
0,19047619047619
0,19047619047619
0,19047619047619
0,19047619047619
0,19047619047619
0,19047619047619
Gen 215
0,19047619047619
0,19047619047619
0,19047619047619
0,19047619047619
0,19047619047619
0,19047619047619
0,19047619047619
0,19047619047619
0,19047619047619
0,19047619047619
0,19047619047619
0,19047619047619
0,19047619047619
0,19047619047619
0,19047619047619
0,19047619047619
0,19047619047619
0,19047619047619
0,19047619047619
0,168831168831169
Gen 216
0,19047619047619
0,19047619047619
0,19047619047619
0,19047619047619
0,19047619047619
0,19047619047619
0,19047619047619
0,19047619047619
0,19047619047619
0,19047619047619
0,19047619047619
0,19047619047619
0,19047619047619
0,19047619047619
0,19047619047619
0,19047619047619
0,19047619047619
0,19047619047619
0,19047619047619
0,181818181818182
Gen 217
0,19047619047619
0,19047619047619
0,19047619047619
0,19047619047619
0,19047619047619
0,19047619047619
0,19047619047619
0,19047619047619
0,19047619047619
0,19047619047619
0,19047619047619
0,19047619047619
0,19047619047619
0,19047619047619
0,19047619047619
0,19047619047619
0,19047619047619
0,19047619047619
0,19047619047619
0
Gen 218
0,19047619047619
0,19047619047619
0,19047619047619
0,19047619047619
0,19047619047619
0,19047619047619
0,19047619047619
0,19047619047619
0,19047619047619
0,19047619047619
0,19047619047619
0,19047619047619
0,19047619047619
0,19047619047619
0,19047619047619
0,19047619047619
0,19047619047619
0,19047619047619
0,19047619047619
0,19047619047619
Gen 219
0,19047619047619
0,19047619047619
0,19047619047619
0,19047619047619
0,19047619047619
0,19047619047619
0,19047619047619
0,19047619047619
0,19047619047619
0,19047619047619
0,19047619047619
0,19047619047619
0,19047619047619
0,19047619047619
0,19047619047619
0,19047619047619
0,19047619047619
0,19047619047619
0,19047619047619
0,19047619047619
Gen 220
0,19047619047619
0,19047619047619
0,19047619047619
0,19047619047619
0,19047619047619
0,19047619047619
0,19047619047619
0,19047619047619
0,19047619047619
0,19047619047619
0,19047619047619
0,19047619047619
0,19047619047619
0,19047619047619
0,19047619047619
0,19047619047619
0,19047619047619
0,19047619047619
0,19047619047619
0,181818181818182
Gen 221
0,19047619047619
0,19047619047619
0,19047619047619
0,19047619047619
0,19047619047619
0,19047619047619
0,19047619047619
0,19047619047619
0,19047619047619
0,19047619047619
0,19047619047619
0,19047619047619
0,19047619047619
0,19047619047619
0,19047619047619
0,19047619047619
0,19047619047619
0,19047619047619
0,19047619047619
0
Gen 222
0,19047619047619
0,19047619047619
0,19047619047619
0,19047619047619
0,19047619047619
0,19047619047619
0,19047619047619
0,19047619047619
0,19047619047619
0,19047619047619
0,19047619047619
0,19047619047619
0,19047619047619
0,19047619047619
0,19047619047619
0,19047619047619
0,19047619047619
0,19047619047619
0,19047619047619
0,19047619047619
Gen 223
0,19047619047619
0,19047619047619
0,19047619047619
0,19047619047619
0,19047619047619
0,19047619047619
0,19047619047619
0,19047619047619
0,19047619047619
0,19047619047619
0,19047619047619
0,19047619047619
0,19047619047619
0,19047619047619
0,19047619047619
0,19047619047619
0,19047619047619
0,19047619047619
0,19047619047619
0,19047619047619
Gen 224
0,19047619047619
0,19047619047619
0,19047619047619
0,19047619047619
0,19047619047619
0,19047619047619
0,19047619047619
0,19047619047619
0,19047619047619
0,19047619047619
0,19047619047619
0,19047619047619
0,19047619047619
0,19047619047619
0,19047619047619
0,19047619047619
0,19047619047619
0,19047619047619
0,19047619047619
0,186147186147186
Gen 225
0,19047619047619
0,19047619047619
0,19047619047619
0,19047619047619
0,19047619047619
0,19047619047619
0,19047619047619
0,19047619047619
0,19047619047619
0,19047619047619
0,19047619047619
0,19047619047619
0,19047619047619
0,19047619047619
0,19047619047619
0,19047619047619
0,19047619047619
0,19047619047619
0,19047619047619
0,0432900432900433
Gen 226
0,19047619047619
0,19047619047619
0,19047619047619
0,19047619047619
0,19047619047619
0,19047619047619
0,19047619047619
0,19047619047619
0,19047619047619
0,19047619047619
0,19047619047619
0,19047619047619
0,19047619047619
0,19047619047619
0,19047619047619
0,19047619047619
0,19047619047619
0,19047619047619
0,19047619047619
0,0952380952380952
Gen 227
0,19047619047619
0,19047619047619
0,19047619047619
0,19047619047619
0,19047619047619
0,19047619047619
0,19047619047619
0,19047619047619
0,19047619047619
0,19047619047619
0,19047619047619
0,19047619047619
0,19047619047619
0,19047619047619
0,19047619047619
0,19047619047619
0,19047619047619
0,19047619047619
0,19047619047619
0,038961038961039
Gen 228
0,19047619047619
0,19047619047619
0,19047619047619
0,19047619047619
0,19047619047619
0,19047619047619
0,19047619047619
0,19047619047619
0,19047619047619
0,19047619047619
0,19047619047619
0,19047619047619
0,19047619047619
0,19047619047619
0,19047619047619
0,19047619047619
0,19047619047619
0,19047619047619
0,19047619047619
0,16017316017316
Gen 229
0,19047619047619
0,19047619047619
0,19047619047619
0,19047619047619
0,19047619047619
0,19047619047619
0,19047619047619
0,19047619047619
0,19047619047619
0,19047619047619
0,19047619047619
0,19047619047619
0,19047619047619
0,19047619047619
0,19047619047619
0,19047619047619
0,19047619047619
0,19047619047619
0,173160173160173
0,116883116883117
Gen 230
0,19047619047619
0,19047619047619
0,19047619047619
0,19047619047619
0,19047619047619
0,19047619047619
0,19047619047619
0,19047619047619
0,19047619047619
0,19047619047619
0,19047619047619
0,19047619047619
0,19047619047619
0,19047619047619
0,19047619047619
0,19047619047619
0,19047619047619
0,19047619047619
0,19047619047619
0,181818181818182
Gen 231
0,19047619047619
0,19047619047619
0,19047619047619
0,19047619047619
0,19047619047619
0,19047619047619
0,19047619047619
0,19047619047619
0,19047619047619
0,19047619047619
0,19047619047619
0,19047619047619
0,19047619047619
0,19047619047619
0,19047619047619
0,19047619047619
0,19047619047619
0,19047619047619
0,19047619047619
0,19047619047619
Gen 232
0,19047619047619
0,19047619047619
0,19047619047619
0,19047619047619
0,19047619047619
0,19047619047619
0,19047619047619
0,19047619047619
0,19047619047619
0,19047619047619
0,19047619047619
0,19047619047619
0,19047619047619
0,19047619047619
0,19047619047619
0,19047619047619
0,19047619047619
0,19047619047619
0,173160173160173
0,155844155844156
Gen 233
0,19047619047619
0,19047619047619
0,19047619047619
0,19047619047619
0,19047619047619
0,19047619047619
0,19047619047619
0,19047619047619
0,19047619047619
0,19047619047619
0,19047619047619
0,19047619047619
0,19047619047619
0,19047619047619
0,19047619047619
0,19047619047619
0,19047619047619
0,19047619047619
0,0432900432900433
0,038961038961039
Gen 234
0,19047619047619
0,19047619047619
0,19047619047619
0,19047619047619
0,19047619047619
0,19047619047619
0,19047619047619
0,19047619047619
0,19047619047619
0,19047619047619
0,19047619047619
0,19047619047619
0,19047619047619
0,19047619047619
0,19047619047619
0,19047619047619
0,19047619047619
0,19047619047619
0,19047619047619
0
Gen 235
0,19047619047619
0,19047619047619
0,19047619047619
0,19047619047619
0,19047619047619
0,19047619047619
0,19047619047619
0,19047619047619
0,19047619047619
0,19047619047619
0,19047619047619
0,19047619047619
0,19047619047619
0,19047619047619
0,19047619047619
0,19047619047619
0,19047619047619
0,19047619047619
0,173160173160173
0
Gen 236
0,19047619047619
0,19047619047619
0,19047619047619
0,19047619047619
0,19047619047619
0,19047619047619
0,19047619047619
0,19047619047619
0,19047619047619
0,19047619047619
0,19047619047619
0,19047619047619
0,19047619047619
0,19047619047619
0,19047619047619
0,19047619047619
0,19047619047619
0,19047619047619
0,19047619047619
0,0432900432900433
Gen 237
0,19047619047619
0,19047619047619
0,19047619047619
0,19047619047619
0,19047619047619
0,19047619047619
0,19047619047619
0,19047619047619
0,19047619047619
0,19047619047619
0,19047619047619
0,19047619047619
0,19047619047619
0,19047619047619
0,19047619047619
0,19047619047619
0,19047619047619
0,19047619047619
0,19047619047619
0,19047619047619
Gen 238
0,19047619047619
0,19047619047619
0,19047619047619
0,19047619047619
0,19047619047619
0,19047619047619
0,19047619047619
0,19047619047619
0,19047619047619
0,19047619047619
0,19047619047619
0,19047619047619
0,19047619047619
0,19047619047619
0,19047619047619
0,19047619047619
0,19047619047619
0,19047619047619
0,19047619047619
0,0432900432900433
Gen 239
0,19047619047619
0,19047619047619
0,19047619047619
0,19047619047619
0,19047619047619
0,19047619047619
0,19047619047619
0,19047619047619
0,19047619047619
0,19047619047619
0,19047619047619
0,19047619047619
0,19047619047619
0,19047619047619
0,19047619047619
0,19047619047619
0,19047619047619
0,19047619047619
0,173160173160173
0
Gen 240
0,19047619047619
0,19047619047619
0,19047619047619
0,19047619047619
0,19047619047619
0,19047619047619
0,19047619047619
0,19047619047619
0,19047619047619
0,19047619047619
0,19047619047619
0,19047619047619
0,19047619047619
0,19047619047619
0,19047619047619
0,19047619047619
0,19047619047619
0,19047619047619
0,125541125541126
0,0952380952380952
Gen 241
0,19047619047619
0,19047619047619
0,19047619047619
0,19047619047619
0,19047619047619
0,19047619047619
0,19047619047619
0,19047619047619
0,19047619047619
0,19047619047619
0,19047619047619
0,19047619047619
0,19047619047619
0,19047619047619
0,19047619047619
0,19047619047619
0,19047619047619
0,19047619047619
0,19047619047619
0,19047619047619
Gen 242
0,19047619047619
0,19047619047619
0,19047619047619
0,19047619047619
0,19047619047619
0,19047619047619
0,19047619047619
0,19047619047619
0,19047619047619
0,19047619047619
0,19047619047619
0,19047619047619
0,19047619047619
0,19047619047619
0,19047619047619
0,19047619047619
0,19047619047619
0,19047619047619
0,19047619047619
0,116883116883117
Gen 243
0,19047619047619
0,19047619047619
0,19047619047619
0,19047619047619
0,19047619047619
0,19047619047619
0,19047619047619
0,19047619047619
0,19047619047619
0,19047619047619
0,19047619047619
0,19047619047619
0,19047619047619
0,19047619047619
0,19047619047619
0,19047619047619
0,19047619047619
0,19047619047619
0,19047619047619
0,19047619047619
Gen 244
0,19047619047619
0,19047619047619
0,19047619047619
0,19047619047619
0,19047619047619
0,19047619047619
0,19047619047619
0,19047619047619
0,19047619047619
0,19047619047619
0,19047619047619
0,19047619047619
0,19047619047619
0,19047619047619
0,19047619047619
0,19047619047619
0,19047619047619
0,19047619047619
0,19047619047619
0,134199134199134
Gen 245
0,19047619047619
0,19047619047619
0,19047619047619
0,19047619047619
0,19047619047619
0,19047619047619
0,19047619047619
0,19047619047619
0,19047619047619
0,19047619047619
0,19047619047619
0,19047619047619
0,19047619047619
0,19047619047619
0,19047619047619
0,19047619047619
0,19047619047619
0,19047619047619
0,186147186147186
0,112554112554113
Gen 246
0,19047619047619
0,19047619047619
0,19047619047619
0,19047619047619
0,19047619047619
0,19047619047619
0,19047619047619
0,19047619047619
0,19047619047619
0,19047619047619
0,19047619047619
0,19047619047619
0,19047619047619
0,19047619047619
0,19047619047619
0,19047619047619
0,19047619047619
0,19047619047619
0,19047619047619
0,19047619047619
Gen 247
0,19047619047619
0,19047619047619
0,19047619047619
0,19047619047619
0,19047619047619
0,19047619047619
0,19047619047619
0,19047619047619
0,19047619047619
0,19047619047619
0,19047619047619
0,19047619047619
0,19047619047619
0,19047619047619
0,19047619047619
0,19047619047619
0,19047619047619
0,19047619047619
0,19047619047619
0,108225108225108
