Gen 1
0,0909090909090909
0,0103896103896104
0,0415584415584416
0
0
0
Gen 2
0,0909090909090909
0,0493506493506494
0,0909090909090909
0,0822510822510823
0,0242424242424242
0
Gen 3
0,0909090909090909
0,0673160173160173
0,0909090909090909
0,0909090909090909
0,0848484848484848
0,0025974025974026
Gen 4
0,0909090909090909
0,0863636363636363
0,0909090909090909
0,0909090909090909
0,0909090909090909
0,0727272727272727
Gen 5
0,0909090909090909
0,0909090909090909
0,0909090909090909
0,0909090909090909
0,0909090909090909
0,0909090909090909
Gen 6
0,0909090909090909
0,0909090909090909
0,0909090909090909
0,0909090909090909
0,0909090909090909
0,0909090909090909
Gen 7
0,0909090909090909
0,0909090909090909
0,0909090909090909
0,0909090909090909
0,0909090909090909
0,0909090909090909
Gen 8
0,0909090909090909
0,0863636363636363
0,0909090909090909
0,0909090909090909
0,0909090909090909
0,0727272727272727
Gen 9
0,0909090909090909
0,0863636363636363
0,0909090909090909
0,0909090909090909
0,0909090909090909
0,0727272727272727
Gen 10
0,0909090909090909
0,0909090909090909
0,0909090909090909
0,0909090909090909
0,0909090909090909
0,0909090909090909
Gen 11
0,0995670995670996
0,0913419913419913
0,0926406926406927
0,0909090909090909
0,0909090909090909
0,0909090909090909
Gen 12
0,0995670995670996
0,0948051948051948
0,0995670995670996
0,0978354978354978
0,0909090909090909
0,0909090909090909
Gen 13
0,0995670995670996
0,0995670995670996
0,0995670995670996
0,0995670995670996
0,0995670995670996
0,0995670995670996
Gen 14
0,0995670995670996
0,0995670995670996
0,0995670995670996
0,0995670995670996
0,0995670995670996
0,0995670995670996
Gen 15
0,0995670995670996
0,0945887445887446
0,0995670995670996
0,0995670995670996
0,0995670995670996
0,0796536796536797
Gen 16
0,0995670995670996
0,0995670995670996
0,0995670995670996
0,0995670995670996
0,0995670995670996
0,0995670995670996
Gen 17
0,0995670995670996
0,0995670995670996
0,0995670995670996
0,0995670995670996
0,0995670995670996
0,0995670995670996
Gen 18
0,0995670995670996
0,0995670995670996
0,0995670995670996
0,0995670995670996
0,0995670995670996
0,0995670995670996
Gen 19
0,0995670995670996
0,0995670995670996
0,0995670995670996
0,0995670995670996
0,0995670995670996
0,0995670995670996
Gen 20
0,0995670995670996
0,0945887445887446
0,0995670995670996
0,0995670995670996
0,0995670995670996
0,0796536796536797
Gen 21
0,0995670995670996
0,0945887445887446
0,0995670995670996
0,0995670995670996
0,0995670995670996
0,0796536796536797
Gen 22
0,0995670995670996
0,0945887445887446
0,0995670995670996
0,0995670995670996
0,0995670995670996
0,0796536796536797
Gen 23
0,0995670995670996
0,0891774891774892
0,0995670995670996
0,0995670995670996
0,0995670995670996
0,058008658008658
Gen 24
0,0995670995670996
0,0941558441558442
0,0995670995670996
0,0995670995670996
0,0995670995670996
0,0779220779220779
Gen 25
0,0995670995670996
0,0995670995670996
0,0995670995670996
0,0995670995670996
0,0995670995670996
0,0995670995670996
Gen 26
0,0995670995670996
0,0995670995670996
0,0995670995670996
0,0995670995670996
0,0995670995670996
0,0995670995670996
Gen 27
0,0995670995670996
0,0995670995670996
0,0995670995670996
0,0995670995670996
0,0995670995670996
0,0995670995670996
Gen 28
0,0995670995670996
0,0945887445887446
0,0995670995670996
0,0995670995670996
0,0995670995670996
0,0796536796536797
Gen 29
0,0995670995670996
0,0995670995670996
0,0995670995670996
0,0995670995670996
0,0995670995670996
0,0995670995670996
Gen 30
0,103896103896104
0,0995670995670996
0,1004329004329
0,0995670995670996
0,0995670995670996
0,0987012987012987
Gen 31
0,103896103896104
0,0961038961038961
0,103896103896104
0,101298701298701
0,0995670995670996
0,0796536796536797
Gen 32
0,103896103896104
0,103463203463203
0,103896103896104
0,103896103896104
0,103896103896104
0,102164502164502
Gen 33
0,103896103896104
0,0987012987012987
0,103896103896104
0,103896103896104
0,103896103896104
0,0831168831168831
Gen 34
0,103896103896104
0,0987012987012987
0,103896103896104
0,103896103896104
0,103896103896104
0,0831168831168831
Gen 35
0,103896103896104
0,103896103896104
0,103896103896104
0,103896103896104
0,103896103896104
0,103896103896104
Gen 36
0,103896103896104
0,103896103896104
0,103896103896104
0,103896103896104
0,103896103896104
0,103896103896104
Gen 37
0,12987012987013
0,105194805194805
0,109090909090909
0,103896103896104
0,103896103896104
0,103896103896104
Gen 38
0,12987012987013
0,117965367965368
0,12987012987013
0,12987012987013
0,109090909090909
0,103030303030303
Gen 39
0,12987012987013
0,12987012987013
0,12987012987013
0,12987012987013
0,12987012987013
0,12987012987013
Gen 40
0,12987012987013
0,129437229437229
0,12987012987013
0,12987012987013
0,12987012987013
0,128138528138528
Gen 41
0,12987012987013
0,12987012987013
0,12987012987013
0,12987012987013
0,12987012987013
0,12987012987013
Gen 42
0,12987012987013
0,125757575757576
0,12987012987013
0,12987012987013
0,12987012987013
0,113419913419913
Gen 43
0,12987012987013
0,123376623376623
0,12987012987013
0,12987012987013
0,12987012987013
0,103896103896104
Gen 44
0,12987012987013
0,12987012987013
0,12987012987013
0,12987012987013
0,12987012987013
0,12987012987013
Gen 45
0,134199134199134
0,119480519480519
0,130735930735931
0,12987012987013
0,12987012987013
0,0874458874458874
Gen 46
0,134199134199134
0,131385281385281
0,134199134199134
0,131601731601732
0,12987012987013
0,12987012987013
Gen 47
0,134199134199134
0,134199134199134
0,134199134199134
0,134199134199134
0,134199134199134
0,134199134199134
Gen 48
0,134199134199134
0,134199134199134
0,134199134199134
0,134199134199134
0,134199134199134
0,134199134199134
Gen 49
0,134199134199134
0,123809523809524
0,134199134199134
0,134199134199134
0,134199134199134
0,0926406926406926
Gen 50
0,134199134199134
0,134199134199134
0,134199134199134
0,134199134199134
0,134199134199134
0,134199134199134
Gen 51
0,134199134199134
0,132900432900433
0,134199134199134
0,134199134199134
0,134199134199134
0,129004329004329
Gen 52
0,134199134199134
0,127489177489177
0,134199134199134
0,134199134199134
0,134199134199134
0,107359307359307
Gen 53
0,134199134199134
0,125974025974026
0,134199134199134
0,134199134199134
0,134199134199134
0,101298701298701
Gen 54
0,134199134199134
0,133766233766234
0,134199134199134
0,134199134199134
0,134199134199134
0,132467532467532
Gen 55
0,134199134199134
0,119480519480519
0,134199134199134
0,134199134199134
0,134199134199134
0,0753246753246753
Gen 56
0,134199134199134
0,134199134199134
0,134199134199134
0,134199134199134
0,134199134199134
0,134199134199134
Gen 57
0,134199134199134
0,134199134199134
0,134199134199134
0,134199134199134
0,134199134199134
0,134199134199134
Gen 58
0,134199134199134
0,127922077922078
0,134199134199134
0,134199134199134
0,134199134199134
0,109090909090909
Gen 59
0,134199134199134
0,134199134199134
0,134199134199134
0,134199134199134
0,134199134199134
0,134199134199134
Gen 60
0,134199134199134
0,134199134199134
0,134199134199134
0,134199134199134
0,134199134199134
0,134199134199134
Gen 61
0,134199134199134
0,134199134199134
0,134199134199134
0,134199134199134
0,134199134199134
0,134199134199134
Gen 62
0,134199134199134
0,134199134199134
0,134199134199134
0,134199134199134
0,134199134199134
0,134199134199134
Gen 63
0,134199134199134
0,134199134199134
0,134199134199134
0,134199134199134
0,134199134199134
0,134199134199134
Gen 64
0,134199134199134
0,133982683982684
0,134199134199134
0,134199134199134
0,134199134199134
0,133333333333333
Gen 65
0,134199134199134
0,127489177489177
0,134199134199134
0,134199134199134
0,134199134199134
0,107359307359307
Gen 66
0,169082125603865
0,133778781604869
0,14117573248008
0,134199134199134
0,134199134199134
0,125541125541126
Gen 67
0,169082125603865
0,151640629901499
0,169082125603865
0,169082125603865
0,134199134199134
0,134199134199134
Gen 68
0,169082125603865
0,160628019323671
0,169082125603865
0,169082125603865
0,169082125603865
0,135265700483092
Gen 69
0,169082125603865
0,169082125603865
0,169082125603865
0,169082125603865
0,169082125603865
0,169082125603865
Gen 70
0,169082125603865
0,167554426250078
0,169082125603865
0,169082125603865
0,169082125603865
0,162971328188719
Gen 71
0,169082125603865
0,169082125603865
0,169082125603865
0,169082125603865
0,169082125603865
0,169082125603865
Gen 72
0,169082125603865
0,169082125603865
0,169082125603865
0,169082125603865
0,169082125603865
0,169082125603865
Gen 73
0,169082125603865
0,166472175167827
0,169082125603865
0,169082125603865
0,169082125603865
0,158642323859715
Gen 74
0,169082125603865
0,162792521488174
0,169082125603865
0,169082125603865
0,169082125603865
0,1439237091411
Gen 75
0,169082125603865
0,169082125603865
0,169082125603865
0,169082125603865
0,169082125603865
0,169082125603865
Gen 76
0,169082125603865
0,169082125603865
0,169082125603865
0,169082125603865
0,169082125603865
0,169082125603865
Gen 77
0,169082125603865
0,169082125603865
0,169082125603865
0,169082125603865
0,169082125603865
0,169082125603865
Gen 78
0,169082125603865
0,160615471485037
0,169082125603865
0,169082125603865
0,169082125603865
0,135215509128553
Gen 79
0,169082125603865
0,146100759144237
0,169082125603865
0,169082125603865
0,169082125603865
0,0771566597653554
Gen 80
0,169082125603865
0,160628019323671
0,169082125603865
0,169082125603865
0,169082125603865
0,135265700483092
Gen 81
0,169082125603865
0,169082125603865
0,169082125603865
0,169082125603865
0,169082125603865
0,169082125603865
Gen 82
0,169082125603865
0,169082125603865
0,169082125603865
0,169082125603865
0,169082125603865
0,169082125603865
Gen 83
0,169082125603865
0,168019323671498
0,169082125603865
0,169082125603865
0,169082125603865
0,164830917874396
Gen 84
0,169082125603865
0,169082125603865
0,169082125603865
0,169082125603865
0,169082125603865
0,169082125603865
Gen 85
0,169082125603865
0,160399021268586
0,169082125603865
0,169082125603865
0,169082125603865
0,134349708262752
Gen 86
0,169082125603865
0,169082125603865
0,169082125603865
0,169082125603865
0,169082125603865
0,169082125603865
Gen 87
0,169082125603865
0,160628019323671
0,169082125603865
0,169082125603865
0,169082125603865
0,135265700483092
Gen 88
0,169082125603865
0,169082125603865
0,169082125603865
0,169082125603865
0,169082125603865
0,169082125603865
Gen 89
0,169082125603865
0,166905075600728
0,169082125603865
0,169082125603865
0,169082125603865
0,160373925591317
Gen 90
0,169082125603865
0,169082125603865
0,169082125603865
0,169082125603865
0,169082125603865
0,169082125603865
Gen 91
0,169082125603865
0,169082125603865
0,169082125603865
0,169082125603865
0,169082125603865
0,169082125603865
Gen 92
0,169082125603865
0,166905075600728
0,169082125603865
0,169082125603865
0,169082125603865
0,160373925591317
Gen 93
0,173160173160173
0,16928602798168
0,169897735115126
0,169082125603865
0,169082125603865
0,169082125603865
Gen 94
0,173160173160173
0,161851433590564
0,173160173160173
0,169897735115126
0,169082125603865
0,135265700483092
Gen 95
0,173160173160173
0,172956270782358
0,173160173160173
0,173160173160173
0,173160173160173
0,172344563648911
Gen 96
0,173160173160173
0,173160173160173
0,173160173160173
0,173160173160173
0,173160173160173
0,173160173160173
Gen 97
0,173160173160173
0,169060166886254
0,173160173160173
0,173160173160173
0,173160173160173
0,156760148064496
Gen 98
0,173160173160173
0,173160173160173
0,173160173160173
0,173160173160173
0,173160173160173
0,173160173160173
Gen 99
0,173160173160173
0,173160173160173
0,173160173160173
0,173160173160173
0,173160173160173
0,173160173160173
Gen 100
0,173160173160173
0,172727272727273
0,173160173160173
0,173160173160173
0,173160173160173
0,171428571428571
Gen 101
0,173160173160173
0,155844155844156
0,173160173160173
0,173160173160173
0,173160173160173
0,103896103896104
Gen 102
0,173160173160173
0,170779220779221
0,173160173160173
0,173160173160173
0,173160173160173
0,163636363636364
Gen 103
0,173160173160173
0,173160173160173
0,173160173160173
0,173160173160173
0,173160173160173
0,173160173160173
Gen 104
0,173160173160173
0,173160173160173
0,173160173160173
0,173160173160173
0,173160173160173
0,173160173160173
Gen 105
0,173160173160173
0,166666666666667
0,173160173160173
0,173160173160173
0,173160173160173
0,147186147186147
Gen 106
0,173160173160173
0,166462764288851
0,173160173160173
0,173160173160173
0,173160173160173
0,146370537674885
Gen 107
0,173160173160173
0,173149507497334
0,173160173160173
0,173160173160173
0,173160173160173
0,173117510508815
Gen 108
0,173160173160173
0,173160173160173
0,173160173160173
0,173160173160173
0,173160173160173
0,173160173160173
Gen 109
0,173160173160173
0,173160173160173
0,173160173160173
0,173160173160173
0,173160173160173
0,173160173160173
Gen 110
0,173160173160173
0,173160173160173
0,173160173160173
0,173160173160173
0,173160173160173
0,173160173160173
Gen 111
0,173160173160173
0,172294372294372
0,173160173160173
0,173160173160173
0,173160173160173
0,16969696969697
Gen 112
0,173160173160173
0,173160173160173
0,173160173160173
0,173160173160173
0,173160173160173
0,173160173160173
Gen 113
0,173160173160173
0,173160173160173
0,173160173160173
0,173160173160173
0,173160173160173
0,173160173160173
Gen 114
0,173160173160173
0,173160173160173
0,173160173160173
0,173160173160173
0,173160173160173
0,173160173160173
Gen 115
0,173160173160173
0,166883116883117
0,173160173160173
0,173160173160173
0,173160173160173
0,148051948051948
Gen 116
0,173160173160173
0,173160173160173
0,173160173160173
0,173160173160173
0,173160173160173
0,173160173160173
Gen 117
0,173160173160173
0,172727272727273
0,173160173160173
0,173160173160173
0,173160173160173
0,171428571428571
Gen 118
0,173160173160173
0,173160173160173
0,173160173160173
0,173160173160173
0,173160173160173
0,173160173160173
Gen 119
0,173160173160173
0,173160173160173
0,173160173160173
0,173160173160173
0,173160173160173
0,173160173160173
Gen 120
0,173160173160173
0,160162494510321
0,173160173160173
0,173160173160173
0,173160173160173
0,121169458560763
Gen 121
0,173160173160173
0,173160173160173
0,173160173160173
0,173160173160173
0,173160173160173
0,173160173160173
Gen 122
0,173160173160173
0,164069264069264
0,173160173160173
0,173160173160173
0,173160173160173
0,136796536796537
Gen 123
0,173160173160173
0,169047619047619
0,173160173160173
0,173160173160173
0,173160173160173
0,156709956709957
Gen 124
0,173160173160173
0,173160173160173
0,173160173160173
0,173160173160173
0,173160173160173
0,173160173160173
Gen 125
0,173160173160173
0,173160173160173
0,173160173160173
0,173160173160173
0,173160173160173
0,173160173160173
Gen 126
0,173160173160173
0,173160173160173
0,173160173160173
0,173160173160173
0,173160173160173
0,173160173160173
Gen 127
0,173160173160173
0,173160173160173
0,173160173160173
0,173160173160173
0,173160173160173
0,173160173160173
Gen 128
0,173160173160173
0,164008407051885
0,173160173160173
0,173160173160173
0,173160173160173
0,136553108727022
Gen 129
0,173160173160173
0,173160173160173
0,173160173160173
0,173160173160173
0,173160173160173
0,173160173160173
Gen 130
0,173160173160173
0,173160173160173
0,173160173160173
0,173160173160173
0,173160173160173
0,173160173160173
Gen 131
0,173160173160173
0,173160173160173
0,173160173160173
0,173160173160173
0,173160173160173
0,173160173160173
Gen 132
0,173160173160173
0,169264069264069
0,173160173160173
0,173160173160173
0,173160173160173
0,157575757575758
Gen 133
0,173160173160173
0,166666666666667
0,173160173160173
0,173160173160173
0,173160173160173
0,147186147186147
Gen 134
0,186147186147186
0,173809523809524
0,175757575757576
0,173160173160173
0,173160173160173
0,173160173160173
Gen 135
0,186147186147186
0,17987012987013
0,186147186147186
0,186147186147186
0,175757575757576
0,171428571428571
Gen 136
0,186147186147186
0,186147186147186
0,186147186147186
0,186147186147186
0,186147186147186
0,186147186147186
Gen 137
0,186147186147186
0,184199134199134
0,186147186147186
0,186147186147186
0,186147186147186
0,178354978354978
Gen 138
0,186147186147186
0,176190476190476
0,186147186147186
0,186147186147186
0,186147186147186
0,146320346320346
Gen 139
0,186147186147186
0,176839826839827
0,186147186147186
0,186147186147186
0,186147186147186
0,148917748917749
Gen 140
0,186147186147186
0,186147186147186
0,186147186147186
0,186147186147186
0,186147186147186
0,186147186147186
Gen 141
0,186147186147186
0,176839826839827
0,186147186147186
0,186147186147186
0,186147186147186
0,148917748917749
Gen 142
0,186147186147186
0,186147186147186
0,186147186147186
0,186147186147186
0,186147186147186
0,186147186147186
Gen 143
0,186147186147186
0,186147186147186
0,186147186147186
0,186147186147186
0,186147186147186
0,186147186147186
Gen 144
0,186147186147186
0,176839826839827
0,186147186147186
0,186147186147186
0,186147186147186
0,148917748917749
Gen 145
0,186147186147186
0,186147186147186
0,186147186147186
0,186147186147186
0,186147186147186
0,186147186147186
Gen 146
0,186147186147186
0,151082251082251
0,186147186147186
0,186147186147186
0,186147186147186
0,0458874458874459
Gen 147
0,186147186147186
0,158225108225108
0,186147186147186
0,186147186147186
0,186147186147186
0,0744588744588745
Gen 148
0,186147186147186
0,183116883116883
0,186147186147186
0,186147186147186
0,186147186147186
0,174025974025974
Gen 149
0,186147186147186
0,183116883116883
0,186147186147186
0,186147186147186
0,186147186147186
0,174025974025974
Gen 150
0,186147186147186
0,176839826839827
0,186147186147186
0,186147186147186
0,186147186147186
0,148917748917749
Gen 151
0,186147186147186
0,186147186147186
0,186147186147186
0,186147186147186
0,186147186147186
0,186147186147186
Gen 152
0,186147186147186
0,186147186147186
0,186147186147186
0,186147186147186
0,186147186147186
0,186147186147186
Gen 153
0,186147186147186
0,186147186147186
0,186147186147186
0,186147186147186
0,186147186147186
0,186147186147186
Gen 154
0,186147186147186
0,182683982683983
0,186147186147186
0,186147186147186
0,186147186147186
0,172294372294372
Gen 155
0,186147186147186
0,186147186147186
0,186147186147186
0,186147186147186
0,186147186147186
0,186147186147186
Gen 156
0,186147186147186
0,172294372294372
0,186147186147186
0,186147186147186
0,186147186147186
0,130735930735931
Gen 157
0,186147186147186
0,186147186147186
0,186147186147186
0,186147186147186
0,186147186147186
0,186147186147186
Gen 158
0,186147186147186
0,180952380952381
0,186147186147186
0,186147186147186
0,186147186147186
0,165367965367965
Gen 159
0,186147186147186
0,179004329004329
0,186147186147186
0,186147186147186
0,186147186147186
0,157575757575758
Gen 160
0,186147186147186
0,186147186147186
0,186147186147186
0,186147186147186
0,186147186147186
0,186147186147186
Gen 161
0,186147186147186
0,176839826839827
0,186147186147186
0,186147186147186
0,186147186147186
0,148917748917749
Gen 162
0,186147186147186
0,176839826839827
0,186147186147186
0,186147186147186
0,186147186147186
0,148917748917749
Gen 163
0,186147186147186
0,179004329004329
0,186147186147186
0,186147186147186
0,186147186147186
0,157575757575758
Gen 164
0,186147186147186
0,176623376623377
0,186147186147186
0,186147186147186
0,186147186147186
0,148051948051948
Gen 165
0,186147186147186
0,186147186147186
0,186147186147186
0,186147186147186
0,186147186147186
0,186147186147186
Gen 166
0,186147186147186
0,186147186147186
0,186147186147186
0,186147186147186
0,186147186147186
0,186147186147186
Gen 167
0,186147186147186
0,185930735930736
0,186147186147186
0,186147186147186
0,186147186147186
0,185281385281385
Gen 168
0,186147186147186
0,186147186147186
0,186147186147186
0,186147186147186
0,186147186147186
0,186147186147186
Gen 169
0,186147186147186
0,176190476190476
0,186147186147186
0,186147186147186
0,186147186147186
0,146320346320346
Gen 170
0,19047619047619
0,179220779220779
0,187012987012987
0,186147186147186
0,186147186147186
0,157575757575758
Gen 171
0,19047619047619
0,184632034632035
0,19047619047619
0,18961038961039
0,186147186147186
0,172294372294372
Gen 172
0,19047619047619
0,18961038961039
0,19047619047619
0,19047619047619
0,19047619047619
0,187012987012987
Gen 173
0,19047619047619
0,190476190476191
0,19047619047619
0,19047619047619
0,19047619047619
0,19047619047619
Gen 174
0,19047619047619
0,190476190476191
0,19047619047619
0,19047619047619
0,19047619047619
0,19047619047619
Gen 175
0,19047619047619
0,190476190476191
0,19047619047619
0,19047619047619
0,19047619047619
0,19047619047619
Gen 176
0,19047619047619
0,18961038961039
0,19047619047619
0,19047619047619
0,19047619047619
0,187012987012987
Gen 177
0,19047619047619
0,190476190476191
0,19047619047619
0,19047619047619
0,19047619047619
0,19047619047619
Gen 178
0,19047619047619
0,190476190476191
0,19047619047619
0,19047619047619
0,19047619047619
0,19047619047619
Gen 179
0,19047619047619
0,182900432900433
0,19047619047619
0,19047619047619
0,19047619047619
0,16017316017316
Gen 180
0,19047619047619
0,180952380952381
0,19047619047619
0,19047619047619
0,19047619047619
0,152380952380952
Gen 181
0,19047619047619
0,185714285714286
0,19047619047619
0,19047619047619
0,19047619047619
0,171428571428571
Gen 182
0,19047619047619
0,187715665976536
0,19047619047619
0,19047619047619
0,19047619047619
0,179434092477571
Gen 183
0,19047619047619
0,18008658008658
0,19047619047619
0,19047619047619
0,19047619047619
0,148917748917749
Gen 184
0,19047619047619
0,188095238095238
0,19047619047619
0,19047619047619
0,19047619047619
0,180952380952381
Gen 185
0,19047619047619
0,177705627705628
0,19047619047619
0,19047619047619
0,19047619047619
0,139393939393939
Gen 186
0,19047619047619
0,187229437229437
0,19047619047619
0,19047619047619
0,19047619047619
0,177489177489177
Gen 187
0,19047619047619
0,186796536796537
0,19047619047619
0,19047619047619
0,19047619047619
0,175757575757576
Gen 188
0,19047619047619
0,172727272727273
0,19047619047619
0,19047619047619
0,19047619047619
0,119480519480519
Gen 189
0,19047619047619
0,183116883116883
0,19047619047619
0,19047619047619
0,19047619047619
0,161038961038961
Gen 190
0,19047619047619
0,19025974025974
0,19047619047619
0,19047619047619
0,19047619047619
0,18961038961039
Gen 191
0,19047619047619
0,190476190476191
0,19047619047619
0,19047619047619
0,19047619047619
0,19047619047619
Gen 192
0,19047619047619
0,181601731601732
0,19047619047619
0,19047619047619
0,19047619047619
0,154978354978355
Gen 193
0,19047619047619
0,172943722943723
0,19047619047619
0,19047619047619
0,19047619047619
0,12034632034632
Gen 194
0,19047619047619
0,190476190476191
0,19047619047619
0,19047619047619
0,19047619047619
0,19047619047619
Gen 195
0,19047619047619
0,180952380952381
0,19047619047619
0,19047619047619
0,19047619047619
0,152380952380952
Gen 196
0,19047619047619
0,190476190476191
0,19047619047619
0,19047619047619
0,19047619047619
0,19047619047619
Gen 197
0,19047619047619
0,188311688311688
0,19047619047619
0,19047619047619
0,19047619047619
0,181818181818182
Gen 198
0,19047619047619
0,18961038961039
0,19047619047619
0,19047619047619
0,19047619047619
0,187012987012987
Gen 199
0,19047619047619
0,190476190476191
0,19047619047619
0,19047619047619
0,19047619047619
0,19047619047619
Gen 200
0,19047619047619
0,186796536796537
0,19047619047619
0,19047619047619
0,19047619047619
0,175757575757576
Gen 201
0,19047619047619
0,190476190476191
0,19047619047619
0,19047619047619
0,19047619047619
0,19047619047619
Gen 202
0,19047619047619
0,190476190476191
0,19047619047619
0,19047619047619
0,19047619047619
0,19047619047619
Gen 203
0,19047619047619
0,182900432900433
0,19047619047619
0,19047619047619
0,19047619047619
0,16017316017316
Gen 204
0,19047619047619
0,190476190476191
0,19047619047619
0,19047619047619
0,19047619047619
0,19047619047619
Gen 205
0,19047619047619
0,190476190476191
0,19047619047619
0,19047619047619
0,19047619047619
0,19047619047619
Gen 206
0,19047619047619
0,19004329004329
0,19047619047619
0,19047619047619
0,19047619047619
0,188744588744589
Gen 207
0,19047619047619
0,182900432900433
0,19047619047619
0,19047619047619
0,19047619047619
0,16017316017316
Gen 208
0,19047619047619
0,171428571428571
0,19047619047619
0,19047619047619
0,19047619047619
0,114285714285714
Gen 209
0,19047619047619
0,187229437229437
0,19047619047619
0,19047619047619
0,19047619047619
0,177489177489177
Gen 210
0,19047619047619
0,190476190476191
0,19047619047619
0,19047619047619
0,19047619047619
0,19047619047619
Gen 211
0,19047619047619
0,190476190476191
0,19047619047619
0,19047619047619
0,19047619047619
0,19047619047619
Gen 212
0,19047619047619
0,176190476190476
0,19047619047619
0,19047619047619
0,19047619047619
0,133333333333333
Gen 213
0,19047619047619
0,190476190476191
0,19047619047619
0,19047619047619
0,19047619047619
0,19047619047619
Gen 214
0,19047619047619
0,190476190476191
0,19047619047619
0,19047619047619
0,19047619047619
0,19047619047619
Gen 215
0,19047619047619
0,189393939393939
0,19047619047619
0,19047619047619
0,19047619047619
0,186147186147186
Gen 216
0,19047619047619
0,19004329004329
0,19047619047619
0,19047619047619
0,19047619047619
0,188744588744589
Gen 217
0,19047619047619
0,180952380952381
0,19047619047619
0,19047619047619
0,19047619047619
0,152380952380952
Gen 218
0,19047619047619
0,190476190476191
0,19047619047619
0,19047619047619
0,19047619047619
0,19047619047619
Gen 219
0,19047619047619
0,190476190476191
0,19047619047619
0,19047619047619
0,19047619047619
0,19047619047619
Gen 220
0,19047619047619
0,19004329004329
0,19047619047619
0,19047619047619
0,19047619047619
0,188744588744589
Gen 221
0,19047619047619
0,180952380952381
0,19047619047619
0,19047619047619
0,19047619047619
0,152380952380952
Gen 222
0,19047619047619
0,190476190476191
0,19047619047619
0,19047619047619
0,19047619047619
0,19047619047619
Gen 223
0,19047619047619
0,190476190476191
0,19047619047619
0,19047619047619
0,19047619047619
0,19047619047619
Gen 224
0,19047619047619
0,19025974025974
0,19047619047619
0,19047619047619
0,19047619047619
0,18961038961039
Gen 225
0,19047619047619
0,183116883116883
0,19047619047619
0,19047619047619
0,19047619047619
0,161038961038961
Gen 226
0,19047619047619
0,185714285714286
0,19047619047619
0,19047619047619
0,19047619047619
0,171428571428571
Gen 227
0,19047619047619
0,182900432900433
0,19047619047619
0,19047619047619
0,19047619047619
0,16017316017316
Gen 228
0,19047619047619
0,188961038961039
0,19047619047619
0,19047619047619
0,19047619047619
0,184415584415584
Gen 229
0,19047619047619
0,185930735930736
0,19047619047619
0,19047619047619
0,19047619047619
0,172294372294372
Gen 230
0,19047619047619
0,19004329004329
0,19047619047619
0,19047619047619
0,19047619047619
0,188744588744589
Gen 231
0,19047619047619
0,190476190476191
0,19047619047619
0,19047619047619
0,19047619047619
0,19047619047619
Gen 232
0,19047619047619
0,187878787878788
0,19047619047619
0,19047619047619
0,19047619047619
0,18008658008658
Gen 233
0,19047619047619
0,175541125541126
0,19047619047619
0,19047619047619
0,19047619047619
0,130735930735931
Gen 234
0,19047619047619
0,180952380952381
0,19047619047619
0,19047619047619
0,19047619047619
0,152380952380952
Gen 235
0,19047619047619
0,18008658008658
0,19047619047619
0,19047619047619
0,19047619047619
0,148917748917749
Gen 236
0,19047619047619
0,183116883116883
0,19047619047619
0,19047619047619
0,19047619047619
0,161038961038961
Gen 237
0,19047619047619
0,190476190476191
0,19047619047619
0,19047619047619
0,19047619047619
0,19047619047619
Gen 238
0,19047619047619
0,183116883116883
0,19047619047619
0,19047619047619
0,19047619047619
0,161038961038961
Gen 239
0,19047619047619
0,18008658008658
0,19047619047619
0,19047619047619
0,19047619047619
0,148917748917749
Gen 240
0,19047619047619
0,182467532467533
0,19047619047619
0,19047619047619
0,19047619047619
0,158441558441558
Gen 241
0,19047619047619
0,190476190476191
0,19047619047619
0,19047619047619
0,19047619047619
0,19047619047619
Gen 242
0,19047619047619
0,186796536796537
0,19047619047619
0,19047619047619
0,19047619047619
0,175757575757576
Gen 243
0,19047619047619
0,190476190476191
0,19047619047619
0,19047619047619
0,19047619047619
0,19047619047619
Gen 244
0,19047619047619
0,187662337662338
0,19047619047619
0,19047619047619
0,19047619047619
0,179220779220779
Gen 245
0,19047619047619
0,186363636363636
0,19047619047619
0,19047619047619
0,19047619047619
0,174025974025974
Gen 246
0,19047619047619
0,190476190476191
0,19047619047619
0,19047619047619
0,19047619047619
0,19047619047619
Gen 247
0,19047619047619
0,186363636363636
0,19047619047619
0,19047619047619
0,19047619047619
0,174025974025974
