Gen 1
0.103896103896104
0.00454608193738628
0.0181843277495451
0
0
0
Gen 2
0.103896103896104
0.0382115565593826
0.0931240353849049
0.0490841332580463
0.0106380575945793
0
Gen 3
0.103896103896104
0.0917455298324863
0.103896103896104
0.103896103896104
0.103896103896104
0.0552938076416338
Gen 4
0.103896103896104
0.0987012987012986
0.103896103896104
0.103896103896104
0.103896103896104
0.0831168831168831
Gen 5
0.121212121212121
0.104069264069264
0.104588744588745
0.103896103896104
0.103896103896104
0.103896103896104
Gen 6
0.121212121212121
0.103679653679654
0.111515151515152
0.103896103896104
0.103896103896104
0.0954112554112554
Gen 7
0.138528138528139
0.110637179245875
0.121904761904762
0.121212121212121
0.110265386787126
0.0891664470794906
Gen 8
0.138528138528139
0.11837003576134
0.131601731601732
0.121212121212121
0.121212121212121
0.0994541690193864
Gen 9
0.138528138528139
0.128142292490119
0.138528138528139
0.138528138528139
0.130909090909091
0.104603801995106
Gen 10
0.138528138528139
0.137142857142857
0.138528138528139
0.138528138528139
0.138528138528139
0.132987012987013
Gen 11
0.138528138528139
0.133665725578769
0.138528138528139
0.138528138528139
0.138528138528139
0.119078486730661
Gen 12
0.138528138528139
0.131949557688688
0.138528138528139
0.138528138528139
0.138528138528139
0.112213815170337
Gen 13
0.155844155844156
0.136969696969697
0.139220779220779
0.138528138528139
0.138528138528139
0.131601731601732
Gen 14
0.155844155844156
0.133679653679654
0.146147186147186
0.138528138528139
0.138528138528139
0.111515151515152
Gen 15
0.155844155844156
0.148630403413012
0.155844155844156
0.155844155844156
0.144651483781919
0.138181818181818
Gen 16
0.155844155844156
0.146183700357613
0.155844155844156
0.155844155844156
0.155844155844156
0.117202333897986
Gen 17
0.173160173160173
0.152656377438986
0.156536796536797
0.155844155844156
0.155844155844156
0.142400401530836
Gen 18
0.173160173160173
0.153078612209047
0.162943722943723
0.155844155844156
0.155844155844156
0.137682414204153
Gen 19
0.173160173160173
0.165324675324675
0.173160173160173
0.173160173160173
0.166406926406926
0.148571428571429
Gen 20
0.173160173160173
0.16943722943723
0.173160173160173
0.173160173160173
0.173160173160173
0.158268398268398
Gen 21
0.173160173160173
0.167634732417341
0.173160173160173
0.173160173160173
0.173160173160173
0.151058410188845
Gen 22
0.173160173160173
0.170220214568041
0.173160173160173
0.173160173160173
0.173160173160173
0.161400338791643
Gen 23
0.173160173160173
0.167965367965368
0.173160173160173
0.173160173160173
0.173160173160173
0.152380952380952
Gen 24
0.173160173160173
0.168585231193927
0.173160173160173
0.173160173160173
0.173160173160173
0.154860405295188
Gen 25
0.173160173160173
0.167262187088274
0.173160173160173
0.173160173160173
0.173160173160173
0.149568228872577
Gen 26
0.173160173160173
0.16969696969697
0.173160173160173
0.173160173160173
0.173160173160173
0.159307359307359
Gen 27
0.173160173160173
0.16304862287471
0.173160173160173
0.173160173160173
0.173160173160173
0.13271397201832
Gen 28
0.173160173160173
0.168985381767991
0.173160173160173
0.173160173160173
0.173160173160173
0.156461007591442
Gen 29
0.173160173160173
0.165342242298764
0.173160173160173
0.173160173160173
0.173160173160173
0.141888449714537
Gen 30
0.173160173160173
0.17012987012987
0.173160173160173
0.173160173160173
0.173160173160173
0.161038961038961
Gen 31
0.177489177489178
0.171275487797227
0.173333333333333
0.173160173160173
0.173160173160173
0.165448271535228
Gen 32
0.177489177489178
0.167070079678776
0.175757575757576
0.173160173160173
0.173160173160173
0.146202396637179
Gen 33
0.177489177489178
0.174891774891775
0.177489177489178
0.177489177489178
0.177489177489178
0.167099567099567
Gen 34
0.177489177489178
0.174805194805195
0.177489177489178
0.177489177489178
0.177489177489178
0.166753246753247
Gen 35
0.177489177489178
0.172034632034632
0.177489177489178
0.177489177489178
0.177489177489178
0.155670995670996
Gen 36
0.177489177489178
0.168225108225108
0.177489177489178
0.177489177489178
0.177489177489178
0.1404329004329
Gen 37
0.177489177489178
0.171279754062362
0.177489177489178
0.177489177489178
0.177489177489178
0.152651483781919
Gen 38
0.177489177489178
0.167532467532467
0.177489177489178
0.177489177489178
0.177489177489178
0.137662337662338
Gen 39
0.177489177489178
0.171904761904762
0.177489177489178
0.177489177489178
0.177489177489178
0.155151515151515
Gen 40
0.177489177489178
0.176060606060606
0.177489177489178
0.177489177489178
0.177489177489178
0.171774891774892
Gen 41
0.177489177489178
0.172332517723822
0.177489177489178
0.177489177489178
0.177489177489178
0.156862538427756
Gen 42
0.177489177489178
0.175021645021645
0.177489177489178
0.177489177489178
0.177489177489178
0.167619047619048
Gen 43
0.177489177489178
0.172161616161616
0.177489177489178
0.177489177489178
0.177489177489178
0.156178932178932
Gen 44
0.177489177489178
0.174545454545454
0.177489177489178
0.177489177489178
0.177489177489178
0.165714285714286
Gen 45
0.177489177489178
0.170760649978041
0.177489177489178
0.177489177489178
0.177489177489178
0.150575067444633
Gen 46
0.177489177489178
0.172683982683982
0.177489177489178
0.177489177489178
0.177489177489178
0.158268398268398
Gen 47
0.207792207792208
0.171666980362632
0.178701298701299
0.177489177489178
0.177489177489178
0.152988267770877
Gen 48
0.207792207792208
0.168264508438421
0.182337662337662
0.177489177489178
0.177489177489178
0.135742016437669
Gen 49
0.207792207792208
0.185411255411255
0.207792207792208
0.199307359307359
0.177489177489178
0.157056277056277
Gen 50
0.207792207792208
0.195825334086204
0.207792207792208
0.207792207792208
0.207792207792208
0.159924712968191
Gen 51
0.295652173913043
0.20355091285526
0.211306606437041
0.207792207792208
0.207792207792208
0.187312629399586
Gen 52
0.295652173913043
0.211261057782797
0.224784490871447
0.207792207792208
0.207792207792208
0.204675324675325
Gen 53
0.301449275362319
0.233037831733483
0.295884057971015
0.242154714850367
0.207792207792208
0.186320346320346
Gen 54
0.301449275362319
0.29004467030554
0.299594202898551
0.295652173913043
0.295652173913043
0.269280130497522
Gen 55
0.307246376811594
0.286112805069327
0.30168115942029
0.301449275362319
0.299826086956522
0.241494698538177
Gen 56
0.307246376811594
0.283683668988017
0.303536231884058
0.301449275362319
0.301449275362319
0.228299893343372
Gen 57
0.307246376811594
0.300046176046176
0.307246376811594
0.307246376811594
0.304231884057971
0.281460066503545
Gen 58
0.307246376811594
0.298938076416338
0.307246376811594
0.307246376811594
0.307246376811594
0.274013175230567
Gen 59
0.310144927536232
0.300449965493444
0.30736231884058
0.307246376811594
0.307246376811594
0.279944789510007
Gen 60
0.310144927536232
0.302492753623189
0.30863768115942
0.307246376811594
0.307246376811594
0.286840579710145
Gen 61
0.310144927536232
0.290406926406926
0.310144927536232
0.310144927536232
0.308753623188406
0.232584227366836
Gen 62
0.310144927536232
0.297731225296443
0.310144927536232
0.310144927536232
0.310144927536232
0.260490118577075
Gen 63
0.333333333333333
0.302300395256917
0.311072463768116
0.310144927536232
0.310144927536232
0.277839262187088
Gen 64
0.333333333333333
0.304033502729155
0.319420289855073
0.310144927536232
0.310144927536232
0.276423865989083
Gen 65
0.333333333333333
0.305125290168768
0.333333333333333
0.333333333333333
0.311072463768116
0.242762030240291
Gen 66
0.333333333333333
0.323376623376623
0.333333333333333
0.333333333333333
0.333333333333333
0.293506493506493
Gen 67
0.339130434782609
0.322046677959721
0.333565217391304
0.333333333333333
0.333333333333333
0.287954827780915
Gen 68
0.339130434782609
0.316145053014618
0.334260869565217
0.333333333333333
0.333333333333333
0.263652675826589
Gen 69
0.339130434782609
0.328625258799171
0.339130434782609
0.337507246376812
0.333333333333333
0.304530020703934
Gen 70
0.339130434782609
0.329551414768806
0.339130434782609
0.339130434782609
0.339130434782609
0.300814354727398
Gen 71
0.339130434782609
0.332884748102139
0.339130434782609
0.339130434782609
0.339130434782609
0.314147688060732
Gen 72
0.339130434782609
0.326373674634544
0.339130434782609
0.339130434782609
0.339130434782609
0.288103394190351
Gen 73
0.339130434782609
0.32294347198695
0.339130434782609
0.339130434782609
0.339130434782609
0.274382583599975
Gen 74
0.339130434782609
0.333362318840579
0.339130434782609
0.339130434782609
0.339130434782609
0.316057971014493
Gen 75
0.339130434782609
0.335216889390802
0.339130434782609
0.339130434782609
0.339130434782609
0.323476253215384
Gen 76
0.339130434782609
0.328614216701173
0.339130434782609
0.339130434782609
0.339130434782609
0.297065562456867
Gen 77
0.376623376623377
0.332722755505364
0.34063015245624
0.339130434782609
0.339130434782609
0.312
Gen 78
0.376623376623377
0.337446012924273
0.365952192734801
0.339130434782609
0.339130434782609
0.305570989397076
Gen 79
0.376811594202899
0.357668486103269
0.376630905326557
0.376623376623376
0.376277056277056
0.301142606186084
Gen 80
0.376811594202899
0.358341803124413
0.376743835874271
0.376623376623376
0.376623376623376
0.303376623376623
Gen 81
0.38961038961039
0.362569546395634
0.377323546019198
0.376811594202899
0.376773950686994
0.319369094673442
Gen 82
0.38961038961039
0.360308174916871
0.381931112365895
0.376811594202899
0.376811594202899
0.30567839889579
Gen 83
0.38961038961039
0.370949620427881
0.38961038961039
0.38961038961039
0.379371353284397
0.325206349206349
Gen 84
0.38961038961039
0.381180877093921
0.38961038961039
0.38961038961039
0.38961038961039
0.355892339544513
Gen 85
0.38961038961039
0.381168831168831
0.38961038961039
0.38961038961039
0.38961038961039
0.355844155844156
Gen 86
0.38961038961039
0.382857142857143
0.38961038961039
0.38961038961039
0.38961038961039
0.362597402597403
Gen 87
0.415584415584416
0.37008658008658
0.390649350649351
0.38961038961039
0.38961038961039
0.31047619047619
Gen 88
0.415584415584416
0.385064935064935
0.396883116883117
0.38961038961039
0.38961038961039
0.364155844155844
Gen 89
0.415584415584416
0.394184704184704
0.415584415584416
0.415584415584416
0.398801430453604
0.346768555116381
Gen 90
0.415584415584416
0.400500658761528
0.415584415584416
0.415584415584416
0.415584415584416
0.355249388292867
Gen 91
0.415584415584416
0.394780977476629
0.415584415584416
0.415584415584416
0.415584415584416
0.332370663153272
Gen 92
0.415584415584416
0.405576510446075
0.415584415584416
0.415584415584416
0.415584415584416
0.375552795031056
Gen 93
0.415584415584416
0.403904636426375
0.415584415584416
0.415584415584416
0.415584415584416
0.368865298952256
Gen 94
0.415584415584416
0.392694899303594
0.415584415584416
0.415584415584416
0.415584415584416
0.324026350461133
Gen 95
0.415584415584416
0.402424242424242
0.415584415584416
0.415584415584416
0.415584415584416
0.362943722943723
Gen 96
0.415584415584416
0.394150950498776
0.415584415584416
0.415584415584416
0.415584415584416
0.32985055524186
Gen 97
0.415584415584416
0.408831168831168
0.415584415584416
0.415584415584416
0.415584415584416
0.388571428571429
Gen 98
0.415584415584416
0.412554112554112
0.415584415584416
0.415584415584416
0.415584415584416
0.403463203463204
Gen 99
0.415584415584416
0.400854005897484
0.415584415584416
0.415584415584416
0.415584415584416
0.35666277683669
Gen 100
0.415584415584416
0.397342618733923
0.415584415584416
0.415584415584416
0.415584415584416
0.342617228182446
Gen 101
0.415584415584416
0.399740259740259
0.415584415584416
0.415584415584416
0.415584415584416
0.352207792207792
Gen 102
0.415584415584416
0.391428571428571
0.415584415584416
0.415584415584416
0.415584415584416
0.318961038961039
Gen 103
0.415584415584416
0.403679653679653
0.415584415584416
0.415584415584416
0.415584415584416
0.367965367965368
Gen 104
0.415584415584416
0.410469038208168
0.415584415584416
0.415584415584416
0.415584415584416
0.395122906079428
Gen 105
0.415584415584416
0.41219649915302
0.415584415584416
0.415584415584416
0.415584415584416
0.402032749858837
Gen 106
0.415584415584416
0.408484848484848
0.415584415584416
0.415584415584416
0.415584415584416
0.387186147186147
Gen 107
0.415584415584416
0.410686868686868
0.415584415584416
0.415584415584416
0.415584415584416
0.395994227994228
Gen 108
0.415584415584416
0.389472614342179
0.415584415584416
0.415584415584416
0.415584415584416
0.311137210615472
Gen 109
0.415584415584416
0.388170525127046
0.415584415584416
0.415584415584416
0.415584415584416
0.305928853754941
Gen 110
0.415584415584416
0.402431896605809
0.415584415584416
0.415584415584416
0.415584415584416
0.362974339669992
Gen 111
0.415584415584416
0.395923081749168
0.415584415584416
0.415584415584416
0.415584415584416
0.336939080243428
Gen 112
0.415584415584416
0.385583035322165
0.415584415584416
0.415584415584416
0.415584415584416
0.295578894535416
Gen 113
0.415584415584416
0.384242173285651
0.415584415584416
0.415584415584416
0.415584415584416
0.290215446389359
Gen 114
0.415584415584416
0.403204968944099
0.415584415584416
0.415584415584416
0.415584415584416
0.366066629023151
Gen 115
0.415584415584416
0.397352155091285
0.415584415584416
0.415584415584416
0.415584415584416
0.342655373611895
Gen 116
0.415584415584416
0.405887445887445
0.415584415584416
0.415584415584416
0.415584415584416
0.376796536796537
Gen 117
0.415584415584416
0.396186335403726
0.415584415584416
0.415584415584416
0.415584415584416
0.33799209486166
Gen 118
0.415584415584416
0.401471861471861
0.415584415584416
0.415584415584416
0.415584415584416
0.359134199134199
Gen 119
0.415584415584416
0.398441558441558
0.415584415584416
0.415584415584416
0.415584415584416
0.347012987012987
Gen 120
0.415584415584416
0.407803500846979
0.415584415584416
0.415584415584416
0.415584415584416
0.38446075663467
Gen 121
0.415584415584416
0.403924587489804
0.415584415584416
0.415584415584416
0.415584415584416
0.368945103205973
Gen 122
0.415584415584416
0.40060606060606
0.415584415584416
0.415584415584416
0.415584415584416
0.355670995670996
Gen 123
0.415584415584416
0.395416525503482
0.415584415584416
0.415584415584416
0.415584415584416
0.334912855260681
Gen 124
0.415584415584416
0.381809900244683
0.415584415584416
0.415584415584416
0.415584415584416
0.280486354225485
Gen 125
0.415584415584416
0.394500909718301
0.415584415584416
0.415584415584416
0.415584415584416
0.331250392119957
Gen 126
0.415584415584416
0.39885689190037
0.415584415584416
0.415584415584416
0.415584415584416
0.348674320848234
Gen 127
0.415584415584416
0.3935588179936
0.415584415584416
0.415584415584416
0.415584415584416
0.327482025221156
Gen 128
0.415584415584416
0.407445887445887
0.415584415584416
0.415584415584416
0.415584415584416
0.383030303030303
Gen 129
0.415584415584416
0.40530045799611
0.415584415584416
0.415584415584416
0.415584415584416
0.374448585231194
Gen 130
0.415584415584416
0.388824016563147
0.415584415584416
0.415584415584416
0.415584415584416
0.308542819499341
Gen 131
0.415584415584416
0.40060606060606
0.415584415584416
0.415584415584416
0.415584415584416
0.355670995670996
Gen 132
0.415584415584416
0.388174289478637
0.415584415584416
0.415584415584416
0.415584415584416
0.305943911161303
Gen 133
0.415584415584416
0.392164502164502
0.415584415584416
0.415584415584416
0.415584415584416
0.321904761904762
Gen 134
0.415584415584416
0.393463203463203
0.415584415584416
0.415584415584416
0.415584415584416
0.327099567099567
Gen 135
0.415584415584416
0.410300771692075
0.415584415584416
0.415584415584416
0.415584415584416
0.394449840015057
Gen 136
0.415584415584416
0.381648284083066
0.415584415584416
0.415584415584416
0.415584415584416
0.27983988957902
Gen 137
0.415584415584416
0.401125541125541
0.415584415584416
0.415584415584416
0.415584415584416
0.357748917748918
Gen 138
0.415584415584416
0.398300771692076
0.415584415584416
0.415584415584416
0.415584415584416
0.346449840015057
Gen 139
0.415584415584416
0.399220779220779
0.415584415584416
0.415584415584416
0.415584415584416
0.35012987012987
Gen 140
0.415584415584416
0.398201769245247
0.415584415584416
0.415584415584416
0.415584415584416
0.346053830227743
Gen 141
0.415584415584416
0.400566033000815
0.415584415584416
0.415584415584416
0.415584415584416
0.355510885250016
Gen 142
0.415584415584416
0.40389999372608
0.415584415584416
0.415584415584416
0.415584415584416
0.368846728151076
Gen 143
0.415584415584416
0.387639751552795
0.415584415584416
0.415584415584416
0.415584415584416
0.303805759457933
Gen 144
0.415584415584416
0.390974214191605
0.415584415584416
0.415584415584416
0.415584415584416
0.317143610013175
Gen 145
0.415584415584416
0.413130058347449
0.415584415584416
0.415584415584416
0.415584415584416
0.405766986636552
Gen 146
0.415584415584416
0.404321852060982
0.415584415584416
0.415584415584416
0.415584415584416
0.370534161490683
Gen 147
0.415584415584416
0.399529581529581
0.415584415584416
0.415584415584416
0.415584415584416
0.35136507936508
Gen 148
0.415584415584416
0.402222473178994
0.415584415584416
0.415584415584416
0.415584415584416
0.362136645962733
Gen 149
0.415584415584416
0.404112554112553
0.415584415584416
0.415584415584416
0.415584415584416
0.36969696969697
Gen 150
0.415584415584416
0.396277809147374
0.415584415584416
0.415584415584416
0.415584415584416
0.338357989836251
Gen 151
0.415584415584416
0.390411067193676
0.415584415584416
0.415584415584416
0.415584415584416
0.314891022021457
Gen 152
0.415584415584416
0.395333584290106
0.415584415584416
0.415584415584416
0.415584415584416
0.334581090407177
Gen 153
0.415584415584416
0.407550285463328
0.415584415584416
0.415584415584416
0.415584415584416
0.383447895100069
Gen 154
0.415584415584416
0.409826839826839
0.415584415584416
0.415584415584416
0.415584415584416
0.392554112554113
Gen 155
0.415584415584416
0.40077922077922
0.415584415584416
0.415584415584416
0.415584415584416
0.356363636363636
Gen 156
0.415584415584416
0.401524938829286
0.415584415584416
0.415584415584416
0.415584415584416
0.3593465085639
Gen 157
0.415584415584416
0.398847355543007
0.415584415584416
0.415584415584416
0.415584415584416
0.348636175418784
Gen 158
0.415584415584416
0.397466214944475
0.415584415584416
0.415584415584416
0.415584415584416
0.343111613024656
Gen 159
0.415584415584416
0.395009473618169
0.415584415584416
0.415584415584416
0.415584415584416
0.33328464771943
Gen 160
0.415584415584416
0.379799109103457
0.415584415584416
0.415584415584416
0.415584415584416
0.272443189660581
Gen 161
0.415584415584416
0.396623376623376
0.415584415584416
0.415584415584416
0.415584415584416
0.33974025974026
Gen 162
0.415584415584416
0.393042348955392
0.415584415584416
0.415584415584416
0.415584415584416
0.325416149068323
Gen 163
0.415584415584416
0.397965367965367
0.415584415584416
0.415584415584416
0.415584415584416
0.345108225108225
Gen 164
0.415584415584416
0.38512968191229
0.415584415584416
0.415584415584416
0.415584415584416
0.293765480895916
Gen 165
0.415584415584416
0.400714850367024
0.415584415584416
0.415584415584416
0.415584415584416
0.35610615471485
Gen 1
0.0909090909090909
0.00573975782671435
0.0229590313068574
0
0
0
Gen 2
0.0952380952380952
0.040260367651672
0.0902164502164502
0.0665567476002259
0.00426827279001192
0
Gen 3
0.0952380952380952
0.0754811468724512
0.0921212121212121
0.0909090909090909
0.0903896103896104
0.0285046740698915
Gen 4
0.0952380952380952
0.0617528075788945
0.0952380952380953
0.0926406926406926
0.0591324424367903
0
Gen 5
0.0952380952380952
0.0901731601731601
0.0952380952380953
0.0952380952380953
0.0952380952380953
0.074978354978355
Gen 6
0.0952380952380952
0.095194805194805
0.0952380952380953
0.0952380952380953
0.0952380952380953
0.0950649350649351
Gen 7
0.135265700483092
0.0919570863918689
0.0968391994478952
0.0952380952380953
0.0952380952380953
0.0805129556433904
Gen 8
0.135265700483092
0.0966690507560071
0.116052449965493
0.0952380952380953
0.0952380952380953
0.0801475625823452
Gen 9
0.216450216450216
0.120333772507685
0.138513081121777
0.135265700483092
0.116300897170462
0.0912554112554113
Gen 10
0.216450216450216
0.138005521048999
0.156092603049125
0.135265700483092
0.135265700483092
0.125398080180689
Gen 11
0.216450216450216
0.175848547587678
0.216450216450216
0.216450216450216
0.14332141288663
0.127172344563649
Gen 12
0.216450216450216
0.209004329004329
0.216450216450216
0.216450216450216
0.216450216450216
0.186666666666667
Gen 13
0.216450216450216
0.212587991718426
0.216450216450216
0.216450216450216
0.216450216450216
0.201001317523057
Gen 14
0.216450216450216
0.21021645021645
0.216450216450216
0.216450216450216
0.216450216450216
0.191515151515152
Gen 15
0.216450216450216
0.201774891774891
0.216450216450216
0.216450216450216
0.216450216450216
0.157748917748918
Gen 16
0.216450216450216
0.208787878787878
0.216450216450216
0.216450216450216
0.216450216450216
0.185800865800866
Gen 17
0.216450216450216
0.211298701298701
0.216450216450216
0.216450216450216
0.216450216450216
0.195844155844156
Gen 18
0.216450216450216
0.20943685300207
0.216450216450216
0.216450216450216
0.216450216450216
0.188396762657632
Gen 19
0.216450216450216
0.212305037957212
0.216450216450216
0.216450216450216
0.216450216450216
0.199869502478198
Gen 20
0.216450216450216
0.215324675324675
0.216450216450216
0.216450216450216
0.216450216450216
0.211948051948052
Gen 21
0.216450216450216
0.215454545454545
0.216450216450216
0.216450216450216
0.216450216450216
0.212467532467532
Gen 22
0.216450216450216
0.215670995670995
0.216450216450216
0.216450216450216
0.216450216450216
0.213333333333333
Gen 23
0.216450216450216
0.21047619047619
0.216450216450216
0.216450216450216
0.216450216450216
0.192554112554113
Gen 24
0.216450216450216
0.20678712591756
0.216450216450216
0.216450216450216
0.216450216450216
0.177797854319593
Gen 25
0.216450216450216
0.2106167262689
0.216450216450216
0.216450216450216
0.216450216450216
0.193116255724951
Gen 26
0.216450216450216
0.213073593073593
0.216450216450216
0.216450216450216
0.216450216450216
0.202943722943723
Gen 27
0.216450216450216
0.213593073593073
0.216450216450216
0.216450216450216
0.216450216450216
0.205021645021645
Gen 28
0.216450216450216
0.206493506493506
0.216450216450216
0.216450216450216
0.216450216450216
0.176623376623377
Gen 29
0.216450216450216
0.212738565782044
0.216450216450216
0.216450216450216
0.216450216450216
0.201603613777527
Gen 30
0.216450216450216
0.211409749670619
0.216450216450216
0.216450216450216
0.216450216450216
0.196288349331828
Gen 31
0.216450216450216
0.205618294748729
0.216450216450216
0.216450216450216
0.216450216450216
0.173122529644269
Gen 32
0.216450216450216
0.213073593073593
0.216450216450216
0.216450216450216
0.216450216450216
0.202943722943723
Gen 33
0.216450216450216
0.21025974025974
0.216450216450216
0.216450216450216
0.216450216450216
0.191688311688312
Gen 34
0.233766233766234
0.21134613212874
0.217142857142857
0.216450216450216
0.216450216450216
0.195341238471673
Gen 35
0.233766233766234
0.213290043290043
0.222337662337662
0.216450216450216
0.216450216450216
0.197922077922078
Gen 36
0.233766233766234
0.227643515904385
0.233766233766234
0.233766233766234
0.227803500846979
0.215238095238095
Gen 37
0.233766233766234
0.224131752305665
0.233766233766234
0.233766233766234
0.233766233766234
0.19522830792396
Gen 38
0.233766233766234
0.22777802873455
0.233766233766234
0.233766233766234
0.233766233766234
0.209813413639501
Gen 39
0.233766233766234
0.228225108225108
0.233766233766234
0.233766233766234
0.233766233766234
0.211601731601732
Gen 40
0.233766233766234
0.229764728025597
0.233766233766234
0.233766233766234
0.233766233766234
0.217760210803689
Gen 41
0.233766233766234
0.227792207792208
0.233766233766234
0.233766233766234
0.233766233766234
0.20987012987013
Gen 42
0.233766233766234
0.228614718614718
0.233766233766234
0.233766233766234
0.233766233766234
0.213160173160173
Gen 43
0.233766233766234
0.23030303030303
0.233766233766234
0.233766233766234
0.233766233766234
0.21991341991342
Gen 44
0.233766233766234
0.233766233766233
0.233766233766234
0.233766233766234
0.233766233766234
0.233766233766234
Gen 45
0.233766233766234
0.226753246753246
0.233766233766234
0.233766233766234
0.233766233766234
0.205714285714286
Gen 46
0.233766233766234
0.231428571428571
0.233766233766234
0.233766233766234
0.233766233766234
0.224415584415584
Gen 47
0.233766233766234
0.228318464144551
0.233766233766234
0.233766233766234
0.233766233766234
0.211975155279503
Gen 48
0.233766233766234
0.225522303783173
0.233766233766234
0.233766233766234
0.233766233766234
0.200790513833992
Gen 49
0.233766233766234
0.227802873455047
0.233766233766234
0.233766233766234
0.233766233766234
0.209912792521488
Gen 50
0.233766233766234
0.229090909090909
0.233766233766234
0.233766233766234
0.233766233766234
0.215064935064935
Gen 51
0.233766233766234
0.232121212121212
0.233766233766234
0.233766233766234
0.233766233766234
0.227186147186147
Gen 52
0.38961038961039
0.22182269904009
0.24
0.233766233766234
0.233766233766234
0.179758328627894
Gen 53
0.38961038961039
0.232337662337662
0.252467532467533
0.233766233766234
0.233766233766234
0.209350649350649
Gen 54
0.38961038961039
0.26060606060606
0.364675324675325
0.233766233766234
0.233766233766234
0.21021645021645
Gen 55
0.38961038961039
0.352111801242236
0.38961038961039
0.38961038961039
0.38961038961039
0.239616036137775
Gen 56
0.38961038961039
0.373561703996487
0.38961038961039
0.38961038961039
0.38961038961039
0.325415647154778
Gen 57
0.38961038961039
0.372795031055901
0.38961038961039
0.38961038961039
0.38961038961039
0.322348955392434
Gen 58
0.38961038961039
0.383246753246753
0.38961038961039
0.38961038961039
0.38961038961039
0.364155844155844
Gen 59
0.38961038961039
0.381601731601732
0.38961038961039
0.38961038961039
0.38961038961039
0.357575757575757
Gen 60
0.38961038961039
0.365887445887446
0.38961038961039
0.38961038961039
0.38961038961039
0.294718614718615
Gen 61
0.38961038961039
0.381818181818182
0.38961038961039
0.38961038961039
0.38961038961039
0.358441558441558
Gen 62
0.38961038961039
0.368328376937073
0.38961038961039
0.38961038961039
0.38961038961039
0.304482338917121
Gen 63
0.38961038961039
0.384536043666478
0.38961038961039
0.38961038961039
0.38961038961039
0.369313005834745
Gen 64
0.38961038961039
0.378018445322793
0.38961038961039
0.38961038961039
0.38961038961039
0.343242612460004
Gen 65
0.38961038961039
0.381818181818182
0.38961038961039
0.38961038961039
0.38961038961039
0.358441558441558
Gen 66
0.38961038961039
0.369981178242048
0.38961038961039
0.38961038961039
0.38961038961039
0.311093544137022
Gen 67
0.38961038961039
0.384137022397892
0.38961038961039
0.38961038961039
0.38961038961039
0.367716920760399
Gen 68
0.428019323671498
0.375677395068699
0.391146746972834
0.38961038961039
0.38961038961039
0.332342054081185
Gen 69
0.428019323671498
0.384453353409875
0.391146746972834
0.38961038961039
0.38961038961039
0.367445887445887
Gen 70
0.428019323671498
0.381666227492314
0.41111939268461
0.38961038961039
0.38961038961039
0.336324738063868
Gen 71
0.443478260869565
0.402806198632286
0.429256038647343
0.428019323671498
0.415728464771943
0.338220967438359
Gen 72
0.443478260869565
0.416896417592071
0.436057971014493
0.428019323671498
0.428019323671498
0.375489052010791
Gen 73
0.469565217391304
0.411368718238284
0.445603864734299
0.443478260869565
0.432966183574879
0.32342656377439
Gen 74
0.469565217391304
0.415365455800239
0.468289855072464
0.445797101449275
0.443478260869565
0.303896605809649
Gen 75
0.469565217391304
0.454708701926094
0.469565217391304
0.469565217391304
0.469565217391304
0.41013915553046
Gen 76
0.469565217391304
0.445140974967063
0.469565217391304
0.469565217391304
0.469565217391304
0.371868247694335
Gen 77
0.471861471861472
0.448014680971204
0.469657067570111
0.469565217391304
0.469565217391304
0.383271221532091
Gen 78
0.471861471861472
0.460519982433027
0.470851119894598
0.469565217391304
0.469565217391304
0.432098375054897
Gen 79
0.471861471861472
0.451480268523748
0.471861471861472
0.471861471861472
0.470759269715792
0.391438860656252
Gen 80
0.471861471861472
0.457336344814606
0.471861471861472
0.471861471861472
0.471861471861472
0.413760963674007
Gen 81
0.471861471861472
0.462452726017944
0.471861471861472
0.471861471861472
0.471861471861472
0.434226488487358
Gen 82
0.471861471861472
0.453651797477885
0.471861471861472
0.471861471861472
0.471861471861472
0.399022774327122
Gen 83
0.471861471861472
0.45779559570864
0.471861471861472
0.471861471861472
0.471861471861472
0.415597967250141
Gen 84
0.471861471861472
0.453116883116884
0.471861471861472
0.471861471861472
0.471861471861472
0.396883116883117
Gen 85
0.471861471861472
0.462842085450782
0.471861471861472
0.471861471861472
0.471861471861472
0.435783926218709
Gen 86
0.471861471861472
0.463722943722944
0.471861471861472
0.471861471861472
0.471861471861472
0.439307359307359
Gen 87
0.471861471861472
0.463596461509506
0.471861471861472
0.471861471861472
0.471861471861472
0.438801430453604
Gen 88
0.471861471861472
0.455827969132318
0.471861471861472
0.471861471861472
0.471861471861472
0.407727460944852
Gen 89
0.471861471861472
0.453294184076794
0.471861471861472
0.471861471861472
0.471861471861472
0.397592320722756
Gen 90
0.471861471861472
0.461108225108226
0.471861471861472
0.471861471861472
0.471861471861472
0.428848484848485
Gen 91
0.471861471861472
0.461334086203652
0.471861471861472
0.471861471861472
0.471861471861472
0.42975192923019
Gen 92
0.471861471861472
0.447175356044922
0.471861471861472
0.471861471861472
0.471861471861472
0.37311700859527
Gen 93
0.471861471861472
0.433453792584228
0.471861471861472
0.471861471861472
0.471861471861472
0.318230754752494
Gen 94
0.471861471861472
0.458782985130812
0.471861471861472
0.471861471861472
0.471861471861472
0.419547524938829
Gen 95
0.471861471861472
0.445115753811407
0.471861471861472
0.471861471861472
0.471861471861472
0.364878599661208
Gen 96
0.471861471861472
0.458268398268399
0.471861471861472
0.471861471861472
0.471861471861472
0.417489177489177
Gen 97
0.471861471861472
0.462072902942469
0.471861471861472
0.471861471861472
0.471861471861472
0.432707196185457
Gen 98
0.471861471861472
0.452329757199323
0.471861471861472
0.471861471861472
0.471861471861472
0.393734613212874
Gen 99
0.471861471861472
0.463423301336345
0.471861471861472
0.471861471861472
0.471861471861472
0.438108789760964
Gen 100
0.471861471861472
0.457295313382271
0.471861471861472
0.471861471861472
0.471861471861472
0.413596837944664
Gen 101
0.471861471861472
0.442188594014682
0.471861471861472
0.471861471861472
0.471861471861472
0.353169960474308
Gen 102
0.471861471861472
0.451798230754753
0.471861471861472
0.471861471861472
0.471861471861472
0.391608507434594
Gen 103
0.471861471861472
0.46891774891775
0.471861471861472
0.471861471861472
0.471861471861472
0.46008658008658
Gen 104
0.471861471861472
0.450653491436101
0.471861471861472
0.471861471861472
0.471861471861472
0.387029550159985
Gen 105
0.471861471861472
0.462900432900434
0.471861471861472
0.471861471861472
0.471861471861472
0.436017316017316
Gen 106
0.471861471861472
0.450120459250895
0.471861471861472
0.471861471861472
0.471861471861472
0.384897421419161
Gen 107
0.471861471861472
0.447827592697159
0.471861471861472
0.471861471861472
0.471861471861472
0.375725955204216
Gen 108
0.471861471861472
0.456573938139156
0.471861471861472
0.471861471861472
0.471861471861472
0.410711336972207
Gen 109
0.471861471861472
0.465454545454546
0.471861471861472
0.471861471861472
0.471861471861472
0.446233766233766
Gen 110
0.471861471861472
0.461021645021646
0.471861471861472
0.471861471861472
0.471861471861472
0.428502164502165
Gen 111
0.471861471861472
0.450430641821947
0.471861471861472
0.471861471861472
0.471861471861472
0.386138151703369
Gen 112
0.471861471861472
0.456320346320347
0.471861471861472
0.471861471861472
0.471861471861472
0.40969696969697
Gen 113
0.471861471861472
0.470067883807015
0.471861471861472
0.471861471861472
0.471861471861472
0.464687119643641
Gen 114
0.471861471861472
0.451565217391305
0.471861471861472
0.471861471861472
0.471861471861472
0.390676453980802
Gen 115
0.471861471861472
0.441749796097623
0.471861471861472
0.471861471861472
0.471861471861472
0.351414768806073
Gen 116
0.471861471861472
0.464199134199135
0.471861471861472
0.471861471861472
0.471861471861472
0.441212121212121
Gen 117
0.471861471861472
0.463478511826339
0.471861471861472
0.471861471861472
0.471861471861472
0.438329631720936
Gen 118
0.471861471861472
0.469026915113872
0.471861471861472
0.471861471861472
0.471861471861472
0.460523244871071
Gen 119
0.471861471861472
0.450715226802184
0.471861471861472
0.471861471861472
0.471861471861472
0.387276491624318
Gen 120
0.471861471861472
0.452193236714976
0.471861471861472
0.471861471861472
0.471861471861472
0.393188531275488
Gen 121
0.471861471861472
0.455584415584416
0.471861471861472
0.471861471861472
0.471861471861472
0.406753246753247
Gen 122
0.471861471861472
0.449587427065689
0.471861471861472
0.471861471861472
0.471861471861472
0.382765292678336
Gen 123
0.471861471861472
0.440746345441998
0.471861471861472
0.471861471861472
0.471861471861472
0.347400966183575
Gen 124
0.471861471861472
0.460408055712404
0.471861471861472
0.471861471861472
0.471861471861472
0.426047807265198
Gen 125
0.471861471861472
0.448320346320347
0.471861471861472
0.471861471861472
0.471861471861472
0.37769696969697
Gen 126
0.471861471861472
0.421588932806325
0.471861471861472
0.471861471861472
0.471861471861472
0.270771315640881
Gen 127
0.471861471861472
0.451839638622248
0.471861471861472
0.471861471861472
0.471861471861472
0.391774138904574
Gen 128
0.471861471861472
0.460432900432901
0.471861471861472
0.471861471861472
0.471861471861472
0.426147186147186
Gen 129
0.471861471861472
0.443771503858461
0.471861471861472
0.471861471861472
0.471861471861472
0.359501599849426
Gen 130
0.471861471861472
0.452766421983814
0.471861471861472
0.471861471861472
0.471861471861472
0.395481272350838
Gen 131
0.471861471861472
0.465974025974027
0.471861471861472
0.471861471861472
0.471861471861472
0.448311688311688
Gen 132
0.471861471861472
0.454191605495954
0.471861471861472
0.471861471861472
0.471861471861472
0.401182006399398
Gen 133
0.471861471861472
0.461558441558442
0.471861471861472
0.471861471861472
0.471861471861472
0.430649350649351
Gen 134
0.471861471861472
0.455504987765858
0.471861471861472
0.471861471861472
0.471861471861472
0.406435535479014
Gen 135
0.471861471861472
0.456724261246001
0.471861471861472
0.471861471861472
0.471861471861472
0.411312629399586
Gen 136
0.471861471861472
0.46891774891775
0.471861471861472
0.471861471861472
0.471861471861472
0.46008658008658
Gen 137
0.471861471861472
0.455454545454546
0.471861471861472
0.471861471861472
0.471861471861472
0.406233766233766
Gen 138
0.471861471861472
0.457012987012988
0.471861471861472
0.471861471861472
0.471861471861472
0.412467532467532
Gen 139
0.471861471861472
0.470592132505177
0.471861471861472
0.471861471861472
0.471861471861472
0.466784114436288
Gen 140
0.471861471861472
0.450717108977979
0.471861471861472
0.471861471861472
0.471861471861472
0.387284020327499
Gen 141
0.471861471861472
0.467142857142858
0.471861471861472
0.471861471861472
0.471861471861472
0.452987012987013
Gen 142
0.471861471861472
0.448166007905139
0.471861471861472
0.471861471861472
0.471861471861472
0.377079616036138
Gen 143
0.471861471861472
0.460871823828346
0.471861471861472
0.471861471861472
0.471861471861472
0.427902879728967
Gen 144
0.471861471861472
0.465633352155092
0.471861471861472
0.471861471861472
0.471861471861472
0.446948993035949
Gen 145
0.471861471861472
0.463538114059854
0.471861471861472
0.471861471861472
0.471861471861472
0.438568040654997
Gen 146
0.471861471861472
0.459694962042789
0.471861471861472
0.471861471861472
0.471861471861472
0.423195432586737
Gen 147
0.471861471861472
0.464952757387541
0.471861471861472
0.471861471861472
0.471861471861472
0.444226613965744
Gen 148
0.471861471861472
0.46168153585545
0.471861471861472
0.471861471861472
0.471861471861472
0.43114172783738
Gen 149
0.471861471861472
0.459367087019262
0.471861471861472
0.471861471861472
0.471861471861472
0.421883932492628
Gen 150
0.471861471861472
0.466060606060607
0.471861471861472
0.471861471861472
0.471861471861472
0.448658008658009
Gen 151
0.471861471861472
0.453506493506494
0.471861471861472
0.471861471861472
0.471861471861472
0.398441558441558
Gen 152
0.471861471861472
0.456062613714788
0.471861471861472
0.471861471861472
0.471861471861472
0.408666039274735
Gen 153
0.471861471861472
0.453077357425184
0.471861471861472
0.471861471861472
0.471861471861472
0.396725014116319
Gen 154
0.471861471861472
0.454072651985696
0.471861471861472
0.471861471861472
0.471861471861472
0.400706192358366
Gen 155
0.471861471861472
0.465219273480144
0.471861471861472
0.471861471861472
0.471861471861472
0.445292678336156
Gen 156
0.471861471861472
0.453942405420667
0.471861471861472
0.471861471861472
0.471861471861472
0.40018520609825
Gen 157
0.471861471861472
0.448910973084887
0.471861471861472
0.471861471861472
0.471861471861472
0.380059476755129
Gen 158
0.471861471861472
0.462424242424243
0.471861471861472
0.471861471861472
0.471861471861472
0.434112554112554
Gen 159
0.471861471861472
0.455090156220592
0.471861471861472
0.471861471861472
0.471861471861472
0.404776209297948
Gen 160
0.471861471861472
0.444602170776084
0.471861471861472
0.471861471861472
0.471861471861472
0.36282426751992
Gen 161
0.471861471861472
0.460692640692641
0.471861471861472
0.471861471861472
0.471861471861472
0.427186147186147
Gen 162
0.471861471861472
0.457033439989962
0.471861471861472
0.471861471861472
0.471861471861472
0.412549344375431
Gen 163
0.471861471861472
0.464025974025975
0.471861471861472
0.471861471861472
0.471861471861472
0.44051948051948
Gen 164
0.471861471861472
0.45948051948052
0.471861471861472
0.471861471861472
0.471861471861472
0.422337662337662
Gen 165
0.471861471861472
0.461518539431584
0.471861471861472
0.471861471861472
0.471861471861472
0.430489742141916
Gen 166
0.471861471861472
0.452277934625761
0.471861471861472
0.471861471861472
0.471861471861472
0.393527322918627
Gen 167
0.471861471861472
0.454022586109543
0.471861471861472
0.471861471861472
0.471861471861472
0.400505928853755
Gen 168
0.471861471861472
0.456063617541879
0.471861471861472
0.471861471861472
0.471861471861472
0.408670054583098
Gen 169
0.471861471861472
0.452804943848423
0.471861471861472
0.471861471861472
0.471861471861472
0.395635359809273
Gen 170
0.471861471861472
0.456965179747789
0.471861471861472
0.471861471861472
0.471861471861472
0.412276303406738
Gen 171
0.471861471861472
0.462202271158794
0.471861471861472
0.471861471861472
0.471861471861472
0.433224669050756
Gen 172
0.471861471861472
0.453203463203464
0.471861471861472
0.471861471861472
0.471861471861472
0.397229437229437
Gen 173
0.471861471861472
0.464072275550537
0.471861471861472
0.471861471861472
0.471861471861472
0.44070468661773
Gen 174
0.471861471861472
0.451215132693394
0.471861471861472
0.471861471861472
0.471861471861472
0.389276115189159
Gen 175
0.471861471861472
0.464675324675325
0.471861471861472
0.471861471861472
0.471861471861472
0.443116883116883
Gen 176
0.471861471861472
0.45919329945417
0.471861471861472
0.471861471861472
0.471861471861472
0.42118878223226
Gen 177
0.471861471861472
0.458987012987014
0.471861471861472
0.471861471861472
0.471861471861472
0.420363636363636
Gen 178
0.471861471861472
0.45801204592509
0.471861471861472
0.471861471861472
0.471861471861472
0.416463768115942
Gen 179
0.471861471861472
0.451856578204405
0.471861471861472
0.471861471861472
0.471861471861472
0.391841897233202
Gen 180
0.471861471861472
0.46891774891775
0.471861471861472
0.471861471861472
0.471861471861472
0.46008658008658
Gen 181
0.471861471861472
0.455405734362257
0.471861471861472
0.471861471861472
0.471861471861472
0.406038521864609
Gen 182
0.471861471861472
0.461204216073782
0.471861471861472
0.471861471861472
0.471861471861472
0.42923244871071
Gen 183
0.471861471861472
0.449920195746283
0.471861471861472
0.471861471861472
0.471861471861472
0.384096367400715
Gen 184
0.471861471861472
0.462424242424243
0.471861471861472
0.471861471861472
0.471861471861472
0.434112554112554
Gen 185
0.471861471861472
0.463119894598156
0.471861471861472
0.471861471861472
0.471861471861472
0.436895162808206
Gen 186
0.471861471861472
0.427280005019136
0.471861471861472
0.471861471861472
0.471861471861472
0.293535604492126
Gen 187
0.471861471861472
0.454982119329946
0.471861471861472
0.471861471861472
0.471861471861472
0.404344061735366
Gen 188
0.471861471861472
0.45930735930736
0.471861471861472
0.471861471861472
0.471861471861472
0.421645021645022
Gen 189
0.471861471861472
0.467142857142858
0.471861471861472
0.471861471861472
0.471861471861472
0.452987012987013
Gen 190
0.471861471861472
0.458622623753059
0.471861471861472
0.471861471861472
0.471861471861472
0.418906079427819
Gen 191
0.471861471861472
0.46833502729155
0.471861471861472
0.471861471861472
0.471861471861472
0.45775569358178
Gen 192
0.471861471861472
0.463057155404982
0.471861471861472
0.471861471861472
0.471861471861472
0.43664420603551
Gen 193
0.471861471861472
0.457798230754753
0.471861471861472
0.471861471861472
0.471861471861472
0.415608507434594
Gen 194
0.471861471861472
0.454332768680596
0.471861471861472
0.471861471861472
0.471861471861472
0.401746659137963
Gen 195
0.471861471861472
0.456891022021457
0.471861471861472
0.471861471861472
0.471861471861472
0.411979672501412
Gen 196
0.471861471861472
0.451637618420228
0.471861471861472
0.471861471861472
0.471861471861472
0.390966058096493
Gen 197
0.471861471861472
0.450735930735931
0.471861471861472
0.471861471861472
0.471861471861472
0.387359307359307
Gen 198
0.471861471861472
0.45645322793149
0.471861471861472
0.471861471861472
0.471861471861472
0.41022849614154
Gen 199
0.471861471861472
0.455059414015936
0.471861471861472
0.471861471861472
0.471861471861472
0.404653240479327
Gen 200
0.471861471861472
0.455619800489366
0.471861471861472
0.471861471861472
0.471861471861472
0.406894786373047
Gen 201
0.471861471861472
0.452770186335404
0.471861471861472
0.471861471861472
0.471861471861472
0.395496329757199
Gen 202
0.471861471861472
0.464600037643517
0.471861471861472
0.471861471861472
0.471861471861472
0.442815734989648
Gen 203
0.471861471861472
0.465007716920761
0.471861471861472
0.471861471861472
0.471861471861472
0.444446452098626
