Gen 1
0.0799438990182328
0.00794338900930766
0.0317735560372306
0
0
0
Gen 2
0.108504398826979
0.031291597602958
0.075226316460538
0.0377610608185643
0.0121790131327298
0
Gen 3
0.108504398826979
0.0567193675889328
0.086798418972332
0.0793930893790641
0.0554073696289685
0.00527859237536657
Gen 4
0.108504398826979
0.0862093586637765
0.108504398826979
0.108504398826979
0.0801122019635344
0.0477164350376132
Gen 5
0.108504398826979
0.105763100854265
0.108504398826979
0.108504398826979
0.108504398826979
0.0975392069361213
Gen 6
0.114369501466276
0.106392961876833
0.108739002932551
0.108504398826979
0.108504398826979
0.0998240469208211
Gen 7
0.114369501466276
0.107888563049854
0.112258064516129
0.108504398826979
0.108504398826979
0.102287390029325
Gen 8
0.114369501466276
0.110615835777126
0.114369501466276
0.114369501466276
0.113900293255132
0.0998240469208211
Gen 9
0.114369501466276
0.110938416422288
0.114369501466276
0.114369501466276
0.114369501466276
0.100645161290323
Gen 10
0.114369501466276
0.110322580645161
0.114369501466276
0.114369501466276
0.114369501466276
0.0981818181818181
Gen 11
0.114369501466276
0.108181818181818
0.114369501466276
0.114369501466276
0.114369501466276
0.0896187683284457
Gen 12
0.114369501466276
0.11081601428025
0.114369501466276
0.114369501466276
0.114369501466276
0.100155552722173
Gen 13
0.114369501466276
0.109408389646819
0.114369501466276
0.114369501466276
0.114369501466276
0.0945250541884483
Gen 14
0.114369501466276
0.110469208211144
0.114369501466276
0.114369501466276
0.114369501466276
0.0987683284457477
Gen 15
0.114369501466276
0.109743720515109
0.114369501466276
0.114369501466276
0.114369501466276
0.095866377661609
Gen 16
0.114369501466276
0.112881550427133
0.114369501466276
0.114369501466276
0.114369501466276
0.108417697309703
Gen 17
0.114369501466276
0.109685069488716
0.114369501466276
0.114369501466276
0.114369501466276
0.0956317735560372
Gen 18
0.114369501466276
0.111847507331378
0.114369501466276
0.114369501466276
0.114369501466276
0.104281524926686
Gen 19
0.114369501466276
0.110858090016575
0.114369501466276
0.114369501466276
0.114369501466276
0.100323855667474
Gen 20
0.114369501466276
0.109920948616601
0.114369501466276
0.114369501466276
0.114369501466276
0.0965752900675761
Gen 21
0.114369501466276
0.113225806451613
0.114369501466276
0.114369501466276
0.114369501466276
0.109794721407625
Gen 22
0.114369501466276
0.112346041055719
0.114369501466276
0.114369501466276
0.114369501466276
0.106275659824047
Gen 23
0.114369501466276
0.113225806451613
0.114369501466276
0.114369501466276
0.114369501466276
0.109794721407625
Gen 24
0.114369501466276
0.11208211143695
0.114369501466276
0.114369501466276
0.114369501466276
0.105219941348974
Gen 25
0.169705469845722
0.113816141782481
0.116582940201453
0.114369501466276
0.114369501466276
0.10994262399592
Gen 26
0.169705469845722
0.118206043605763
0.134290450082876
0.114369501466276
0.114369501466276
0.109794721407625
Gen 27
0.246844319775596
0.143141654978962
0.174417952314165
0.169705469845722
0.123223256406987
0.105219941348974
Gen 28
0.246844319775596
0.177799311487951
0.225082238939181
0.176830294530154
0.169705469845722
0.139579242636746
Gen 29
0.260869565217391
0.227576182583195
0.247405329593268
0.246844319775596
0.246844319775596
0.169210761188321
Gen 30
0.29312762973352
0.230775213566237
0.254305750350631
0.246844319775596
0.246844319775596
0.175106464363126
Gen 31
0.29312762973352
0.250442432742573
0.272482468443198
0.260869565217391
0.255259467040673
0.21315823026903
Gen 32
0.299120234604106
0.272301415274767
0.293367333928344
0.293127629733521
0.272482468443198
0.230228228994007
Gen 33
0.299120234604106
0.287520081601428
0.296962896850695
0.293127629733521
0.293127629733521
0.266862170087977
Gen 34
0.299120234604106
0.295664924136172
0.299120234604105
0.299120234604105
0.299120234604105
0.285298992732373
Gen 35
0.299120234604106
0.28698712227464
0.299120234604105
0.299120234604105
0.299120234604105
0.250587785286242
Gen 36
0.307152875175316
0.286340685962005
0.299441540226954
0.299120234604105
0.299120234604105
0.247680734412852
Gen 37
0.307152875175316
0.295041438225169
0.302975902078286
0.299120234604105
0.299120234604105
0.278949381614178
Gen 38
0.30791788856305
0.281665179140635
0.307183475710825
0.306510263929619
0.299120234604105
0.213846742317991
Gen 39
0.30791788856305
0.294921586127757
0.307458880530409
0.307152875175316
0.307152875175316
0.257921713629989
Gen 40
0.30791788856305
0.307627183475711
0.30791788856305
0.30791788856305
0.307520081601428
0.307152875175316
Gen 41
0.30791788856305
0.305131964809385
0.30791788856305
0.30791788856305
0.30791788856305
0.296774193548387
Gen 42
0.30791788856305
0.306158357771261
0.30791788856305
0.30791788856305
0.30791788856305
0.300879765395894
Gen 43
0.30791788856305
0.289296187683285
0.30791788856305
0.30791788856305
0.30791788856305
0.233431085043988
Gen 44
0.363636363636364
0.302312890475584
0.31108504398827
0.30791788856305
0.30791788856305
0.282330740787964
Gen 45
0.363636363636364
0.313442560244805
0.342455692974627
0.313782991202346
0.30791788856305
0.289613668239194
Gen 46
0.363636363636364
0.341442050235879
0.363636363636364
0.363636363636364
0.339844447277827
0.298651026392962
Gen 47
0.363636363636364
0.3512660971567
0.363636363636364
0.363636363636364
0.363636363636364
0.31415529771771
Gen 48
0.363636363636364
0.348621700879765
0.363636363636364
0.363636363636364
0.363636363636364
0.303577712609971
Gen 49
0.363636363636364
0.353510136427387
0.363636363636364
0.363636363636364
0.363636363636364
0.323131454800459
Gen 50
0.363636363636364
0.360754813209231
0.363636363636364
0.363636363636364
0.363636363636364
0.352110161927834
Gen 51
0.363636363636364
0.351552977177101
0.363636363636364
0.363636363636364
0.363636363636364
0.315302817799311
Gen 52
0.363636363636364
0.36325513196481
0.363636363636364
0.363636363636364
0.363636363636364
0.362111436950147
Gen 53
0.363636363636364
0.352922351141145
0.363636363636364
0.363636363636364
0.363636363636364
0.320780313655489
Gen 54
0.363636363636364
0.363079178885631
0.363636363636364
0.363636363636364
0.363636363636364
0.361407624633431
Gen 55
0.363636363636364
0.356627565982405
0.363636363636364
0.363636363636364
0.363636363636364
0.335601173020528
Gen 56
0.363636363636364
0.358620425857453
0.363636363636364
0.363636363636364
0.363636363636364
0.343572612520719
Gen 57
0.363636363636364
0.350656636491139
0.363636363636364
0.363636363636364
0.363636363636364
0.311717455055463
Gen 58
0.363636363636364
0.358959581792682
0.363636363636364
0.363636363636364
0.363636363636364
0.344929236261634
Gen 59
0.363636363636364
0.349946449062859
0.363636363636364
0.363636363636364
0.363636363636364
0.308876705342343
Gen 60
0.363636363636364
0.339530791788856
0.363636363636364
0.363636363636364
0.363636363636364
0.267214076246334
Gen 61
0.363636363636364
0.34170725487696
0.363636363636364
0.363636363636364
0.363636363636364
0.27591992859875
Gen 62
0.363636363636364
0.355524671681754
0.363636363636364
0.363636363636364
0.363636363636364
0.331189595817927
Gen 63
0.363636363636364
0.346018105316843
0.363636363636364
0.363636363636364
0.363636363636364
0.293163330358281
Gen 64
0.363636363636364
0.345951804156573
0.363636363636364
0.363636363636364
0.363636363636364
0.2928981257172
Gen 65
0.363636363636364
0.357194950911641
0.363636363636364
0.363636363636364
0.363636363636364
0.337870712737473
Gen 66
0.363636363636364
0.348881805431595
0.363636363636364
0.363636363636364
0.363636363636364
0.304618130817289
Gen 67
0.363636363636364
0.362286115007013
0.363636363636364
0.363636363636364
0.363636363636364
0.358235369118959
Gen 68
0.363636363636364
0.352140762463343
0.363636363636364
0.363636363636364
0.363636363636364
0.317653958944281
Gen 69
0.366568914956012
0.351667729185261
0.363753665689149
0.363636363636364
0.363636363636364
0.315644523779166
Gen 70
0.366568914956012
0.355982404692082
0.364574780058651
0.363636363636364
0.363636363636364
0.33208211143695
Gen 71
0.366568914956012
0.358240469208211
0.366568914956012
0.366568914956012
0.364574780058651
0.33524926686217
Gen 72
0.366568914956012
0.357595307917889
0.366568914956012
0.366568914956012
0.366568914956012
0.330674486803519
Gen 73
0.366568914956012
0.360666836669642
0.366568914956012
0.366568914956012
0.366568914956012
0.342960601810532
Gen 74
0.366568914956012
0.352609970674487
0.366568914956012
0.366568914956012
0.366568914956012
0.310733137829912
Gen 75
0.366568914956012
0.354499553742191
0.366568914956012
0.366568914956012
0.366568914956012
0.318291470100727
Gen 76
0.366568914956012
0.348643376259085
0.366568914956012
0.366568914956012
0.366568914956012
0.294866760168303
Gen 77
0.366568914956012
0.34592375366569
0.366568914956012
0.366568914956012
0.366568914956012
0.283988269794721
Gen 78
0.366568914956012
0.359032258064516
0.366568914956012
0.366568914956012
0.366568914956012
0.336422287390029
Gen 79
0.366568914956012
0.362219813846743
0.366568914956012
0.366568914956012
0.366568914956012
0.349172510518934
Gen 80
0.366568914956012
0.362404692082112
0.366568914956012
0.366568914956012
0.366568914956012
0.349912023460411
Gen 81
0.366568914956012
0.355003187555783
0.366568914956012
0.366568914956012
0.366568914956012
0.320306005355094
Gen 82
0.366568914956012
0.341202346041056
0.366568914956012
0.366568914956012
0.366568914956012
0.265102639296188
Gen 83
0.366568914956012
0.355659824046921
0.366568914956012
0.366568914956012
0.366568914956012
0.322932551319648
Gen 84
0.366568914956012
0.361100344256025
0.366568914956012
0.366568914956012
0.366568914956012
0.344694632156063
Gen 85
0.366568914956012
0.34425219941349
0.366568914956012
0.366568914956012
0.366568914956012
0.277302052785924
Gen 86
0.366568914956012
0.354507203876068
0.366568914956012
0.366568914956012
0.366568914956012
0.318322070636236
Gen 87
0.366568914956012
0.358573250031876
0.366568914956012
0.366568914956012
0.366568914956012
0.334586255259467
Gen 88
0.366568914956012
0.361378299120235
0.366568914956012
0.366568914956012
0.366568914956012
0.345806451612903
Gen 89
0.366568914956012
0.349617493306133
0.366568914956012
0.366568914956012
0.366568914956012
0.298763228356496
Gen 90
0.366568914956012
0.354281524926687
0.366568914956012
0.366568914956012
0.366568914956012
0.31741935483871
Gen 91
0.366568914956012
0.359882697947215
0.366568914956012
0.366568914956012
0.366568914956012
0.339824046920821
Gen 92
0.366568914956012
0.36172893025628
0.366568914956012
0.366568914956012
0.366568914956012
0.347208976157083
Gen 93
0.366568914956012
0.351973734540355
0.366568914956012
0.366568914956012
0.366568914956012
0.308188193293383
Gen 94
0.366568914956012
0.35692082111437
0.366568914956012
0.366568914956012
0.366568914956012
0.327976539589443
Gen 95
0.366568914956012
0.353169705469846
0.366568914956012
0.366568914956012
0.366568914956012
0.312972077011348
Gen 96
0.366568914956012
0.357360703812317
0.366568914956012
0.366568914956012
0.366568914956012
0.329736070381232
Gen 97
0.366568914956012
0.353107229376514
0.366568914956012
0.366568914956012
0.366568914956012
0.312722172638021
Gen 98
0.366568914956012
0.360670661736581
0.366568914956012
0.366568914956012
0.366568914956012
0.342975902078286
Gen 99
0.366568914956012
0.358575800076502
0.366568914956012
0.366568914956012
0.366568914956012
0.33459645543797
Gen 100
0.366568914956012
0.356566364911386
0.366568914956012
0.366568914956012
0.366568914956012
0.326558714777509
Gen 101
0.366568914956012
0.360373581537677
0.366568914956012
0.366568914956012
0.366568914956012
0.341787581282672
Gen 102
0.366568914956012
0.350960091801607
0.366568914956012
0.366568914956012
0.366568914956012
0.304133622338391
Gen 103
0.366568914956012
0.352145862552595
0.366568914956012
0.366568914956012
0.366568914956012
0.308876705342343
Gen 104
0.366568914956012
0.359866122657147
0.366568914956012
0.366568914956012
0.366568914956012
0.339757745760551
Gen 105
0.366568914956012
0.352111436950147
0.366568914956012
0.366568914956012
0.366568914956012
0.308739002932551
Gen 106
0.366568914956012
0.355542521994135
0.366568914956012
0.366568914956012
0.366568914956012
0.322463343108504
Gen 107
0.366568914956012
0.363011602703048
0.366568914956012
0.366568914956012
0.366568914956012
0.352339665944154
Gen 108
0.366568914956012
0.356979472140763
0.366568914956012
0.366568914956012
0.366568914956012
0.328211143695015
Gen 109
0.366568914956012
0.358251944409028
0.366568914956012
0.366568914956012
0.366568914956012
0.333301032768073
Gen 110
0.366568914956012
0.364861660079052
0.366568914956012
0.366568914956012
0.366568914956012
0.35973989544817
Gen 111
0.366568914956012
0.345571847507332
0.366568914956012
0.366568914956012
0.366568914956012
0.28258064516129
Gen 112
0.366568914956012
0.364633431085044
0.366568914956012
0.366568914956012
0.366568914956012
0.358826979472141
Gen 113
0.366568914956012
0.361454800459008
0.366568914956012
0.366568914956012
0.366568914956012
0.346112456967997
Gen 114
0.366568914956012
0.360696162182839
0.366568914956012
0.366568914956012
0.366568914956012
0.343077903863318
Gen 115
0.372434017595308
0.361137319903099
0.366803519061584
0.366568914956012
0.366568914956012
0.344607930638786
Gen 116
0.372434017595308
0.364236899145735
0.368445747800586
0.366568914956012
0.366568914956012
0.35536401887033
Gen 117
0.372434017595308
0.364935611373199
0.372434017595308
0.372434017595308
0.367507331378299
0.347367078923881
Gen 118
0.372434017595308
0.363817416804794
0.372434017595308
0.372434017595308
0.372434017595308
0.337967614433252
Gen 119
0.372434017595308
0.366627565982405
0.372434017595308
0.372434017595308
0.372434017595308
0.349208211143695
Gen 120
0.372434017595308
0.364307025372944
0.372434017595308
0.372434017595308
0.372434017595308
0.339926048705852
Gen 121
0.372434017595308
0.366121382124187
0.372434017595308
0.372434017595308
0.372434017595308
0.347183475710825
Gen 122
0.372434017595308
0.369547367078924
0.372434017595308
0.372434017595308
0.372434017595308
0.360887415529772
Gen 123
0.372434017595308
0.370109651918908
0.372434017595308
0.372434017595308
0.372434017595308
0.363136554889711
Gen 124
0.372434017595308
0.35950146627566
0.372434017595308
0.372434017595308
0.372434017595308
0.320703812316715
Gen 125
0.372434017595308
0.362170087976539
0.372434017595308
0.372434017595308
0.372434017595308
0.331378299120234
Gen 126
0.372434017595308
0.361642228739003
0.372434017595308
0.372434017595308
0.372434017595308
0.329266862170088
Gen 127
0.372434017595308
0.362117812061711
0.372434017595308
0.372434017595308
0.372434017595308
0.331169195460921
Gen 128
0.372434017595308
0.361452250414382
0.372434017595308
0.372434017595308
0.372434017595308
0.328506948871605
Gen 129
0.372434017595308
0.353812316715542
0.372434017595308
0.372434017595308
0.372434017595308
0.297947214076246
Gen 130
0.372434017595308
0.362697947214076
0.372434017595308
0.372434017595308
0.372434017595308
0.333489736070381
Gen 131
0.372434017595308
0.363196480938416
0.372434017595308
0.372434017595308
0.372434017595308
0.335483870967742
Gen 132
0.372434017595308
0.359984699732245
0.372434017595308
0.372434017595308
0.372434017595308
0.322636746143057
Gen 133
0.372434017595308
0.36201581027668
0.372434017595308
0.372434017595308
0.372434017595308
0.330761188320795
Gen 134
0.372434017595308
0.367096774193548
0.372434017595308
0.372434017595308
0.372434017595308
0.35108504398827
Gen 135
0.372434017595308
0.361319648093841
0.372434017595308
0.372434017595308
0.372434017595308
0.327976539589443
Gen 136
0.372434017595308
0.359354838709677
0.372434017595308
0.372434017595308
0.372434017595308
0.320117302052786
Gen 137
0.372434017595308
0.356392961876833
0.372434017595308
0.372434017595308
0.372434017595308
0.308269794721408
Gen 138
0.372434017595308
0.356538314420502
0.372434017595308
0.372434017595308
0.372434017595308
0.308851204896086
Gen 139
0.372434017595308
0.357012622720897
0.372434017595308
0.372434017595308
0.372434017595308
0.310748438097667
Gen 140
0.372434017595308
0.367360703812317
0.372434017595308
0.372434017595308
0.372434017595308
0.352140762463343
Gen 141
0.372434017595308
0.364046920821114
0.372434017595308
0.372434017595308
0.372434017595308
0.338885630498534
Gen 142
0.372434017595308
0.36016320285605
0.372434017595308
0.372434017595308
0.372434017595308
0.323350758638276
Gen 143
0.372434017595308
0.363539461940584
0.372434017595308
0.372434017595308
0.372434017595308
0.336855794976412
Gen 144
0.372434017595308
0.36580517659059
0.372434017595308
0.372434017595308
0.372434017595308
0.345918653576437
Gen 145
0.372434017595308
0.362983552212164
0.372434017595308
0.372434017595308
0.372434017595308
0.334632156062731
Gen 146
0.372434017595308
0.360204003570062
0.372434017595308
0.372434017595308
0.372434017595308
0.323513961494326
Gen 147
0.372434017595308
0.361546602065536
0.372434017595308
0.372434017595308
0.372434017595308
0.328884355476221
Gen 148
0.372434017595308
0.35969144460028
0.372434017595308
0.372434017595308
0.372434017595308
0.321463725615198
Gen 149
0.372434017595308
0.366769093459135
0.372434017595308
0.372434017595308
0.372434017595308
0.349774321050618
Gen 150
0.372434017595308
0.35633431085044
0.372434017595308
0.372434017595308
0.372434017595308
0.308035190615836
Gen 151
0.372434017595308
0.368305495346168
0.372434017595308
0.372434017595308
0.372434017595308
0.35591992859875
Gen 152
0.372434017595308
0.367945939053933
0.372434017595308
0.372434017595308
0.372434017595308
0.35448170342981
Gen 153
0.372434017595308
0.355692974627056
0.372434017595308
0.372434017595308
0.372434017595308
0.3054698457223
Gen 154
0.372434017595308
0.362961876832844
0.372434017595308
0.372434017595308
0.372434017595308
0.334545454545454
Gen 155
0.372434017595308
0.362241489226061
0.372434017595308
0.372434017595308
0.372434017595308
0.331663904118322
Gen 156
0.372434017595308
0.367178375621573
0.372434017595308
0.372434017595308
0.372434017595308
0.35141144970037
Gen 157
0.372434017595308
0.366127757235751
0.372434017595308
0.372434017595308
0.372434017595308
0.347208976157083
Gen 158
0.372434017595308
0.365237791661354
0.372434017595308
0.372434017595308
0.372434017595308
0.343649113859492
Gen 159
0.372434017595308
0.352200688512049
0.372434017595308
0.372434017595308
0.372434017595308
0.291500701262272
Gen 160
0.372434017595308
0.363577712609971
0.372434017595308
0.372434017595308
0.372434017595308
0.337008797653959
Gen 161
0.372434017595308
0.363920693612138
0.372434017595308
0.372434017595308
0.372434017595308
0.338380721662629
Gen 162
0.372434017595308
0.371907433380084
0.372434017595308
0.372434017595308
0.372434017595308
0.370327680734413
Gen 163
0.372434017595308
0.357448680351906
0.372434017595308
0.372434017595308
0.372434017595308
0.312492668621701
Gen 164
0.372434017595308
0.361487951039143
0.372434017595308
0.372434017595308
0.372434017595308
0.328649751370649
Gen 165
0.372434017595308
0.36950146627566
0.372434017595308
0.372434017595308
0.372434017595308
0.360703812316715
Gen 166
0.372434017595308
0.365923753665689
0.372434017595308
0.372434017595308
0.372434017595308
0.346392961876833
Gen 167
0.372434017595308
0.353047303327808
0.372434017595308
0.372434017595308
0.372434017595308
0.294887160525309
Gen 168
0.372434017595308
0.368559224786434
0.372434017595308
0.372434017595308
0.372434017595308
0.356934846359811
Gen 169
0.372434017595308
0.368858855029963
0.372434017595308
0.372434017595308
0.372434017595308
0.358133367333928
Gen 170
0.372434017595308
0.359737345403544
0.372434017595308
0.372434017595308
0.372434017595308
0.321647328828254
Gen 171
0.372434017595308
0.370058651026393
0.372434017595308
0.372434017595308
0.372434017595308
0.362932551319648
Gen 172
0.372434017595308
0.364461303072804
0.372434017595308
0.372434017595308
0.372434017595308
0.340543159505291
Gen 173
0.372434017595308
0.362785923753665
0.372434017595308
0.372434017595308
0.372434017595308
0.333841642228739
Gen 174
0.372434017595308
0.369090909090909
0.372434017595308
0.372434017595308
0.372434017595308
0.359061583577713
Gen 175
0.372434017595308
0.35990309830422
0.372434017595308
0.372434017595308
0.372434017595308
0.322310340430957
Gen 176
0.372434017595308
0.36266862170088
0.372434017595308
0.372434017595308
0.372434017595308
0.333372434017595
Gen 177
0.372434017595308
0.36208211143695
0.372434017595308
0.372434017595308
0.372434017595308
0.331026392961877
Gen 178
0.372434017595308
0.366099706744868
0.372434017595308
0.372434017595308
0.372434017595308
0.347096774193548
Gen 179
0.372434017595308
0.357922988652301
0.372434017595308
0.372434017595308
0.372434017595308
0.314389901823282
Gen 180
0.372434017595308
0.363782991202346
0.372434017595308
0.372434017595308
0.372434017595308
0.33782991202346
Gen 181
0.372434017595308
0.363313782991202
0.372434017595308
0.372434017595308
0.372434017595308
0.335953079178886
Gen 182
0.372434017595308
0.353540736962897
0.372434017595308
0.372434017595308
0.372434017595308
0.296860895065664
Gen 183
0.372434017595308
0.370410557184751
0.372434017595308
0.372434017595308
0.372434017595308
0.364340175953079
Gen 184
0.372434017595308
0.364082621445875
0.372434017595308
0.372434017595308
0.372434017595308
0.339028432997577
Gen 185
0.375366568914956
0.370821114369501
0.37266862170088
0.372434017595308
0.372434017595308
0.36574780058651
Gen 186
0.375366568914956
0.361524926686217
0.374897360703812
0.372434017595308
0.372434017595308
0.32633431085044
Gen 187
0.539589442815249
0.370058651026393
0.382404692082111
0.375366568914956
0.375366568914956
0.347096774193548
Gen 188
0.539589442815249
0.375499171235496
0.472492668621701
0.376187683284457
0.375366568914956
0.277949764120872
Gen 189
0.551319648093842
0.478592375366569
0.54099706744868
0.539589442815249
0.502991202346041
0.330791788856305
Gen 190
0.551319648093842
0.521730205278592
0.551319648093841
0.541466275659824
0.539589442815249
0.454545454545454
Gen 191
0.551319648093842
0.530150452632922
0.551319648093841
0.551319648093841
0.551319648093841
0.466642866250159
Gen 192
0.551319648093842
0.530058651026394
0.551319648093841
0.551319648093841
0.551319648093841
0.466275659824047
Gen 193
0.551319648093842
0.52566364911386
0.551319648093841
0.551319648093841
0.551319648093841
0.448695652173913
Gen 194
0.551319648093842
0.545806451612904
0.551319648093841
0.551319648093841
0.551319648093841
0.529266862170088
Gen 195
0.551319648093842
0.538211143695016
0.551319648093841
0.551319648093841
0.551319648093841
0.498885630498533
Gen 196
0.551319648093842
0.540645161290323
0.551319648093841
0.551319648093841
0.551319648093841
0.508621700879765
Gen 197
0.551319648093842
0.548353946194059
0.551319648093841
0.551319648093841
0.551319648093841
0.539456840494708
Gen 198
0.551319648093842
0.536568914956013
0.551319648093841
0.551319648093841
0.551319648093841
0.492316715542522
Gen 199
0.551319648093842
0.538064516129033
0.551319648093841
0.551319648093841
0.551319648093841
0.498299120234604
Gen 200
0.551319648093842
0.550498533724341
0.551319648093841
0.551319648093841
0.551319648093841
0.548035190615835
Gen 201
0.551319648093842
0.544164222873901
0.551319648093841
0.551319648093841
0.551319648093841
0.522697947214076
Gen 202
0.551319648093842
0.518384546729568
0.551319648093841
0.551319648093841
0.551319648093841
0.419579242636746
Gen 203
0.551319648093842
0.54492668621701
0.551319648093841
0.551319648093841
0.551319648093841
0.52574780058651
Gen 204
0.551319648093842
0.544134897360705
0.551319648093841
0.551319648093841
0.551319648093841
0.52258064516129
Gen 205
0.551319648093842
0.525272217263803
0.551319648093841
0.551319648093841
0.551319648093841
0.447129924773683
Gen 206
0.551319648093842
0.540684686982023
0.551319648093841
0.551319648093841
0.551319648093841
0.508779803646564
Gen 207
0.551319648093842
0.526937396404438
0.551319648093841
0.551319648093841
0.551319648093841
0.453790641336223
Gen 208
0.560117302052786
0.538709677419356
0.551671554252199
0.551319648093841
0.551319648093841
0.500527859237536
Gen 209
0.560117302052786
0.53692082111437
0.552375366568915
0.551319648093841
0.551319648093841
0.49266862170088
Gen 210
0.560117302052786
0.535360193803393
0.560117302052786
0.552727272727272
0.551319648093841
0.477276552339666
Gen 211
0.560117302052786
0.555689149560118
0.560117302052786
0.560117302052786
0.560117302052786
0.542404692082111
Gen 212
0.560117302052786
0.558416422287391
0.560117302052786
0.560117302052786
0.560117302052786
0.553313782991203
Gen 213
0.560117302052786
0.545014662756599
0.560117302052786
0.560117302052786
0.560117302052786
0.499706744868035
Gen 214
0.560117302052786
0.556774193548388
0.560117302052786
0.560117302052786
0.560117302052786
0.546744868035191
Gen 215
0.560117302052786
0.551319648093842
0.560117302052786
0.560117302052786
0.560117302052786
0.524926686217009
Gen 216
0.560117302052786
0.536355986229759
0.560117302052786
0.560117302052786
0.560117302052786
0.465072038760678
Gen 217
0.560117302052786
0.55909090909091
0.560117302052786
0.560117302052786
0.560117302052786
0.556011730205279
Gen 218
0.560117302052786
0.54589315313018
0.560117302052786
0.560117302052786
0.560117302052786
0.503220706362362
Gen 219
0.560117302052786
0.550645161290323
0.560117302052786
0.560117302052786
0.560117302052786
0.522228739002933
Gen 220
0.560117302052786
0.545747800586511
0.560117302052786
0.560117302052786
0.560117302052786
0.502639296187684
Gen 221
0.560117302052786
0.532133112329466
0.560117302052786
0.560117302052786
0.560117302052786
0.448180543159505
Gen 222
0.729312762973352
0.538431722555145
0.566885120489609
0.560117302052786
0.560117302052786
0.466607165625399
Gen 223
0.729312762973352
0.570104551829658
0.648098941731481
0.560117302052786
0.560117302052786
0.512084661481576
Gen 224
0.729312762973352
0.645023587912789
0.729312762973352
0.729312762973352
0.626336860895066
0.495131964809384
Gen 225
0.767180925666199
0.717096774193547
0.733071528751753
0.729312762973352
0.729312762973352
0.676690042075736
Gen 226
0.767180925666199
0.719622593395383
0.763085553997195
0.741430575035063
0.729312762973352
0.644661481575928
Gen 227
0.767180925666199
0.734099196735943
0.767180925666199
0.767180925666199
0.762973352033661
0.639061583577713
Gen 228
0.767180925666199
0.752949126609714
0.767180925666199
0.767180925666199
0.767180925666199
0.710253729440265
Gen 229
0.87683284457478
0.742905775851076
0.771567002422543
0.767180925666199
0.767180925666199
0.665694249649369
Gen 230
0.87683284457478
0.760257554507202
0.821048068341196
0.767180925666199
0.767180925666199
0.685620298355221
Gen 231
0.87683284457478
0.797168175443069
0.87683284457478
0.87683284457478
0.778421522376642
0.65658549024608
Gen 232
0.888563049853372
0.868204768583449
0.878240469208211
0.87683284457478
0.87683284457478
0.840912915976029
Gen 233
0.888563049853372
0.852018360321304
0.888563049853372
0.882463343108504
0.87683284457478
0.760214203748566
Gen 234
0.888563049853372
0.864977687109525
0.888563049853372
0.888563049853372
0.888563049853372
0.79422159887798
Gen 235
0.888563049853372
0.872882825449446
0.888563049853372
0.888563049853372
0.888563049853372
0.825842152237664
Gen 236
0.888563049853372
0.878454672956778
0.888563049853372
0.888563049853372
0.888563049853372
0.848129542266989
Gen 237
0.888563049853372
0.84292872625271
0.888563049853372
0.888563049853372
0.888563049853372
0.70602575545072
Gen 238
0.888563049853372
0.860381231671555
0.888563049853372
0.888563049853372
0.888563049853372
0.7758357771261
Gen 239
0.888563049853372
0.86375366568915
0.888563049853372
0.888563049853372
0.888563049853372
0.789325513196481
Gen 240
0.888563049853372
0.871554252199414
0.888563049853372
0.888563049853372
0.888563049853372
0.820527859237536
Gen 241
0.897360703812317
0.854897360703813
0.88891495601173
0.888563049853372
0.888563049853372
0.753548387096774
Gen 242
0.897360703812317
0.853182455692975
0.892316715542521
0.888563049853372
0.888563049853372
0.743287007522632
Gen 243
0.897360703812317
0.869120234604106
0.897360703812317
0.897360703812317
0.892199413489736
0.789560117302053
Gen 244
0.897360703812317
0.863841642228738
0.897360703812317
0.897360703812317
0.897360703812317
0.763284457478006
Gen 245
0.897360703812317
0.830117302052785
0.897360703812317
0.897360703812317
0.897360703812317
0.628387096774193
Gen 246
0.897360703812317
0.867018997832461
0.897360703812317
0.897360703812317
0.897360703812317
0.775993879892898
Gen 247
0.897360703812317
0.859101109269411
0.897360703812317
0.897360703812317
0.897360703812317
0.744322325640698
Gen 248
0.897360703812317
0.869832972077011
0.897360703812317
0.897360703812317
0.897360703812317
0.787249776871095
Gen 249
0.897360703812317
0.862815249266861
0.897360703812317
0.897360703812317
0.897360703812317
0.759178885630498
Gen 250
0.897360703812317
0.840835139614943
0.897360703812317
0.897360703812317
0.897360703812317
0.671258447022823
Gen 251
0.897360703812317
0.830077776361086
0.897360703812317
0.897360703812317
0.897360703812317
0.628228994007395
Gen 252
0.897360703812317
0.847710059926048
0.897360703812317
0.897360703812317
0.897360703812317
0.698758128267245
Gen 253
0.897360703812317
0.858533724340175
0.897360703812317
0.897360703812317
0.897360703812317
0.742052785923753
Gen 254
0.897360703812317
0.870498533724339
0.897360703812317
0.897360703812317
0.897360703812317
0.78991202346041
Gen 255
0.897360703812317
0.855857452505418
0.897360703812317
0.897360703812317
0.897360703812317
0.731347698584725
Gen 256
0.897360703812317
0.876688767053422
0.897360703812317
0.897360703812317
0.897360703812317
0.814672956776743
Gen 257
0.897360703812317
0.854222873900292
0.897360703812317
0.897360703812317
0.897360703812317
0.724809384164223
Gen 258
0.929618768328446
0.863196480938415
0.899941348973607
0.897360703812317
0.897360703812317
0.758123167155425
Gen 259
0.929618768328446
0.872960601810531
0.929618768328446
0.897360703812317
0.897360703812317
0.767502231289047
Gen 260
0.929618768328446
0.884662756598239
0.929618768328446
0.929618768328446
0.929618768328446
0.749794721407624
Gen 261
0.929618768328446
0.909428790003823
0.929618768328446
0.929618768328446
0.929618768328446
0.848858855029963
Gen 262
0.929618768328446
0.889301287772534
0.929618768328446
0.929618768328446
0.929618768328446
0.768348846104807
Gen 263
0.929618768328446
0.879120234604104
0.929618768328446
0.929618768328446
0.929618768328446
0.727624633431085
Gen 264
0.929618768328446
0.909413489736068
0.929618768328446
0.929618768328446
0.929618768328446
0.848797653958944
Gen 265
0.929618768328446
0.890434782608694
0.929618768328446
0.929618768328446
0.929618768328446
0.772882825449445
Gen 266
0.929618768328446
0.899084533979343
0.929618768328446
0.929618768328446
0.929618768328446
0.807481830932041
Gen 267
0.929618768328446
0.917419354838708
0.929618768328446
0.929618768328446
0.929618768328446
0.880821114369501
Gen 268
0.929618768328446
0.905830677036846
0.929618768328446
0.929618768328446
0.929618768328446
0.834466403162055
Gen 269
0.929618768328446
0.897558332270813
0.929618768328446
0.929618768328446
0.929618768328446
0.801377024097922
Gen 270
0.929618768328446
0.88648093841642
0.929618768328446
0.929618768328446
0.929618768328446
0.757067448680352
Gen 271
0.929618768328446
0.878035190615834
0.929618768328446
0.929618768328446
0.929618768328446
0.723284457478006
Gen 272
0.929618768328446
0.909208211143693
0.929618768328446
0.929618768328446
0.929618768328446
0.847976539589443
Gen 273
0.929618768328446
0.901629478515872
0.929618768328446
0.929618768328446
0.929618768328446
0.817661609078159
Gen 274
0.929618768328446
0.897851587402778
0.929618768328446
0.929618768328446
0.929618768328446
0.802550044625781
Gen 275
0.929618768328446
0.868709677419353
0.929618768328446
0.929618768328446
0.929618768328446
0.685982404692082
Gen 276
0.929618768328446
0.910909090909089
0.929618768328446
0.929618768328446
0.929618768328446
0.854780058651026
Gen 277
0.929618768328446
0.902045135789874
0.929618768328446
0.929618768328446
0.929618768328446
0.819324238174168
Gen 278
0.929618768328446
0.902189213311231
0.929618768328446
0.929618768328446
0.929618768328446
0.819900548259594
Gen 279
0.929618768328446
0.920322580645159
0.929618768328446
0.929618768328446
0.929618768328446
0.892434017595308
Gen 280
0.929618768328446
0.920322580645159
0.929618768328446
0.929618768328446
0.929618768328446
0.892434017595308
Gen 281
0.929618768328446
0.911026392961875
0.929618768328446
0.929618768328446
0.929618768328446
0.85524926686217
Gen 282
0.929618768328446
0.922434017595306
0.929618768328446
0.929618768328446
0.929618768328446
0.900879765395894
Gen 283
0.929618768328446
0.902186663266605
0.929618768328446
0.929618768328446
0.929618768328446
0.819890348081091
Gen 284
0.929618768328446
0.896304985337241
0.929618768328446
0.929618768328446
0.929618768328446
0.796363636363636
Gen 285
0.929618768328446
0.874845084788982
0.929618768328446
0.929618768328446
0.929618768328446
0.710524034170598
Gen 286
0.929618768328446
0.921173020527857
0.929618768328446
0.929618768328446
0.929618768328446
0.8958357771261
Gen 287
0.929618768328446
0.910997067448678
0.929618768328446
0.929618768328446
0.929618768328446
0.855131964809384
Gen 288
0.929618768328446
0.869453015427768
0.929618768328446
0.929618768328446
0.929618768328446
0.688955756725743
Gen 289
0.929618768328446
0.913372434017593
0.929618768328446
0.929618768328446
0.929618768328446
0.864633431085044
Gen 290
0.929618768328446
0.902580645161288
0.929618768328446
0.929618768328446
0.929618768328446
0.821466275659824
Gen 291
0.929618768328446
0.913130179778144
0.929618768328446
0.929618768328446
0.929618768328446
0.863664414127247
Gen 292
0.929618768328446
0.885202091036591
0.929618768328446
0.929618768328446
0.929618768328446
0.751952059161035
Gen 293
0.929618768328446
0.883482085936502
0.929618768328446
0.929618768328446
0.929618768328446
0.745072038760679
Gen 294
0.929618768328446
0.891578477623357
0.929618768328446
0.929618768328446
0.929618768328446
0.777457605508096
Gen 295
0.929618768328446
0.891935483870966
0.929618768328446
0.929618768328446
0.929618768328446
0.778885630498534
Gen 296
0.929618768328446
0.865838327170724
0.929618768328446
0.929618768328446
0.929618768328446
0.674497003697565
Gen 297
0.929618768328446
0.881516001530025
0.929618768328446
0.929618768328446
0.929618768328446
0.73720770113477
Gen 298
0.929618768328446
0.902743848017338
0.929618768328446
0.929618768328446
0.929618768328446
0.822119087084024
Gen 299
0.929618768328446
0.884479153385182
0.929618768328446
0.929618768328446
0.929618768328446
0.7490603085554
Gen 300
0.929618768328446
0.87000510008925
0.929618768328446
0.929618768328446
0.929618768328446
0.691164095371669
Gen 301
0.929618768328446
0.918005865102637
0.929618768328446
0.929618768328446
0.929618768328446
0.88316715542522
Gen 302
0.929618768328446
0.872287390029324
0.929618768328446
0.929618768328446
0.929618768328446
0.700293255131965
Gen 303
0.929618768328446
0.929618768328444
0.929618768328446
0.929618768328446
0.929618768328446
0.929618768328446
Gen 304
0.929618768328446
0.88548387096774
0.929618768328446
0.929618768328446
0.929618768328446
0.753079178885631
Gen 305
0.929618768328446
0.912398316970545
0.929618768328446
0.929618768328446
0.929618768328446
0.860736962896851
Gen 306
0.929618768328446
0.89706744868035
0.929618768328446
0.929618768328446
0.929618768328446
0.799413489736071
Gen 307
0.929618768328446
0.920925666199156
0.929618768328446
0.929618768328446
0.929618768328446
0.894846359811297
Gen 308
0.929618768328446
0.894545454545453
0.929618768328446
0.929618768328446
0.929618768328446
0.789325513196481
Gen 309
0.929618768328446
0.891601428024989
0.929618768328446
0.929618768328446
0.929618768328446
0.777549407114625
Gen 310
0.929618768328446
0.884369501466274
0.929618768328446
0.929618768328446
0.929618768328446
0.748621700879765
Gen 311
0.929618768328446
0.901644778783627
0.929618768328446
0.929618768328446
0.929618768328446
0.817722810149178
Gen 312
0.929618768328446
0.905547622083385
0.929618768328446
0.929618768328446
0.929618768328446
0.833334183348209
Gen 313
0.929618768328446
0.903284457478004
0.929618768328446
0.929618768328446
0.929618768328446
0.824281524926686
Gen 314
0.929618768328446
0.886539589442813
0.929618768328446
0.929618768328446
0.929618768328446
0.757302052785924
Gen 315
0.929618768328446
0.87071528751753
0.929618768328446
0.929618768328446
0.929618768328446
0.694004845084789
Gen 316
0.929618768328446
0.870909090909089
0.929618768328446
0.929618768328446
0.929618768328446
0.694780058651026
Gen 317
0.929618768328446
0.876891495601171
0.929618768328446
0.929618768328446
0.929618768328446
0.718709677419355
Gen 318
0.929618768328446
0.89231671554252
0.929618768328446
0.929618768328446
0.929618768328446
0.780410557184751
Gen 319
0.929618768328446
0.88756598240469
0.929618768328446
0.929618768328446
0.929618768328446
0.761407624633431
Gen 320
0.929618768328446
0.91505163840367
0.929618768328446
0.929618768328446
0.929618768328446
0.871350248629351
Gen 321
0.929618768328446
0.89996557439755
0.929618768328446
0.929618768328446
0.929618768328446
0.811005992604871
Gen 322
0.929618768328446
0.905830677036846
0.929618768328446
0.929618768328446
0.929618768328446
0.834466403162055
Gen 323
0.929618768328446
0.912258064516127
0.929618768328446
0.929618768328446
0.929618768328446
0.860175953079179
Gen 324
0.929618768328446
0.912333290832588
0.929618768328446
0.929618768328446
0.929618768328446
0.860476858345021
Gen 325
0.929618768328446
0.920322580645159
0.929618768328446
0.929618768328446
0.929618768328446
0.892434017595308
Gen 326
0.929618768328446
0.909029708019888
0.929618768328446
0.929618768328446
0.929618768328446
0.847262527094224
Gen 327
0.929618768328446
0.920322580645159
0.929618768328446
0.929618768328446
0.929618768328446
0.892434017595308
Gen 328
0.929618768328446
0.896000255004461
0.929618768328446
0.929618768328446
0.929618768328446
0.795144715032513
Gen 329
0.929618768328446
0.865843427259975
0.929618768328446
0.929618768328446
0.929618768328446
0.674517404054571
Gen 330
0.929618768328446
0.920557184750731
0.929618768328446
0.929618768328446
0.929618768328446
0.893372434017595
Gen 331
0.929618768328446
0.866130307280376
0.929618768328446
0.929618768328446
0.929618768328446
0.675664924136172
Gen 332
0.929618768328446
0.901906158357769
0.929618768328446
0.929618768328446
0.929618768328446
0.818768328445748
Gen 333
0.929618768328446
0.907800586510262
0.929618768328446
0.929618768328446
0.929618768328446
0.842346041055718
Gen 334
0.929618768328446
0.888568149942622
0.929618768328446
0.929618768328446
0.929618768328446
0.765416294785159
Gen 335
0.929618768328446
0.886716817544305
0.929618768328446
0.929618768328446
0.929618768328446
0.758010965191891
Gen 336
0.929618768328446
0.904086446512812
0.929618768328446
0.929618768328446
0.929618768328446
0.827489481065919
Gen 337
0.929618768328446
0.891894683156954
0.929618768328446
0.929618768328446
0.929618768328446
0.778722427642484
Gen 338
0.929618768328446
0.894669131709803
0.929618768328446
0.929618768328446
0.929618768328446
0.789820221853882
Gen 339
0.929618768328446
0.904374601555525
0.929618768328446
0.929618768328446
0.929618768328446
0.828642101236772
Gen 340
0.929618768328446
0.887096774193547
0.929618768328446
0.929618768328446
0.929618768328446
0.759530791788856
Gen 341
0.929618768328446
0.894017595307916
0.929618768328446
0.929618768328446
0.929618768328446
0.787214076246334
Gen 342
0.929618768328446
0.919929873772789
0.929618768328446
0.929618768328446
0.929618768328446
0.890863190105827
Gen 343
0.929618768328446
0.877976539589441
0.929618768328446
0.929618768328446
0.929618768328446
0.723049853372434
Gen 344
0.929618768328446
0.921202346041054
0.929618768328446
0.929618768328446
0.929618768328446
0.895953079178886
Gen 345
0.929618768328446
0.895190615835775
0.929618768328446
0.929618768328446
0.929618768328446
0.791906158357771
Gen 346
0.929618768328446
0.89806451612903
0.929618768328446
0.929618768328446
0.929618768328446
0.803401759530792
Gen 347
0.929618768328446
0.900359556292234
0.929618768328446
0.929618768328446
0.929618768328446
0.812581920183603
Gen 348
0.929618768328446
0.899412214713756
0.929618768328446
0.929618768328446
0.929618768328446
0.808792553869693
Gen 349
0.929618768328446
0.901348973607036
0.929618768328446
0.929618768328446
0.929618768328446
0.816539589442815
Gen 350
0.929618768328446
0.905240341705978
0.929618768328446
0.929618768328446
0.929618768328446
0.832105061838582
Gen 351
0.967741935483871
0.886862170087975
0.931143695014663
0.929618768328446
0.929618768328446
0.757067448680352
Gen 352
0.967741935483871
0.887152875175314
0.94791788856305
0.929618768328446
0.929618768328446
0.741456075481321
Gen 353
0.967741935483871
0.9050248629351
0.967741935483872
0.967741935483872
0.952492668621701
0.732122912150963
Gen 354
0.967741935483871
0.946129032258065
0.967741935483872
0.967741935483872
0.967741935483872
0.881290322580646
Gen 355
0.967741935483871
0.893260232054062
0.967741935483872
0.967741935483872
0.967741935483872
0.669815121764631
Gen 356
0.967741935483871
0.928457223001403
0.967741935483872
0.967741935483872
0.967741935483872
0.810603085553998
Gen 357
0.967741935483871
0.88849547367079
0.967741935483872
0.967741935483872
0.967741935483872
0.650756088231544
Gen 358
0.967741935483871
0.956774193548388
0.967741935483872
0.967741935483872
0.967741935483872
0.923870967741936
Gen 359
0.967741935483871
0.938299120234605
0.967741935483872
0.967741935483872
0.967741935483872
0.849970674486804
Gen 360
0.967741935483871
0.940137702409793
0.967741935483872
0.967741935483872
0.967741935483872
0.857325003187556
Gen 361
0.967741935483871
0.929032258064517
0.967741935483872
0.967741935483872
0.967741935483872
0.812903225806452
Gen 362
0.967741935483871
0.928359046283311
0.967741935483872
0.967741935483872
0.967741935483872
0.810210378681627
Gen 363
0.967741935483871
0.940813464235625
0.967741935483872
0.967741935483872
0.967741935483872
0.860028050490884
Gen 364
0.967741935483871
0.919824046920822
0.967741935483872
0.967741935483872
0.967741935483872
0.776070381231672
Gen 365
0.967741935483871
0.929178885630499
0.967741935483872
0.967741935483872
0.967741935483872
0.813489736070381
Gen 366
0.967741935483871
0.918990182328191
0.967741935483872
0.967741935483872
0.967741935483872
0.77273492286115
Gen 367
0.967741935483871
0.901114369501467
0.967741935483872
0.967741935483872
0.967741935483872
0.701231671554252
Gen 368
0.967741935483871
0.916129032258065
0.967741935483872
0.967741935483872
0.967741935483872
0.761290322580646
Gen 369
0.967741935483871
0.929326788218795
0.967741935483872
0.967741935483872
0.967741935483872
0.814081346423563
Gen 370
0.967741935483871
0.929551192145863
0.967741935483872
0.967741935483872
0.967741935483872
0.814978962131838
Gen 371
0.967741935483871
0.957812061711081
0.967741935483872
0.967741935483872
0.967741935483872
0.928022440392707
Gen 372
0.967741935483871
0.918248119342089
0.967741935483872
0.967741935483872
0.967741935483872
0.769766670916741
Gen 373
0.967741935483871
0.919706744868036
0.967741935483872
0.967741935483872
0.967741935483872
0.775601173020528
Gen 374
0.967741935483871
0.911466275659825
0.967741935483872
0.967741935483872
0.967741935483872
0.742639296187684
Gen 375
0.967741935483871
0.938712227463981
0.967741935483872
0.967741935483872
0.967741935483872
0.85162310340431
Gen 376
0.967741935483871
0.926542139487442
0.967741935483872
0.967741935483872
0.967741935483872
0.802942751498152
Gen 377
0.967741935483871
0.87304347826087
0.967741935483872
0.967741935483872
0.967741935483872
0.588948106591866
Gen 378
0.967741935483871
0.927896213183732
0.967741935483872
0.967741935483872
0.967741935483872
0.80835904628331
Gen 379
0.967741935483871
0.967741935483872
0.967741935483872
0.967741935483872
0.967741935483872
0.967741935483872
Gen 380
0.967741935483871
0.885073313782992
0.967741935483872
0.967741935483872
0.967741935483872
0.637067448680352
Gen 381
0.967741935483871
0.92241234221599
0.967741935483872
0.967741935483872
0.967741935483872
0.786423562412343
Gen 382
0.967741935483871
0.939677419354839
0.967741935483872
0.967741935483872
0.967741935483872
0.855483870967742
Gen 383
0.967741935483871
0.956718092566621
0.967741935483872
0.967741935483872
0.967741935483872
0.923646563814867
Gen 384
0.967741935483871
0.93766160907816
0.967741935483872
0.967741935483872
0.967741935483872
0.847420629861023
Gen 385
0.967741935483871
0.948709677419356
0.967741935483872
0.967741935483872
0.967741935483872
0.891612903225807
Gen 386
0.967741935483871
0.936451612903227
0.967741935483872
0.967741935483872
0.967741935483872
0.842580645161291
Gen 387
0.967741935483871
0.915035063113605
0.967741935483872
0.967741935483872
0.967741935483872
0.756914446002805
Gen 388
0.967741935483871
0.949705469845723
0.967741935483872
0.967741935483872
0.967741935483872
0.895596072931277
Gen 389
0.967741935483871
0.95538569424965
0.967741935483872
0.967741935483872
0.967741935483872
0.918316970546985
Gen 390
0.967741935483871
0.929032258064517
0.967741935483872
0.967741935483872
0.967741935483872
0.812903225806452
Gen 391
0.967741935483871
0.940967741935485
0.967741935483872
0.967741935483872
0.967741935483872
0.860645161290323
Gen 392
0.967741935483871
0.929765395894429
0.967741935483872
0.967741935483872
0.967741935483872
0.8158357771261
Gen 393
0.967741935483871
0.951500701262273
0.967741935483872
0.967741935483872
0.967741935483872
0.902776998597476
Gen 394
0.967741935483871
0.939354838709678
0.967741935483872
0.967741935483872
0.967741935483872
0.854193548387097
Gen 395
0.967741935483871
0.920029325513197
0.967741935483872
0.967741935483872
0.967741935483872
0.776891495601173
Gen 396
0.967741935483871
0.95700879765396
0.967741935483872
0.967741935483872
0.967741935483872
0.924809384164223
Gen 397
0.967741935483871
0.928064516129033
0.967741935483872
0.967741935483872
0.967741935483872
0.809032258064517
Gen 398
0.967741935483871
0.918709677419356
0.967741935483872
0.967741935483872
0.967741935483872
0.771612903225807
Gen 399
0.967741935483871
0.930000000000001
0.967741935483872
0.967741935483872
0.967741935483872
0.816774193548387
Gen 400
0.967741935483871
0.956437587657785
0.967741935483872
0.967741935483872
0.967741935483872
0.922524544179524
Gen 401
0.967741935483871
0.910791788856306
0.967741935483872
0.967741935483872
0.967741935483872
0.739941348973607
Gen 402
0.967741935483871
0.948709677419356
0.967741935483872
0.967741935483872
0.967741935483872
0.891612903225807
Gen 403
0.967741935483871
0.921554252199414
0.967741935483872
0.967741935483872
0.967741935483872
0.782991202346041
Gen 404
0.967741935483871
0.910000000000001
0.967741935483872
0.967741935483872
0.967741935483872
0.736774193548387
Gen 405
0.967741935483871
0.938797653958945
0.967741935483872
0.967741935483872
0.967741935483872
0.851964809384165
Gen 406
0.967741935483871
0.929354838709678
0.967741935483872
0.967741935483872
0.967741935483872
0.814193548387097
Gen 407
0.967741935483871
0.917685834502104
0.967741935483872
0.967741935483872
0.967741935483872
0.767517531556803
Gen 408
0.967741935483871
0.923746015555273
0.967741935483872
0.967741935483872
0.967741935483872
0.791758255769476
Gen 409
0.967741935483871
0.924824684431978
0.967741935483872
0.967741935483872
0.967741935483872
0.796072931276298
Gen 410
0.967741935483871
0.92741935483871
0.967741935483872
0.967741935483872
0.967741935483872
0.806451612903226
Gen 411
0.967741935483871
0.922230014025246
0.967741935483872
0.967741935483872
0.967741935483872
0.785694249649369
Gen 412
0.967741935483871
0.919912023460411
0.967741935483872
0.967741935483872
0.967741935483872
0.77642228739003
Gen 413
0.967741935483871
0.950813464235625
0.967741935483872
0.967741935483872
0.967741935483872
0.900028050490884
Gen 414
0.967741935483871
0.917994389901824
0.967741935483872
0.967741935483872
0.967741935483872
0.768751753155681
Gen 415
0.967741935483871
0.932300140252455
0.967741935483872
0.967741935483872
0.967741935483872
0.825974754558205
Gen 416
0.967741935483871
0.917223001402525
0.967741935483872
0.967741935483872
0.967741935483872
0.765666199158486
Gen 417
0.967741935483871
0.91800586510264
0.967741935483872
0.967741935483872
0.967741935483872
0.768797653958945
Gen 418
0.967741935483871
0.950490883590464
0.967741935483872
0.967741935483872
0.967741935483872
0.898737727910239
Gen 419
0.967741935483871
0.929032258064517
0.967741935483872
0.967741935483872
0.967741935483872
0.812903225806452
Gen 420
0.967741935483871
0.928064516129033
0.967741935483872
0.967741935483872
0.967741935483872
0.809032258064517
Gen 421
0.967741935483871
0.946987122274641
0.967741935483872
0.967741935483872
0.967741935483872
0.884722682646947
Gen 422
0.967741935483871
0.938064516129033
0.967741935483872
0.967741935483872
0.967741935483872
0.849032258064517
Gen 423
0.967741935483871
0.923997194950912
0.967741935483872
0.967741935483872
0.967741935483872
0.792762973352034
Gen 424
0.967741935483871
0.919677419354839
0.967741935483872
0.967741935483872
0.967741935483872
0.775483870967742
Gen 425
0.967741935483871
0.9375073313783
0.967741935483872
0.967741935483872
0.967741935483872
0.846803519061584
Gen 426
0.967741935483871
0.944319775596074
0.967741935483872
0.967741935483872
0.967741935483872
0.874053295932679
Gen 427
0.967741935483871
0.926542139487442
0.967741935483872
0.967741935483872
0.967741935483872
0.802942751498152
Gen 428
0.967741935483871
0.939032258064517
0.967741935483872
0.967741935483872
0.967741935483872
0.852903225806452
Gen 429
0.967741935483871
0.938709677419356
0.967741935483872
0.967741935483872
0.967741935483872
0.851612903225807
Gen 430
0.967741935483871
0.94593267882188
0.967741935483872
0.967741935483872
0.967741935483872
0.880504908835905
Gen 431
0.967741935483871
0.93647966339411
0.967741935483872
0.967741935483872
0.967741935483872
0.842692847124825
Gen 432
0.967741935483871
0.940262654596456
0.967741935483872
0.967741935483872
0.967741935483872
0.857824811934209
Gen 433
0.967741935483871
0.939120234604106
0.967741935483872
0.967741935483872
0.967741935483872
0.85325513196481
Gen 434
0.967741935483871
0.93593267882188
0.967741935483872
0.967741935483872
0.967741935483872
0.840504908835905
Gen 435
0.967741935483871
0.949831697054699
0.967741935483872
0.967741935483872
0.967741935483872
0.896100981767181
Gen 436
0.967741935483871
0.938709677419356
0.967741935483872
0.967741935483872
0.967741935483872
0.851612903225807
Gen 437
0.967741935483871
0.927082748948107
0.967741935483872
0.967741935483872
0.967741935483872
0.805105189340814
Gen 438
0.967741935483871
0.958064516129033
0.967741935483872
0.967741935483872
0.967741935483872
0.929032258064517
Gen 439
0.967741935483871
0.958064516129033
0.967741935483872
0.967741935483872
0.967741935483872
0.929032258064517
Gen 440
0.967741935483871
0.964586255259468
0.967741935483872
0.967741935483872
0.967741935483872
0.955119214586256
Gen 441
0.967741935483871
0.934460028050492
0.967741935483872
0.967741935483872
0.967741935483872
0.834614305750351
Gen 442
0.967741935483871
0.94909090909091
0.967741935483872
0.967741935483872
0.967741935483872
0.893137829912024
Gen 443
0.967741935483871
0.93958944281525
0.967741935483872
0.967741935483872
0.967741935483872
0.855131964809385
Gen 444
0.967741935483871
0.941458625525948
0.967741935483872
0.967741935483872
0.967741935483872
0.862608695652174
Gen 445
0.967741935483871
0.929824046920822
0.967741935483872
0.967741935483872
0.967741935483872
0.816070381231672
Gen 446
0.967741935483871
0.958387096774194
0.967741935483872
0.967741935483872
0.967741935483872
0.930322580645162
Gen 447
0.967741935483871
0.922791023842918
0.967741935483872
0.967741935483872
0.967741935483872
0.787938288920056
Gen 448
0.967741935483871
0.9317110799439
0.967741935483872
0.967741935483872
0.967741935483872
0.823618513323984
Gen 449
0.967741935483871
0.929172510518935
0.967741935483872
0.967741935483872
0.967741935483872
0.813464235624124
Gen 450
0.967741935483871
0.939354838709678
0.967741935483872
0.967741935483872
0.967741935483872
0.854193548387097
