Gen 1
0.0909090909090909
0.00915590689503733
0.0366236275801493
0
0
0
Gen 2
0.0909090909090909
0.0412321977539369
0.0825527322918627
0.058048309178744
0.0243277495451408
0
Gen 3
0.0909090909090909
0.0822939958592132
0.0909090909090909
0.0909090909090909
0.0872727272727273
0.0600850743459439
Gen 4
0.0909090909090909
0.0905627705627706
0.0909090909090909
0.0909090909090909
0.0909090909090909
0.0895238095238095
Gen 5
0.0909090909090909
0.090909090909091
0.0909090909090909
0.0909090909090909
0.0909090909090909
0.0909090909090909
Gen 6
0.0909090909090909
0.0879393939393939
0.0909090909090909
0.0909090909090909
0.0909090909090909
0.079030303030303
Gen 7
0.0909090909090909
0.0883116883116883
0.0909090909090909
0.0909090909090909
0.0909090909090909
0.0805194805194805
Gen 8
0.0909090909090909
0.0891774891774892
0.0909090909090909
0.0909090909090909
0.0909090909090909
0.083982683982684
Gen 9
0.0909090909090909
0.0890909090909091
0.0909090909090909
0.0909090909090909
0.0909090909090909
0.0836363636363636
Gen 10
0.0909090909090909
0.0900432900432901
0.0909090909090909
0.0909090909090909
0.0909090909090909
0.0874458874458874
Gen 11
0.0909090909090909
0.09
0.0909090909090909
0.0909090909090909
0.0909090909090909
0.0872727272727273
Gen 12
0.0909090909090909
0.090909090909091
0.0909090909090909
0.0909090909090909
0.0909090909090909
0.0909090909090909
Gen 13
0.0909090909090909
0.0887445887445888
0.0909090909090909
0.0909090909090909
0.0909090909090909
0.0822510822510822
Gen 14
0.0909090909090909
0.0890909090909091
0.0909090909090909
0.0909090909090909
0.0909090909090909
0.0836363636363636
Gen 15
0.0909090909090909
0.09
0.0909090909090909
0.0909090909090909
0.0909090909090909
0.0872727272727273
Gen 16
0.0909090909090909
0.0872727272727273
0.0909090909090909
0.0909090909090909
0.0909090909090909
0.0763636363636363
Gen 17
0.0909090909090909
0.09
0.0909090909090909
0.0909090909090909
0.0909090909090909
0.0872727272727273
Gen 18
0.0909090909090909
0.0882683982683983
0.0909090909090909
0.0909090909090909
0.0909090909090909
0.0803463203463203
Gen 19
0.0909090909090909
0.0881818181818182
0.0909090909090909
0.0909090909090909
0.0909090909090909
0.08
Gen 20
0.0909090909090909
0.0896969696969697
0.0909090909090909
0.0909090909090909
0.0909090909090909
0.086060606060606
Gen 21
0.0909090909090909
0.0902770562770563
0.0909090909090909
0.0909090909090909
0.0909090909090909
0.0883809523809524
Gen 22
0.0909090909090909
0.0882683982683983
0.0909090909090909
0.0909090909090909
0.0909090909090909
0.0803463203463203
Gen 23
0.0952380952380952
0.0886147186147186
0.091082251082251
0.0909090909090909
0.0909090909090909
0.0815584415584415
Gen 24
0.0952380952380952
0.0884852249200075
0.0917748917748917
0.0909090909090909
0.0909090909090909
0.0803478260869565
Gen 25
0.0952380952380952
0.0908225108225109
0.0952380952380953
0.0947186147186147
0.0909090909090909
0.0824242424242424
Gen 26
0.0952380952380952
0.0887445887445886
0.0952380952380953
0.0952380952380953
0.0952380952380953
0.0692640692640693
Gen 27
0.0952380952380952
0.0915151515151514
0.0952380952380953
0.0952380952380953
0.0952380952380953
0.0803463203463204
Gen 28
0.0952380952380952
0.0932900432900431
0.0952380952380953
0.0952380952380953
0.0952380952380953
0.0874458874458875
Gen 29
0.0952380952380952
0.0952380952380951
0.0952380952380953
0.0952380952380953
0.0952380952380953
0.0952380952380953
Gen 30
0.0952380952380952
0.0897835497835496
0.0952380952380953
0.0952380952380953
0.0952380952380953
0.0734199134199134
Gen 31
0.0952380952380952
0.0932900432900431
0.0952380952380953
0.0952380952380953
0.0952380952380953
0.0874458874458875
Gen 32
0.0952380952380952
0.0952380952380951
0.0952380952380953
0.0952380952380953
0.0952380952380953
0.0952380952380953
Gen 33
0.0952380952380952
0.0923809523809522
0.0952380952380953
0.0952380952380953
0.0952380952380953
0.0838095238095238
Gen 34
0.12987012987013
0.0939393939393938
0.0966233766233767
0.0952380952380953
0.0952380952380953
0.0886580086580087
Gen 35
0.12987012987013
0.0983549783549782
0.116017316017316
0.0952380952380953
0.0952380952380953
0.086926406926407
Gen 36
0.155844155844156
0.116796536796537
0.130909090909091
0.12987012987013
0.118787878787879
0.0876190476190477
Gen 37
0.155844155844156
0.131428571428571
0.141298701298701
0.12987012987013
0.12987012987013
0.124675324675325
Gen 38
0.155844155844156
0.144848484848485
0.155844155844156
0.155844155844156
0.144588744588745
0.123116883116883
Gen 39
0.155844155844156
0.148571428571428
0.155844155844156
0.155844155844156
0.155844155844156
0.126753246753247
Gen 40
0.164502164502165
0.154850241545893
0.156190476190476
0.155844155844156
0.155844155844156
0.151522178304787
Gen 41
0.164502164502165
0.152337662337662
0.160692640692641
0.155844155844156
0.155844155844156
0.136969696969697
Gen 42
0.164502164502165
0.153679653679654
0.164502164502165
0.164502164502165
0.162424242424242
0.123290043290043
Gen 43
0.164502164502165
0.161012108664283
0.164502164502165
0.164502164502165
0.164502164502165
0.150541941150637
Gen 44
0.164502164502165
0.161082251082252
0.164502164502165
0.164502164502165
0.164502164502165
0.150822510822511
Gen 45
0.164502164502165
0.162683982683983
0.164502164502165
0.164502164502165
0.164502164502165
0.157229437229437
Gen 46
0.168831168831169
0.160216450216451
0.164675324675325
0.164502164502165
0.164502164502165
0.147186147186147
Gen 47
0.168831168831169
0.161342995169083
0.165194805194805
0.164502164502165
0.164502164502165
0.151172846477194
Gen 48
0.168831168831169
0.15935064935065
0.168831168831169
0.166580086580087
0.164502164502165
0.137489177489177
Gen 49
0.168831168831169
0.166103896103896
0.168831168831169
0.168831168831169
0.168831168831169
0.157922077922078
Gen 50
0.168831168831169
0.165974025974026
0.168831168831169
0.168831168831169
0.168831168831169
0.157402597402597
Gen 51
0.168831168831169
0.161248258987389
0.168831168831169
0.168831168831169
0.168831168831169
0.138499529456051
Gen 52
0.168831168831169
0.165800865800866
0.168831168831169
0.168831168831169
0.168831168831169
0.156709956709957
Gen 53
0.168831168831169
0.16186874960788
0.168831168831169
0.168831168831169
0.168831168831169
0.140981491938014
Gen 54
0.168831168831169
0.162640692640693
0.168831168831169
0.168831168831169
0.168831168831169
0.144069264069264
Gen 55
0.168831168831169
0.162380952380952
0.168831168831169
0.168831168831169
0.168831168831169
0.143030303030303
Gen 56
0.168831168831169
0.163766233766234
0.168831168831169
0.168831168831169
0.168831168831169
0.148571428571429
Gen 57
0.168831168831169
0.163679653679654
0.168831168831169
0.168831168831169
0.168831168831169
0.148225108225108
Gen 58
0.168831168831169
0.167142857142857
0.168831168831169
0.168831168831169
0.168831168831169
0.162077922077922
Gen 59
0.168831168831169
0.164935064935065
0.168831168831169
0.168831168831169
0.168831168831169
0.153246753246753
Gen 60
0.168831168831169
0.168701298701299
0.168831168831169
0.168831168831169
0.168831168831169
0.168311688311688
Gen 61
0.168831168831169
0.165584415584415
0.168831168831169
0.168831168831169
0.168831168831169
0.155844155844156
Gen 62
0.168831168831169
0.167068072024594
0.168831168831169
0.168831168831169
0.168831168831169
0.161778781604869
Gen 63
0.168831168831169
0.163766233766234
0.168831168831169
0.168831168831169
0.168831168831169
0.148571428571429
Gen 64
0.171014492753623
0.164350837568229
0.168918501788067
0.168831168831169
0.168831168831169
0.150822510822511
Gen 65
0.171014492753623
0.162273668360625
0.16926783361566
0.168831168831169
0.168831168831169
0.142164502164502
Gen 66
0.171014492753623
0.166825522303783
0.171014492753623
0.170053830227743
0.168831168831169
0.157402597402597
Gen 67
0.171014492753623
0.168871070958027
0.171014492753623
0.171014492753623
0.171014492753623
0.16244080557124
Gen 68
0.186147186147186
0.168886504799548
0.172083568605308
0.171014492753623
0.171014492753623
0.161433465085639
Gen 69
0.186147186147186
0.167407867494824
0.181666102013928
0.172173913043478
0.171014492753623
0.144776962168267
Gen 70
0.186147186147186
0.181916807829852
0.186147186147186
0.186147186147186
0.1820395256917
0.173333333333333
Gen 71
0.186147186147186
0.182813852813853
0.186147186147186
0.186147186147186
0.186147186147186
0.172813852813853
Gen 72
0.186147186147186
0.185887445887446
0.186147186147186
0.186147186147186
0.186147186147186
0.185108225108225
Gen 73
0.186147186147186
0.184285714285714
0.186147186147186
0.186147186147186
0.186147186147186
0.178701298701299
Gen 74
0.186147186147186
0.179220779220779
0.186147186147186
0.186147186147186
0.186147186147186
0.158441558441558
Gen 75
0.186147186147186
0.179329192546584
0.186147186147186
0.186147186147186
0.186147186147186
0.158875211744777
Gen 76
0.186147186147186
0.180735930735931
0.186147186147186
0.186147186147186
0.186147186147186
0.164502164502164
Gen 77
0.19047619047619
0.183766233766234
0.186320346320346
0.186147186147186
0.186147186147186
0.176450216450216
Gen 78
0.19047619047619
0.184285714285714
0.188917748917749
0.186147186147186
0.186147186147186
0.175930735930736
Gen 79
0.19047619047619
0.181818181818182
0.190476190476191
0.190476190476191
0.189437229437229
0.156883116883117
Gen 80
0.19047619047619
0.189026162243553
0.190476190476191
0.190476190476191
0.190476190476191
0.184676077545643
Gen 81
0.19047619047619
0.1904329004329
0.190476190476191
0.190476190476191
0.190476190476191
0.19030303030303
Gen 82
0.19047619047619
0.183852813852814
0.190476190476191
0.190476190476191
0.190476190476191
0.163982683982684
Gen 83
0.19047619047619
0.180909090909091
0.190476190476191
0.190476190476191
0.190476190476191
0.152207792207792
Gen 84
0.19047619047619
0.185800865800866
0.190476190476191
0.190476190476191
0.190476190476191
0.171774891774892
Gen 85
0.19047619047619
0.187411004454482
0.190476190476191
0.190476190476191
0.190476190476191
0.17821544638936
Gen 86
0.19047619047619
0.189740259740259
0.190476190476191
0.190476190476191
0.190476190476191
0.187532467532468
Gen 87
0.19047619047619
0.184801681410377
0.190476190476191
0.190476190476191
0.190476190476191
0.167778154212937
Gen 88
0.19047619047619
0.188961038961039
0.190476190476191
0.190476190476191
0.190476190476191
0.184415584415585
Gen 89
0.19047619047619
0.186883116883117
0.190476190476191
0.190476190476191
0.190476190476191
0.176103896103896
Gen 90
0.19047619047619
0.18485689190037
0.190476190476191
0.190476190476191
0.190476190476191
0.167998996172909
Gen 91
0.19047619047619
0.184004517221908
0.190476190476191
0.190476190476191
0.190476190476191
0.164589497459063
Gen 92
0.19047619047619
0.187043478260869
0.190476190476191
0.190476190476191
0.190476190476191
0.176745341614907
Gen 93
0.19047619047619
0.189090909090909
0.190476190476191
0.190476190476191
0.190476190476191
0.184935064935065
Gen 94
0.19047619047619
0.187012987012987
0.190476190476191
0.190476190476191
0.190476190476191
0.176623376623377
Gen 95
0.19047619047619
0.19004329004329
0.190476190476191
0.190476190476191
0.190476190476191
0.188744588744589
Gen 96
0.19047619047619
0.185541125541125
0.190476190476191
0.190476190476191
0.190476190476191
0.170735930735931
Gen 97
0.19047619047619
0.19047619047619
0.190476190476191
0.190476190476191
0.190476190476191
0.190476190476191
Gen 98
0.19047619047619
0.183809523809524
0.190476190476191
0.190476190476191
0.190476190476191
0.163809523809524
Gen 99
0.19047619047619
0.178528138528138
0.190476190476191
0.190476190476191
0.190476190476191
0.142683982683983
Gen 100
0.19047619047619
0.19017316017316
0.190476190476191
0.190476190476191
0.190476190476191
0.189264069264069
Gen 101
0.19047619047619
0.184870318087709
0.190476190476191
0.190476190476191
0.190476190476191
0.168052700922266
Gen 102
0.19047619047619
0.185844155844156
0.190476190476191
0.190476190476191
0.190476190476191
0.171948051948052
Gen 103
0.19047619047619
0.186530020703933
0.190476190476191
0.190476190476191
0.190476190476191
0.174691511387164
Gen 104
0.19047619047619
0.188831168831169
0.190476190476191
0.190476190476191
0.190476190476191
0.183896103896104
Gen 105
0.19047619047619
0.186406926406926
0.190476190476191
0.190476190476191
0.190476190476191
0.174199134199134
Gen 106
0.19047619047619
0.186243804504674
0.190476190476191
0.190476190476191
0.190476190476191
0.173546646590125
Gen 107
0.19047619047619
0.186320346320346
0.190476190476191
0.190476190476191
0.190476190476191
0.173852813852814
Gen 108
0.19047619047619
0.188311688311688
0.190476190476191
0.190476190476191
0.190476190476191
0.181818181818182
Gen 109
0.19047619047619
0.188961038961039
0.190476190476191
0.190476190476191
0.190476190476191
0.184415584415585
Gen 110
0.19047619047619
0.184935064935065
0.190476190476191
0.190476190476191
0.190476190476191
0.168311688311688
Gen 111
0.19047619047619
0.19017316017316
0.190476190476191
0.190476190476191
0.190476190476191
0.189264069264069
Gen 112
0.19047619047619
0.184502164502164
0.190476190476191
0.190476190476191
0.190476190476191
0.166580086580087
Gen 113
0.19047619047619
0.185064935064935
0.190476190476191
0.190476190476191
0.190476190476191
0.168831168831169
Gen 114
0.19047619047619
0.179350649350649
0.190476190476191
0.190476190476191
0.190476190476191
0.145974025974026
Gen 115
0.19047619047619
0.185021645021645
0.190476190476191
0.190476190476191
0.190476190476191
0.168658008658009
Gen 116
0.19047619047619
0.188710333145115
0.190476190476191
0.190476190476191
0.190476190476191
0.183412761151892
Gen 117
0.19047619047619
0.184155844155844
0.190476190476191
0.190476190476191
0.190476190476191
0.165194805194805
Gen 118
0.19047619047619
0.189437229437229
0.190476190476191
0.190476190476191
0.190476190476191
0.186320346320346
Gen 119
0.19047619047619
0.186536796536796
0.190476190476191
0.190476190476191
0.190476190476191
0.174718614718615
Gen 120
0.19047619047619
0.186450216450216
0.190476190476191
0.190476190476191
0.190476190476191
0.174372294372294
Gen 121
0.19047619047619
0.188528138528138
0.190476190476191
0.190476190476191
0.190476190476191
0.182683982683983
Gen 122
0.19047619047619
0.186493506493506
0.190476190476191
0.190476190476191
0.190476190476191
0.174545454545455
Gen 123
0.19047619047619
0.185411255411255
0.190476190476191
0.190476190476191
0.190476190476191
0.17021645021645
Gen 124
0.19047619047619
0.185627705627705
0.190476190476191
0.190476190476191
0.190476190476191
0.171082251082251
Gen 125
0.19047619047619
0.181515151515151
0.190476190476191
0.190476190476191
0.190476190476191
0.154632034632035
Gen 126
0.19047619047619
0.187302465650291
0.190476190476191
0.190476190476191
0.190476190476191
0.177781291172596
Gen 127
0.19047619047619
0.188311688311688
0.190476190476191
0.190476190476191
0.190476190476191
0.181818181818182
Gen 128
0.19047619047619
0.189315766359244
0.190476190476191
0.190476190476191
0.190476190476191
0.185834494008407
Gen 129
0.255411255411255
0.187316017316017
0.193073593073593
0.190476190476191
0.190476190476191
0.175238095238095
Gen 130
0.255411255411255
0.194675324675324
0.226839826839827
0.190476190476191
0.190476190476191
0.170909090909091
Gen 131
0.255411255411255
0.238354978354978
0.255411255411255
0.255411255411255
0.252121212121212
0.190476190476191
Gen 132
0.264069264069264
0.247835497835498
0.255757575757576
0.255411255411255
0.255411255411255
0.224761904761905
Gen 133
0.264069264069264
0.250991906644081
0.2595670995671
0.255411255411255
0.255411255411255
0.233578016186712
Gen 134
0.264069264069264
0.246772695903131
0.264069264069264
0.264069264069264
0.257835497835498
0.201116757638497
Gen 135
0.264069264069264
0.262337662337662
0.264069264069264
0.264069264069264
0.264069264069264
0.257142857142857
Gen 136
0.264069264069264
0.26030303030303
0.264069264069264
0.264069264069264
0.264069264069264
0.249004329004329
Gen 137
0.268398268398268
0.261038961038961
0.264242424242424
0.264069264069264
0.264069264069264
0.251774891774892
Gen 138
0.268398268398268
0.259137963485789
0.265281385281385
0.264069264069264
0.264069264069264
0.243131940523245
Gen 139
0.268398268398268
0.255887445887446
0.268398268398268
0.267532467532468
0.264069264069264
0.223549783549784
Gen 140
0.268398268398268
0.262857142857143
0.268398268398268
0.268398268398268
0.268398268398268
0.246233766233766
Gen 141
0.268398268398268
0.261385281385281
0.268398268398268
0.268398268398268
0.268398268398268
0.24034632034632
Gen 142
0.268398268398268
0.259667984189723
0.268398268398268
0.268398268398268
0.268398268398268
0.233477131564088
Gen 143
0.268398268398268
0.261818181818182
0.268398268398268
0.268398268398268
0.268398268398268
0.242077922077922
Gen 144
0.268398268398268
0.266094234268147
0.268398268398268
0.268398268398268
0.268398268398268
0.259182131877784
Gen 145
0.268398268398268
0.265454545454545
0.268398268398268
0.268398268398268
0.268398268398268
0.256623376623377
Gen 146
0.268398268398268
0.251776773950687
0.268398268398268
0.268398268398268
0.268398268398268
0.201912290607943
Gen 147
0.268398268398268
0.265714285714286
0.268398268398268
0.268398268398268
0.268398268398268
0.257662337662338
Gen 148
0.268398268398268
0.264155844155844
0.268398268398268
0.268398268398268
0.268398268398268
0.251428571428571
Gen 149
0.268398268398268
0.262143421795596
0.268398268398268
0.268398268398268
0.268398268398268
0.243378881987578
Gen 150
0.268398268398268
0.261012987012987
0.268398268398268
0.268398268398268
0.268398268398268
0.238857142857143
Gen 151
0.268398268398268
0.265714285714286
0.268398268398268
0.268398268398268
0.268398268398268
0.257662337662338
Gen 152
0.268398268398268
0.264848484848485
0.268398268398268
0.268398268398268
0.268398268398268
0.254199134199134
Gen 153
0.268398268398268
0.2604329004329
0.268398268398268
0.268398268398268
0.268398268398268
0.236536796536797
Gen 154
0.268398268398268
0.25660229625447
0.268398268398268
0.268398268398268
0.268398268398268
0.221214379823075
Gen 155
0.268398268398268
0.263030303030303
0.268398268398268
0.268398268398268
0.268398268398268
0.246926406926407
Gen 156
0.268398268398268
0.260692640692641
0.268398268398268
0.268398268398268
0.268398268398268
0.237575757575758
Gen 157
0.268398268398268
0.264718614718615
0.268398268398268
0.268398268398268
0.268398268398268
0.253679653679654
Gen 158
0.268398268398268
0.267289917811657
0.268398268398268
0.268398268398268
0.268398268398268
0.263964866051823
Gen 159
0.268398268398268
0.263030303030303
0.268398268398268
0.268398268398268
0.268398268398268
0.246926406926407
Gen 160
0.268398268398268
0.266277056277056
0.268398268398268
0.268398268398268
0.268398268398268
0.25991341991342
Gen 161
0.268398268398268
0.263030303030303
0.268398268398268
0.268398268398268
0.268398268398268
0.246926406926407
Gen 162
0.268398268398268
0.26148014304536
0.268398268398268
0.268398268398268
0.268398268398268
0.240725766986637
Gen 163
0.268398268398268
0.265714285714286
0.268398268398268
0.268398268398268
0.268398268398268
0.257662337662338
Gen 164
0.268398268398268
0.256056841709016
0.268398268398268
0.268398268398268
0.268398268398268
0.219032561641257
Gen 165
0.268398268398268
0.25754714850367
0.268398268398268
0.268398268398268
0.268398268398268
0.224993788819876
Gen 166
0.268398268398268
0.265714285714286
0.268398268398268
0.268398268398268
0.268398268398268
0.257662337662338
Gen 167
0.268398268398268
0.25915615785181
0.268398268398268
0.268398268398268
0.268398268398268
0.231429826212435
Gen 168
0.268398268398268
0.26017316017316
0.268398268398268
0.268398268398268
0.268398268398268
0.235497835497836
Gen 169
0.268398268398268
0.261280632411067
0.268398268398268
0.268398268398268
0.268398268398268
0.239927724449464
Gen 170
0.268398268398268
0.258831168831169
0.268398268398268
0.268398268398268
0.268398268398268
0.23012987012987
Gen 171
0.268398268398268
0.259264069264069
0.268398268398268
0.268398268398268
0.268398268398268
0.231861471861472
Gen 172
0.268398268398268
0.258961038961039
0.268398268398268
0.268398268398268
0.268398268398268
0.230649350649351
Gen 173
0.268398268398268
0.262207792207792
0.268398268398268
0.268398268398268
0.268398268398268
0.243636363636364
Gen 174
0.272727272727273
0.263593073593074
0.268571428571429
0.268398268398268
0.268398268398268
0.249004329004329
Gen 175
0.272727272727273
0.265411255411255
0.271168831168831
0.268398268398268
0.268398268398268
0.253679653679654
Gen 176
0.272727272727273
0.271411255411256
0.272727272727273
0.272727272727273
0.272034632034632
0.268155844155844
Gen 177
0.272727272727273
0.26424154589372
0.272727272727273
0.272727272727273
0.272727272727273
0.238784365393061
Gen 178
0.272727272727273
0.254761904761905
0.272727272727273
0.272727272727273
0.272727272727273
0.200865800865801
Gen 179
0.272727272727273
0.258441558441559
0.272727272727273
0.272727272727273
0.272727272727273
0.215584415584416
Gen 180
0.272727272727273
0.271991341991342
0.272727272727273
0.272727272727273
0.272727272727273
0.26978354978355
Gen 181
0.272727272727273
0.265112365894975
0.272727272727273
0.272727272727273
0.272727272727273
0.24226764539808
Gen 182
0.272727272727273
0.267922077922078
0.272727272727273
0.272727272727273
0.272727272727273
0.253506493506493
Gen 183
0.272727272727273
0.266017316017316
0.272727272727273
0.272727272727273
0.272727272727273
0.245887445887446
Gen 184
0.272727272727273
0.27
0.272727272727273
0.272727272727273
0.272727272727273
0.261818181818182
Gen 185
0.272727272727273
0.272727272727273
0.272727272727273
0.272727272727273
0.272727272727273
0.272727272727273
Gen 186
0.272727272727273
0.267311876529268
0.272727272727273
0.272727272727273
0.272727272727273
0.251065687935253
Gen 187
0.272727272727273
0.268961038961039
0.272727272727273
0.272727272727273
0.272727272727273
0.257662337662337
Gen 188
0.277056277056277
0.266663153271849
0.272900432900433
0.272727272727273
0.272727272727273
0.248297634732417
Gen 189
0.277056277056277
0.268896668548843
0.274805194805195
0.272727272727273
0.272727272727273
0.255326933935629
Gen 190
0.277056277056277
0.265332204027856
0.277056277056277
0.277056277056277
0.274458874458874
0.232757387539996
Gen 191
0.277056277056277
0.26392132505176
0.277056277056277
0.277056277056277
0.277056277056277
0.224516469038208
Gen 192
0.277056277056277
0.265757575757576
0.277056277056277
0.277056277056277
0.277056277056277
0.231861471861472
Gen 193
0.277056277056277
0.260832423615033
0.277056277056277
0.277056277056277
0.277056277056277
0.212160863291298
Gen 194
0.277056277056277
0.271601731601732
0.277056277056277
0.277056277056277
0.277056277056277
0.255238095238095
Gen 195
0.277056277056277
0.269754940711463
0.277056277056277
0.277056277056277
0.277056277056277
0.247850931677019
Gen 196
0.277056277056277
0.271017880670055
0.277056277056277
0.277056277056277
0.277056277056277
0.252902691511387
Gen 197
0.277056277056277
0.275151515151516
0.277056277056277
0.277056277056277
0.277056277056277
0.269437229437229
Gen 198
0.277056277056277
0.265182382834557
0.277056277056277
0.277056277056277
0.277056277056277
0.229560700169396
Gen 199
0.277056277056277
0.268744588744589
0.277056277056277
0.277056277056277
0.277056277056277
0.243809523809524
Gen 200
0.277056277056277
0.274155844155845
0.277056277056277
0.277056277056277
0.277056277056277
0.265454545454546
Gen 201
0.277056277056277
0.26926406926407
0.277056277056277
0.277056277056277
0.277056277056277
0.245887445887446
Gen 202
0.277056277056277
0.270717987326683
0.277056277056277
0.277056277056277
0.277056277056277
0.251703118137901
Gen 203
0.277056277056277
0.269471610515089
0.277056277056277
0.277056277056277
0.277056277056277
0.246717610891524
Gen 204
0.277056277056277
0.274285714285715
0.277056277056277
0.277056277056277
0.277056277056277
0.265974025974026
Gen 205
0.277056277056277
0.270173160173161
0.277056277056277
0.277056277056277
0.277056277056277
0.24952380952381
Gen 206
0.277056277056277
0.271302716607065
0.277056277056277
0.277056277056277
0.277056277056277
0.254042035259427
Gen 207
0.277056277056277
0.272857142857143
0.277056277056277
0.277056277056277
0.277056277056277
0.26025974025974
Gen 208
0.277056277056277
0.268463768115942
0.277056277056277
0.277056277056277
0.277056277056277
0.242686241294937
Gen 209
0.277056277056277
0.272636551853944
0.277056277056277
0.277056277056277
0.277056277056277
0.259377376246941
Gen 210
0.277056277056277
0.270216450216451
0.277056277056277
0.277056277056277
0.277056277056277
0.24969696969697
Gen 211
0.277056277056277
0.270051697095176
0.277056277056277
0.277056277056277
0.277056277056277
0.24903795721187
Gen 212
0.277056277056277
0.273805383022775
0.277056277056277
0.277056277056277
0.277056277056277
0.264052700922266
Gen 213
0.277056277056277
0.27129531338227
0.277056277056277
0.277056277056277
0.277056277056277
0.254012422360249
Gen 214
0.277056277056277
0.267402597402598
0.277056277056277
0.277056277056277
0.277056277056277
0.238441558441558
Gen 215
0.277056277056277
0.273463203463204
0.277056277056277
0.277056277056277
0.277056277056277
0.262683982683983
Gen 216
0.277056277056277
0.271082251082251
0.277056277056277
0.277056277056277
0.277056277056277
0.253160173160173
Gen 217
0.277056277056277
0.270735930735931
0.277056277056277
0.277056277056277
0.277056277056277
0.251774891774892
Gen 218
0.277056277056277
0.270865800865801
0.277056277056277
0.277056277056277
0.277056277056277
0.252294372294372
Gen 219
0.277056277056277
0.269690570299266
0.277056277056277
0.277056277056277
0.277056277056277
0.247593450028233
Gen 220
0.277056277056277
0.269090909090909
0.277056277056277
0.277056277056277
0.277056277056277
0.245194805194805
Gen 221
0.277056277056277
0.272857142857143
0.277056277056277
0.277056277056277
0.277056277056277
0.26025974025974
Gen 222
0.277056277056277
0.273333333333334
0.277056277056277
0.277056277056277
0.277056277056277
0.262164502164502
Gen 223
0.277056277056277
0.27008658008658
0.277056277056277
0.277056277056277
0.277056277056277
0.249177489177489
Gen 224
0.277056277056277
0.274242424242425
0.277056277056277
0.277056277056277
0.277056277056277
0.265800865800866
Gen 225
0.277056277056277
0.273522303783174
0.277056277056277
0.277056277056277
0.277056277056277
0.262920383963862
Gen 226
0.277056277056277
0.261817052512705
0.277056277056277
0.277056277056277
0.277056277056277
0.216099378881988
Gen 227
0.277056277056277
0.270276679841898
0.277056277056277
0.277056277056277
0.277056277056277
0.249937888198758
Gen 228
0.277056277056277
0.26399109103457
0.277056277056277
0.277056277056277
0.277056277056277
0.224795532969446
Gen 229
0.277056277056277
0.265079616036138
0.277056277056277
0.277056277056277
0.277056277056277
0.22914963297572
Gen 230
0.277056277056277
0.271861471861472
0.277056277056277
0.277056277056277
0.277056277056277
0.256277056277056
Gen 231
0.277056277056277
0.272943722943723
0.277056277056277
0.277056277056277
0.277056277056277
0.260606060606061
Gen 232
0.277056277056277
0.262290106029237
0.277056277056277
0.277056277056277
0.277056277056277
0.217991592948115
Gen 233
0.277056277056277
0.274285714285715
0.277056277056277
0.277056277056277
0.277056277056277
0.265974025974026
Gen 234
0.277056277056277
0.26374440052701
0.277056277056277
0.277056277056277
0.277056277056277
0.223808770939206
Gen 235
0.277056277056277
0.275151515151516
0.277056277056277
0.277056277056277
0.277056277056277
0.26943722943723
Gen 236
0.277056277056277
0.265754187841145
0.277056277056277
0.277056277056277
0.277056277056277
0.231847920195746
Gen 237
0.277056277056277
0.271298701298702
0.277056277056277
0.277056277056277
0.277056277056277
0.254025974025974
Gen 238
0.277056277056277
0.26961038961039
0.277056277056277
0.277056277056277
0.277056277056277
0.247272727272727
Gen 239
0.277056277056277
0.272597402597403
0.277056277056277
0.277056277056277
0.277056277056277
0.259220779220779
Gen 240
0.277056277056277
0.268744588744589
0.277056277056277
0.277056277056277
0.277056277056277
0.243809523809524
Gen 241
0.277056277056277
0.267792207792208
0.277056277056277
0.277056277056277
0.277056277056277
0.24
Gen 242
0.277056277056277
0.26926406926407
0.277056277056277
0.277056277056277
0.277056277056277
0.245887445887446
Gen 243
0.277056277056277
0.268441558441559
0.277056277056277
0.277056277056277
0.277056277056277
0.242597402597403
Gen 244
0.277056277056277
0.268961038961039
0.277056277056277
0.277056277056277
0.277056277056277
0.244675324675325
Gen 245
0.277056277056277
0.272857142857143
0.277056277056277
0.277056277056277
0.277056277056277
0.26025974025974
Gen 246
0.277056277056277
0.263982683982684
0.277056277056277
0.277056277056277
0.277056277056277
0.224761904761905
