Gen 1
0.0909090909090909
0.00964665294504418
0.0385866114801767
1E-10
1E-10
1E-10
Gen 2
0.147186147186147
0.0185886191753583
0.0606748227617793
0.0136796537396537
1E-10
1E-10
Gen 3
0.147186147186147
0.0321676391681608
0.0720471798732668
0.0476190476190476
0.00900432908032901
1E-10
Gen 4
0.147186147186147
0.0431422297809254
0.0864395507873769
0.05132417341113
0.0348051948251948
1E-10
Gen 5
0.147186147186147
0.0484408056022403
0.0959307359307359
0.0630272915490307
0.0348051948291948
1E-10
Gen 6
0.272727272727273
0.0612771190402494
0.108398268398268
0.0845910031996988
0.0511530208921514
0.000966183670879228
Gen 7
0.272727272727273
0.0703273731289818
0.118614718614719
0.0909090909090909
0.0647001693958216
0.00708551359629614
Gen 8
0.272727272727273
0.0788220089279654
0.138354978354978
0.0909090909090909
0.0772239161804379
0.00880005026735455
Gen 9
0.272727272727273
0.08326507311616
0.162943722943723
0.0914285714285714
0.0786879979923458
1E-10
Gen 10
0.272727272727273
0.0979277244754637
0.192380952380952
0.116632160110421
0.0826977853104809
1E-10
Gen 11
0.272727272727273
0.122994165275035
0.227532467532468
0.147186147186147
0.103298826777088
0.0139592196044369
Gen 12
0.272727272727273
0.130343810806593
0.272727272727273
0.152207792207792
0.0964401781913086
1E-10
Gen 13
0.272727272727273
0.166770186355403
0.272727272727273
0.247619047619048
0.132813852813853
0.0139205722614418
Gen 14
0.272727272727273
0.168268398295398
0.272727272727273
0.272727272727273
0.127619047627048
1E-10
Gen 15
0.272727272727273
0.198196499171021
0.272727272727273
0.272727272727273
0.222510822510822
0.0248206287187156
Gen 16
0.272727272727273
0.20636727525384
0.272727272727273
0.272727272727273
0.244298889516281
0.0357156660445355
Gen 17
0.272727272727273
0.21060606062506
0.272727272727273
0.272727272727273
0.271688311688312
0.0252813853573853
Gen 18
0.272727272727273
0.206860530793574
0.272727272727273
0.272727272727273
0.265800865800866
0.0161867119188858
Gen 19
0.272727272727273
0.217390426016122
0.272727272727273
0.272727272727273
0.272727272727273
0.0513798858826684
Gen 20
0.272727272727273
0.219523809541809
0.272727272727273
0.272727272727273
0.272727272727273
0.0599134199854199
Gen 21
0.285714285714286
0.225844155860156
0.273246753246753
0.272727272727273
0.272727272727273
0.0846753247393247
Gen 22
0.285714285714286
0.239088274054796
0.273766233766234
0.272727272727273
0.272727272727273
0.137132316998404
Gen 23
0.285714285714286
0.243131689574472
0.274805194805195
0.272727272727273
0.272727272727273
0.152267018038148
Gen 24
0.285714285714286
0.254323734243778
0.276883116883117
0.272727272727273
0.272727272727273
0.194957274637448
Gen 25
0.285714285714286
0.255820063998977
0.28051948051948
0.272727272727273
0.272727272727273
0.197306230021882
Gen 26
0.285714285714286
0.252517347392913
0.285714285714286
0.272727272727273
0.272727272727273
0.178900558402819
Gen 27
0.285714285714286
0.256231131191653
0.285714285714286
0.279480519480519
0.272727272727273
0.187002446844534
Gen 28
0.285714285714286
0.258438923401445
0.285714285714286
0.285714285714286
0.274805194805195
0.187521927372014
Gen 29
0.285714285714286
0.256693770005118
0.285714285714286
0.285714285714286
0.281038961038961
0.174307547552939
Gen 30
0.285714285714286
0.258309053273575
0.285714285714286
0.285714285714286
0.285714285714286
0.176093355951443
Gen 31
0.285714285714286
0.248785243751765
0.285714285714286
0.285714285714286
0.284675324675325
0.139037078903166
Gen 32
0.285714285714286
0.241350398406877
0.285714285714286
0.285714285714286
0.284675324675325
0.109297697523611
Gen 33
0.285714285714286
0.238865048007483
0.285714285714286
0.285714285714286
0.285541125541125
0.0984904950602341
Gen 34
0.285714285714286
0.241986071912115
0.285714285714286
0.285714285714286
0.285714285714286
0.110801430505604
Gen 35
0.285714285714286
0.246937198077633
0.285714285714286
0.285714285714286
0.285714285714286
0.130605935167674
Gen 36
0.285714285714286
0.24982683983784
0.285714285714286
0.285714285714286
0.285714285714286
0.142164502208502
Gen 37
0.285714285714286
0.252833051015964
0.285714285714286
0.285714285714286
0.285714285714286
0.154189346920999
Gen 38
0.285714285714286
0.251515151526151
0.285714285714286
0.285714285714286
0.285714285714286
0.148917748961749
Gen 39
0.502415458937198
0.268496392500392
0.294382332643202
0.285714285714286
0.285714285714286
0.208174665929796
Gen 40
0.502415458937198
0.264913482659613
0.294382332643202
0.285714285714286
0.285714285714286
0.193843026566679
Gen 41
0.502415458937198
0.27154990903217
0.303050379572119
0.285714285714286
0.285714285714286
0.211720685127989
Gen 42
0.502415458937198
0.276095112622851
0.320386473429952
0.285714285714286
0.285714285714286
0.212565405632884
Gen 43
0.502415458937198
0.281906016695625
0.355058661145618
0.285714285714286
0.285714285714286
0.201136834208312
Gen 44
0.502415458937198
0.29503795721887
0.407066942719117
0.285714285714286
0.285714285714286
0.201656314727793
Gen 45
0.502415458937198
0.303807641641728
0.493747412008282
0.285714285714286
0.285714285714286
0.150054583130061
Gen 46
0.502415458937198
0.322008030625726
0.502415458937198
0.396427881297447
0.285714285714286
0.103474496553975
Gen 47
0.502415458937198
0.341763724213507
0.502415458937198
0.502415458937198
0.309747412008281
0.0524765669713495
Gen 48
0.502415458937198
0.388724637692159
0.502415458937198
0.502415458937198
0.457104209799862
0.0929634230943796
Gen 49
0.502415458937198
0.411338352478787
0.502415458937198
0.502415458937198
0.502415458937198
0.138107033103555
Gen 50
0.502415458937198
0.416363636377637
0.502415458937198
0.502415458937198
0.502415458937198
0.158208168698951
Gen 51
0.502415458937198
0.43526645336441
0.502415458937198
0.502415458937198
0.502415458937198
0.233819436646045
Gen 52
0.502415458937198
0.433611017013322
0.502415458937198
0.502415458937198
0.502415458937198
0.227197691241691
Gen 53
0.502415458937198
0.437490934195587
0.502415458937198
0.502415458937198
0.502415458937198
0.242717359970751
Gen 54
0.502415458937198
0.416932429902952
0.502415458937198
0.502415458937198
0.502415458937198
0.160483342800212
Gen 55
0.502415458937198
0.424310057105666
0.502415458937198
0.502415458937198
0.502415458937198
0.189993851611069
Gen 56
0.502415458937198
0.43246866178301
0.502415458937198
0.502415458937198
0.502415458937198
0.222628270320444
Gen 57
0.502415458937198
0.446110922899532
0.502415458937198
0.502415458937198
0.502415458937198
0.277197314786532
Gen 58
0.502415458937198
0.450661020145281
0.502415458937198
0.502415458937198
0.502415458937198
0.29539770376953
Gen 59
0.502415458937198
0.438202647605952
0.502415458937198
0.502415458937198
0.502415458937198
0.245564213612214
Gen 60
0.504347826086957
0.425530459890286
0.502492753623189
0.502415458937198
0.502415458937198
0.194798168063559
Gen 61
0.504347826086957
0.404791141241924
0.502570048309179
0.502415458937198
0.502415458937198
0.11176359878412
Gen 62
0.519480519480519
0.44252399775139
0.503407240102893
0.502415458937198
0.502415458937198
0.261857833028268
Gen 63
0.519480519480519
0.449780287352505
0.503407240102893
0.502415458937198
0.502415458937198
0.290882991432731
Gen 64
0.542995169082126
0.446980111680764
0.505944914988393
0.502415458937198
0.502415458937198
0.277144613860266
Gen 65
0.542995169082126
0.460049689448994
0.509319781667608
0.502415458937198
0.502415458937198
0.326048058253971
Gen 66
0.542995169082126
0.474942342685473
0.514768555116381
0.50280193236715
0.502415458937198
0.379783424321164
Gen 67
0.542995169082126
0.466836940844941
0.521222159483029
0.504038647342995
0.502415458937198
0.339671497616541
Gen 68
0.567099567099567
0.467859464212291
0.533612899178116
0.506769057029926
0.50287922705314
0.328176673587978
Gen 69
0.567099567099567
0.450112554122555
0.540197001066566
0.514032749858837
0.503420289855073
0.242800175709741
Gen 70
0.567099567099567
0.472596900688858
0.544923520923521
0.528886379321162
0.504643955078738
0.311933747432008
Gen 71
0.567099567099567
0.469878536931016
0.546851872764916
0.541113997113997
0.510400903444382
0.281147374400766
Gen 72
0.567099567099567
0.464674195378848
0.550708576447707
0.542995169082126
0.513492690883995
0.251500345101562
Gen 73
0.567099567099567
0.464391743532179
0.554565280130497
0.542995169082126
0.529957462827028
0.230049062089062
Gen 74
0.567099567099567
0.433081874660092
0.559386159733986
0.542995169082126
0.533152644456992
0.0967935253672644
Gen 75
0.567099567099567
0.448857895740461
0.567099567099567
0.543959345002823
0.537254783863479
0.147117886995974
Gen 76
0.567099567099567
0.41576259491203
0.567099567099567
0.552636928289102
0.528708200012548
0.0146056842469016
Gen 77
0.567099567099567
0.427937888217759
0.567099567099567
0.567099567099567
0.54005395570613
0.0374984629657672
Gen 78
0.567099567099567
0.431910533931535
0.567099567099567
0.567099567099567
0.553906267645398
0.0395367338816034
Gen 79
0.567099567099567
0.440936696172088
0.567099567099567
0.567099567099567
0.558421983813288
0.0711256666759275
Gen 80
0.567099567099567
0.465431457447458
0.567099567099567
0.567099567099567
0.56613539117887
0.161391304411826
Gen 81
0.567099567099567
0.491099943544727
0.567099567099567
0.567099567099567
0.567099567099567
0.263101072880203
Gen 82
0.567099567099567
0.48888750863664
0.567099567099567
0.567099567099567
0.567099567099567
0.254251333247855
Gen 83
0.567099567099567
0.498497647290257
0.567099567099567
0.567099567099567
0.567099567099567
0.292691887862323
Gen 84
0.567099567099567
0.485443503367548
0.567099567099567
0.567099567099567
0.567099567099567
0.240475312171486
Gen 85
0.567099567099567
0.4897536859336
0.567099567099567
0.567099567099567
0.567099567099567
0.257716042435695
Gen 86
0.567099567099567
0.483913670880193
0.567099567099567
0.567099567099567
0.567099567099567
0.234355982222069
Gen 87
0.567099567099567
0.501010101018102
0.567099567099567
0.567099567099567
0.567099567099567
0.302741702773703
Gen 88
0.567099567099567
0.484447079500559
0.567099567099567
0.567099567099567
0.567099567099567
0.23648961670353
Gen 89
0.567099567099567
0.487410126116779
0.567099567099567
0.567099567099567
0.567099567099567
0.248341803168412
Gen 90
0.567099567099567
0.484983248646423
0.567099567099567
0.567099567099567
0.567099567099567
0.238634293286989
Gen 91
0.567099567099567
0.488145053023619
0.567099567099567
0.567099567099567
0.567099567099567
0.251281510795772
Gen 92
0.567099567099567
0.501233076110642
0.567099567099567
0.567099567099567
0.567099567099567
0.303633603143864
Gen 93
0.567099567099567
0.512092477579739
0.567099567099567
0.567099567099567
0.567099567099567
0.347071209020252
Gen 94
0.567099567099567
0.485760963685008
0.567099567099567
0.567099567099567
0.567099567099567
0.241745153441327
Gen 95
0.567099567099567
0.461448146068843
0.567099567099567
0.567099567099567
0.567099567099567
0.144493882976666
Gen 96
0.567099567099567
0.473097810415159
0.567099567099567
0.567099567099567
0.567099567099567
0.191092540361932
Gen 97
0.567099567099567
0.487630215207433
0.567099567099567
0.567099567099567
0.567099567099567
0.249222159531029
Gen 98
0.567099567099567
0.483549783562784
0.567099567099567
0.567099567099567
0.567099567099567
0.232900432952433
Gen 99
0.567099567099567
0.493419913431914
0.567099567099567
0.567099567099567
0.567099567099567
0.272380952428952
Gen 100
0.567099567099567
0.496915615795182
0.567099567099567
0.567099567099567
0.567099567099567
0.286363761882023
Gen 101
0.567099567099567
0.492461634989375
0.567099567099567
0.567099567099567
0.567099567099567
0.268547838658795
Gen 102
0.567099567099567
0.512766923905359
0.567099567099567
0.567099567099567
0.567099567099567
0.349768994322733
Gen 103
0.567099567099567
0.51166572558477
0.567099567099567
0.567099567099567
0.567099567099567
0.345364201040375
Gen 104
0.567099567099567
0.506128615354007
0.567099567099567
0.567099567099567
0.567099567099567
0.323215760117325
Gen 105
0.567099567099567
0.515627705635706
0.567099567099567
0.567099567099567
0.567099567099567
0.361212121244121
Gen 106
0.567099567099567
0.516536796543797
0.567099567099567
0.567099567099567
0.567099567099567
0.364848484876485
Gen 107
0.567099567099567
0.506228245193768
0.567099567099567
0.567099567099567
0.567099567099567
0.323614279476366
Gen 108
0.647342995169082
0.516240291115857
0.570309304222348
0.567099567099567
0.567099567099567
0.360452726041943
Gen 109
0.647342995169082
0.523487420797769
0.573519041345129
0.567099567099567
0.567099567099567
0.386231507646812
Gen 110
0.647342995169082
0.540719994985865
0.57993851559069
0.567099567099567
0.567099567099567
0.448742330153635
Gen 111
0.647342995169082
0.536433527829833
0.586553234205409
0.567099567099567
0.567099567099567
0.424981742914786
Gen 112
0.662337662337662
0.564030491249883
0.603396950875212
0.567099567099567
0.567099567099567
0.518525879925185
Gen 113
0.662337662337662
0.54850542694221
0.620435911914173
0.567099567099567
0.567099567099567
0.439386661655531
Gen 114
0.662337662337662
0.540087709398058
0.649142355229312
0.575040341301211
0.567099567099567
0.369068573962139
Gen 115
0.662337662337662
0.553076102648321
0.649742141916055
0.616181190789887
0.567099567099567
0.379281510787772
Gen 116
0.662337662337662
0.580330635554028
0.650941715289541
0.647342995169082
0.597345881171969
0.425691950585516
Gen 117
0.662337662337662
0.59195570613362
0.653340862036514
0.647342995169082
0.644839952318213
0.422299015010667
Gen 118
0.662337662337662
0.582421983819289
0.657094171528954
0.647342995169082
0.647342995169082
0.377907773410034
Gen 119
0.662337662337662
0.582499780418825
0.662337662337662
0.647497584541063
0.647342995169082
0.372820879627488
Gen 120
0.662337662337662
0.574283581160147
0.662337662337662
0.65454043541
0.647342995169082
0.33291323172384
Gen 121
0.662337662337662
0.555055398718573
0.662337662337662
0.662337662337662
0.647710897797854
0.247835372401111
Gen 122
0.662337662337662
0.528891774902775
0.662337662337662
0.662337662337662
0.64324788255223
0.147643892383545
Gen 123
0.662337662337662
0.537096179197136
0.662337662337662
0.662337662337662
0.655916180437919
0.167793211675299
Gen 124
0.662337662337662
0.557251521437435
0.662337662337662
0.662337662337662
0.660479578392622
0.243851182681791
Gen 125
0.662337662337662
0.559249513782253
0.662337662337662
0.662337662337662
0.661679151766108
0.250643578687579
Gen 126
0.662337662337662
0.591652926791362
0.662337662337662
0.662337662337662
0.662337662337662
0.379598720152459
Gen 127
0.662337662337662
0.586372419857681
0.662337662337662
0.662337662337662
0.662220214568041
0.358594140187358
Gen 128
0.662337662337662
0.583903256172126
0.662337662337662
0.662337662337662
0.662181567225046
0.348756132788133
Gen 129
0.662337662337662
0.59450028233237
0.662337662337662
0.662337662337662
0.662337662337662
0.39098814231649
Gen 130
0.662337662337662
0.585825459570591
0.662337662337662
0.662337662337662
0.662337662337662
0.356288851269373
Gen 131
0.662337662337662
0.587591191425279
0.662337662337662
0.662337662337662
0.662337662337662
0.363351778688126
Gen 132
0.662337662337662
0.581840767937725
0.662337662337662
0.662337662337662
0.662337662337662
0.340350084737911
Gen 133
0.662337662337662
0.603876278319061
0.662337662337662
0.662337662337662
0.662337662337662
0.428492126263257
Gen 134
0.662337662337662
0.591758956027826
0.662337662337662
0.662337662337662
0.662337662337662
0.380022837098315
Gen 135
0.662337662337662
0.594161239734458
0.662337662337662
0.662337662337662
0.662337662337662
0.389631971924841
Gen 136
0.662337662337662
0.574314072410029
0.662337662337662
0.662337662337662
0.662337662337662
0.310243302627129
Gen 137
0.662337662337662
0.58709090909991
0.662337662337662
0.662337662337662
0.662337662337662
0.361350649386649
Gen 138
0.662337662337662
0.607350398398877
0.662337662337662
0.662337662337662
0.662337662337662
0.44238860658252
Gen 139
0.662337662337662
0.594558629781022
0.662337662337662
0.662337662337662
0.662337662337662
0.391221532111097
Gen 140
0.662337662337662
0.598185331581636
0.662337662337662
0.662337662337662
0.662337662337662
0.405728339313557
Gen 141
0.662337662337662
0.608748227620793
0.662337662337662
0.662337662337662
0.662337662337662
0.447979923470184
Gen 142
0.662337662337662
0.608945730602905
0.662337662337662
0.662337662337662
0.662337662337662
0.448769935398631
Gen 143
0.662337662337662
0.573905138346921
0.662337662337662
0.662337662337662
0.662337662337662
0.308607566374697
Gen 144
0.662337662337662
0.574510069650505
0.662337662337662
0.662337662337662
0.662337662337662
0.311027291589031
Gen 145
0.662337662337662
0.555651170094953
0.662337662337662
0.662337662337662
0.662337662337662
0.235591693366824
Gen 146
0.662337662337662
0.541308865059996
0.662337662337662
0.662337662337662
0.662337662337662
0.178222473226995
Gen 147
0.662337662337662
0.540844344073736
0.662337662337662
0.662337662337662
0.662337662337662
0.176364389281954
Gen 148
0.662337662337662
0.532149444775141
0.662337662337662
0.662337662337662
0.662337662337662
0.141584792087575
Gen 149
0.662337662337662
0.54812372170194
0.662337662337662
0.662337662337662
0.662337662337662
0.205481899794769
Gen 150
0.662337662337662
0.546423866000084
0.662337662337662
0.662337662337662
0.662337662337662
0.198682476987347
Gen 151
0.662337662337662
0.554114561778736
0.662337662337662
0.662337662337662
0.662337662337662
0.229445260101956
Gen 152
0.662337662337662
0.579301210877429
0.662337662337662
0.662337662337662
0.662337662337662
0.330191856496726
Gen 153
0.662337662337662
0.575129681922291
0.662337662337662
0.662337662337662
0.662337662337662
0.313505740676175
Gen 154
0.662337662337662
0.58586774578879
0.662337662337662
0.662337662337662
0.662337662337662
0.35645799614217
Gen 155
0.662337662337662
0.573291298083907
0.662337662337662
0.662337662337662
0.662337662337662
0.30615220532264
Gen 156
0.662337662337662
0.557834995935953
0.662337662337662
0.662337662337662
0.662337662337662
0.244326996730823
Gen 157
0.662337662337662
0.554350837578229
0.662337662337662
0.662337662337662
0.662337662337662
0.230390363299928
Gen 158
0.662337662337662
0.57401995107143
0.662337662337662
0.662337662337662
0.662337662337662
0.30906681727273
Gen 159
0.662337662337662
0.571601606133346
0.662337662337662
0.662337662337662
0.662337662337662
0.299393437520394
Gen 160
0.662337662337662
0.586366396894137
0.662337662337662
0.662337662337662
0.662337662337662
0.358452600563557
Gen 161
0.662337662337662
0.584859903388643
0.662337662337662
0.662337662337662
0.662337662337662
0.352426626541583
Gen 162
0.662337662337662
0.636390488740315
0.662337662337662
0.662337662337662
0.662337662337662
0.558548967948272
Gen 163
0.662337662337662
0.606212309435701
0.662337662337662
0.662337662337662
0.662337662337662
0.437836250729816
Gen 164
0.662337662337662
0.612915113877636
0.662337662337662
0.662337662337662
0.662337662337662
0.464647468497555
Gen 165
0.662337662337662
0.579715415027763
0.662337662337662
0.662337662337662
0.662337662337662
0.331848673098064
Gen 166
0.662337662337662
0.590391241614633
0.662337662337662
0.662337662337662
0.662337662337662
0.374551979445545
Gen 167
0.662337662337662
0.560961917322744
0.662337662337662
0.662337662337662
0.662337662337662
0.256834682277987
Gen 168
0.662337662337662
0.593339732738038
0.662337662337662
0.662337662337662
0.662337662337662
0.386345943939161
Gen 169
0.662337662337662
0.594159984947594
0.662337662337662
0.662337662337662
0.662337662337662
0.389626952777388
Gen 170
0.662337662337662
0.582887257677867
0.662337662337662
0.662337662337662
0.662337662337662
0.344536043698479
Gen 171
0.662337662337662
0.561385030438509
0.662337662337662
0.662337662337662
0.662278938452852
0.258585858625859
Gen 172
0.662337662337662
0.586562143176839
0.662337662337662
0.662337662337662
0.662337662337662
0.359235585694368
Gen 173
0.662337662337662
0.58201066567184
0.662337662337662
0.662337662337662
0.662337662337662
0.341029675674371
Gen 174
0.662337662337662
0.587848171162519
0.662337662337662
0.662337662337662
0.662337662337662
0.364379697637089
Gen 175
0.662337662337662
0.56620616099977
0.662337662337662
0.662337662337662
0.662337662337662
0.277811656986092
Gen 176
0.662337662337662
0.573712654504264
0.662337662337662
0.662337662337662
0.662337662337662
0.307837631004066
Gen 177
0.662337662337662
0.600006022968545
0.662337662337662
0.662337662337662
0.662337662337662
0.413011104861192
Gen 178
0.662337662337662
0.583549281644239
0.662337662337662
0.662337662337662
0.662337662337662
0.347184139563966
Gen 179
0.662337662337662
0.567391555317599
0.662337662337662
0.662337662337662
0.662337662337662
0.282553234257408
Gen 180
0.662337662337662
0.562443315146968
0.662337662337662
0.662337662337662
0.662337662337662
0.262760273574882
Gen 181
0.662337662337662
0.564591128688086
0.662337662337662
0.662337662337662
0.662337662337662
0.271351527739354
Gen 182
0.662337662337662
0.569713658333355
0.662337662337662
0.662337662337662
0.662337662337662
0.291841646320429
Gen 183
0.662337662337662
0.574224229887404
0.662337662337662
0.662337662337662
0.662337662337662
0.309883932536628
Gen 184
0.662337662337662
0.561301712791974
0.662337662337662
0.662337662337662
0.662337662337662
0.258193864154908
Gen 185
0.662337662337662
0.561468724525203
0.662337662337662
0.662337662337662
0.662337662337662
0.258861911087824
Gen 186
0.662337662337662
0.586368530028704
0.662337662337662
0.662337662337662
0.662337662337662
0.358461133101829
Gen 187
0.662337662337662
0.614375807771113
0.662337662337662
0.662337662337662
0.662337662337662
0.470490244071461
Gen 188
0.662337662337662
0.593945667863712
0.662337662337662
0.662337662337662
0.662337662337662
0.388769684441858
Gen 189
0.662337662337662
0.584829286660374
0.662337662337662
0.662337662337662
0.662337662337662
0.352304159628507
Gen 190
0.662337662337662
0.613229813667597
0.662337662337662
0.662337662337662
0.662337662337662
0.465906267657398
Gen 191
0.662337662337662
0.588210176302133
0.662337662337662
0.662337662337662
0.662337662337662
0.365827718195544
Gen 192
0.662337662337662
0.59946470920884
0.662337662337662
0.662337662337662
0.662337662337662
0.410845849822371
Gen 193
0.662337662337662
0.603088525008569
0.662337662337662
0.662337662337662
0.662337662337662
0.425341113021287
Gen 194
0.662337662337662
0.617309868881087
0.662337662337662
0.662337662337662
0.662337662337662
0.482226488511358
Gen 195
0.662337662337662
0.584580713979019
0.662337662337662
0.662337662337662
0.662337662337662
0.351309868903086
Gen 196
0.662337662337662
0.616594516598517
0.662337662337662
0.662337662337662
0.662337662337662
0.479365079381079
Gen 197
0.662337662337662
0.621486793404837
0.662337662337662
0.662337662337662
0.662337662337662
0.49893418660636
Gen 198
0.662337662337662
0.60995570613462
0.662337662337662
0.662337662337662
0.662337662337662
0.45280983752549
Gen 199
0.662337662337662
0.612973963237833
0.662337662337662
0.662337662337662
0.662337662337662
0.464882865938344
Gen 200
0.662337662337662
0.608650479958828
0.662337662337662
0.662337662337662
0.662337662337662
0.447588932822324
Gen 201
0.662337662337662
0.625794717363935
0.662337662337662
0.662337662337662
0.662337662337662
0.516165882442752
Gen 202
0.662337662337662
0.589722316338013
0.662337662337662
0.662337662337662
0.662337662337662
0.371876278339061
Gen 203
0.662337662337662
0.578726645346342
0.662337662337662
0.662337662337662
0.662337662337662
0.327893594372377
Gen 204
0.662337662337662
0.611084886134365
0.662337662337662
0.662337662337662
0.662337662337662
0.457326557524471
Gen 205
0.662337662337662
0.592142919887051
0.662337662337662
0.662337662337662
0.662337662337662
0.381558692535214
Gen 206
0.662337662337662
0.59097408872122
0.662337662337662
0.662337662337662
0.662337662337662
0.37688336787189
Gen 207
0.662337662337662
0.614861409128279
0.662337662337662
0.662337662337662
0.662337662337662
0.472432649500128
Gen 208
0.662337662337662
0.596843465721031
0.662337662337662
0.662337662337662
0.662337662337662
0.400360875871137
Gen 209
0.662337662337662
0.590709203848639
0.662337662337662
0.662337662337662
0.662337662337662
0.375823828381567
Gen 210
0.662337662337662
0.601121525822178
0.662337662337662
0.662337662337662
0.662337662337662
0.417473116275725
Gen 211
0.662337662337662
0.60159972395455
0.662337662337662
0.662337662337662
0.662337662337662
0.419385908805213
Gen 212
0.662337662337662
0.603621431713389
0.662337662337662
0.662337662337662
0.662337662337662
0.427472739840566
Gen 213
0.662337662337662
0.625734613217874
0.662337662337662
0.662337662337662
0.662337662337662
0.515925465858509
Gen 214
0.662337662337662
0.613329318030971
0.662337662337662
0.662337662337662
0.662337662337662
0.466304285110894
Gen 215
0.662337662337662
0.593443879798706
0.662337662337662
0.662337662337662
0.662337662337662
0.386762532181837
Gen 216
0.662337662337662
0.581103456937544
0.662337662337662
0.662337662337662
0.662337662337662
0.337400840737189
Gen 217
0.662337662337662
0.572587113379722
0.662337662337662
0.662337662337662
0.662337662337662
0.303335466505901
Gen 218
0.662337662337662
0.560663780673781
0.662337662337662
0.662337662337662
0.662337662337662
0.255642135682136
Gen 219
0.662337662337662
0.576725516038864
0.662337662337662
0.662337662337662
0.662337662337662
0.319889077142468
Gen 220
0.662337662337662
0.557947048132962
0.662337662337662
0.662337662337662
0.662337662337662
0.244775205518858
Gen 221
0.662337662337662
0.570237279637584
0.662337662337662
0.662337662337662
0.662337662337662
0.293936131537349
Gen 222
0.662337662337662
0.570770939215722
0.662337662337662
0.662337662337662
0.662337662337662
0.2960707698499
Gen 223
0.662337662337662
0.544342681483117
0.662337662337662
0.662337662337662
0.659520923520924
0.193174477736217
Gen 224
0.662337662337662
0.537291674523066
0.662337662337662
0.662337662337662
0.662337662337662
0.162153711079276
Gen 225
0.662337662337662
0.532773699746222
0.662337662337662
0.662337662337662
0.662317585795847
0.144101888513715
Gen 226
0.662337662337662
0.539575883069145
0.662337662337662
0.662337662337662
0.662337662337662
0.171290545263589
Gen 227
0.662337662337662
0.562693770011118
0.662337662337662
0.662337662337662
0.662337662337662
0.263762093031484
Gen 228
0.662337662337662
0.629391304349826
0.662337662337662
0.662337662337662
0.662337662337662
0.530552230386317
Gen 229
0.662337662337662
0.626996298391603
0.662337662337662
0.662337662337662
0.662337662337662
0.520972206553424
Gen 230
0.662337662337662
0.586142167016733
0.662337662337662
0.662337662337662
0.662337662337662
0.357555681053942
Gen 231
0.662337662337662
0.581766108294848
0.662337662337662
0.662337662337662
0.662337662337662
0.340051446166403
Gen 232
0.662337662337662
0.559313005842745
0.662337662337662
0.662337662337662
0.662337662337662
0.250239036357993
Gen 233
0.662337662337662
0.582687370607414
0.662337662337662
0.662337662337662
0.662337662337662
0.343736495416669
Gen 234
0.662337662337662
0.595864357872358
0.662337662337662
0.662337662337662
0.662337662337662
0.396444444476445
Gen 235
0.662337662337662
0.573947550044507
0.662337662337662
0.662337662337662
0.662337662337662
0.308777213165039
Gen 236
0.662337662337662
0.558941213386997
0.662337662337662
0.662337662337662
0.662337662337662
0.248751866534997
Gen 237
0.662337662337662
0.584669176244394
0.662337662337662
0.662337662337662
0.662337662337662
0.351663717964587
Gen 238
0.662337662337662
0.560943597473337
0.662337662337662
0.662337662337662
0.662337662337662
0.256761402880359
Gen 239
0.662337662337662
0.575102955026999
0.662337662337662
0.662337662337662
0.662337662337662
0.313398833095007
Gen 240
0.662337662337662
0.601882426759992
0.662337662337662
0.662337662337662
0.662337662337662
0.420516720026981
Gen 241
0.662337662337662
0.605299328695634
0.662337662337662
0.662337662337662
0.662337662337662
0.434184327769545
Gen 242
0.662337662337662
0.590387602743429
0.662337662337662
0.662337662337662
0.662337662337662
0.374537423960728
Gen 243
0.662337662337662
0.563380638694987
0.662337662337662
0.662337662337662
0.662337662337662
0.266509567766959
Gen 244
0.662337662337662
0.574233515287994
0.662337662337662
0.662337662337662
0.662337662337662
0.309921074138987
Gen 245
0.662337662337662
0.580233389810608
0.662337662337662
0.662337662337662
0.662337662337662
0.333920572229442
Gen 246
0.662337662337662
0.568335403734709
0.662337662337662
0.662337662337662
0.662337662337662
0.286328627925845
Gen 247
0.662337662337662
0.579266202403638
0.662337662337662
0.662337662337662
0.662337662337662
0.330051822601562
Gen 248
0.662337662337662
0.555879289804334
0.662337662337662
0.662337662337662
0.662240291109856
0.236601543432152
Gen 249
0.662337662337662
0.56075487798627
0.662337662337662
0.662337662337662
0.662337662337662
0.25600652493209
Gen 250
0.662337662337662
0.542542819514342
0.662337662337662
0.662337662337662
0.662317585795847
0.183178367586194
Gen 251
0.662337662337662
0.556733421176204
0.662337662337662
0.662337662337662
0.662337662337662
0.239920697691828
Gen 252
0.662337662337662
0.539373486430965
0.662337662337662
0.662337662337662
0.662317585795847
0.170501035252687
Gen 253
0.662337662337662
0.564697534361709
0.662337662337662
0.662337662337662
0.662337662337662
0.271777150433846
Gen 254
0.662337662337662
0.553225798368234
0.662337662337662
0.662337662337662
0.662337662337662
0.225890206459946
Gen 255
0.662337662337662
0.558166509828684
0.662337662337662
0.662337662337662
0.662337662337662
0.245653052301748
Gen 256
0.662337662337662
0.579723947560035
0.662337662337662
0.662337662337662
0.662337662337662
0.331882803227151
Gen 257
0.662337662337662
0.577094046058568
0.662337662337662
0.662337662337662
0.662337662337662
0.321363197221284
Gen 258
0.662337662337662
0.580995671005672
0.662337662337662
0.662337662337662
0.662337662337662
0.336969697009697
Gen 259
0.662337662337662
0.596553610647568
0.662337662337662
0.662337662337662
0.662337662337662
0.399201455577282
Gen 260
0.662337662337662
0.60281636238758
0.662337662337662
0.662337662337662
0.662337662337662
0.424252462537332
Gen 261
0.662337662337662
0.587505364210017
0.662337662337662
0.662337662337662
0.662337662337662
0.363008469827079
Gen 262
0.662337662337662
0.585495200457723
0.662337662337662
0.662337662337662
0.662337662337662
0.354967814817902
Gen 263
0.662337662337662
0.596369157418636
0.662337662337662
0.662337662337662
0.662337662337662
0.398463642661556
Gen 264
0.662337662337662
0.591196185465056
0.662337662337662
0.662337662337662
0.662337662337662
0.377771754847233
Gen 265
0.662337662337662
0.585581780549303
0.662337662337662
0.662337662337662
0.662337662337662
0.355314135184222
Gen 266
0.662337662337662
0.555862852133722
0.662337662337662
0.662337662337662
0.662337662337662
0.2364384215219
Gen 267
0.662337662337662
0.568263002707786
0.662337662337662
0.662337662337662
0.662337662337662
0.286039023818154
Gen 268
0.662337662337662
0.599897609644741
0.662337662337662
0.662337662337662
0.662337662337662
0.412577451565973
Gen 269
0.662337662337662
0.585926720630373
0.662337662337662
0.662337662337662
0.662337662337662
0.356693895508504
Gen 270
0.662337662337662
0.584359495585887
0.662337662337662
0.662337662337662
0.662337662337662
0.350424995330561
Gen 271
0.662337662337662
0.579078737694434
0.662337662337662
0.662337662337662
0.662337662337662
0.329301963764746
Gen 272
0.662337662337662
0.53314072402629
0.662337662337662
0.662337662337662
0.662337662337662
0.14554990909217
Gen 273
0.662337662337662
0.52811443630335
0.662337662337662
0.662337662337662
0.662317585795847
0.125464834742226
Gen 274
0.662337662337662
0.573739506876942
0.662337662337662
0.662337662337662
0.662337662337662
0.30794504049478
Gen 275
0.662337662337662
0.574620239672718
0.662337662337662
0.662337662337662
0.662337662337662
0.311467971677885
Gen 276
0.662337662337662
0.61398695025382
0.662337662337662
0.662337662337662
0.662337662337662
0.468934814002292
Gen 277
0.662337662337662
0.5706957776603
0.662337662337662
0.662337662337662
0.662337662337662
0.295770123628211
Gen 278
0.662337662337662
0.569263316402752
0.662337662337662
0.662337662337662
0.662337662337662
0.290040278598018
Gen 279
0.662337662337662
0.583437103966844
0.662337662337662
0.662337662337662
0.662337662337662
0.346735428854385
Gen 280
0.662337662337662
0.580554865433431
0.662337662337662
0.662337662337662
0.662337662337662
0.335206474720736
Gen 281
0.662337662337662
0.560722002646047
0.662337662337662
0.662337662337662
0.662337662337662
0.255875023571198
Gen 282
0.662337662337662
0.559987828608525
0.662337662337662
0.662337662337662
0.662337662337662
0.25293832742111
Gen 283
0.662337662337662
0.562605558703516
0.662337662337662
0.662337662337662
0.662337662337662
0.263409247801074
Gen 284
0.662337662337662
0.553844406812929
0.662337662337662
0.662337662337662
0.662337662337662
0.228364640238727
Gen 285
0.662337662337662
0.588563523441089
0.662337662337662
0.662337662337662
0.662337662337662
0.367241106751368
Gen 286
0.662337662337662
0.582284334028465
0.662337662337662
0.662337662337662
0.662337662337662
0.342124349100871
Gen 287
0.662337662337662
0.577952067264416
0.662337662337662
0.662337662337662
0.662337662337662
0.324795282044673
Gen 288
0.662337662337662
0.555101951200908
0.662337662337662
0.662337662337662
0.662337662337662
0.233394817790644
Gen 289
0.662337662337662
0.553125917572701
0.662337662337662
0.662337662337662
0.662337662337662
0.225490683277814
Gen 290
0.662337662337662
0.555838132895612
0.662337662337662
0.662337662337662
0.662337662337662
0.236339544569458
Gen 291
0.662337662337662
0.582452600549558
0.662337662337662
0.662337662337662
0.662337662337662
0.342797415185241
Gen 292
0.662337662337662
0.592134763795938
0.662337662337662
0.662337662337662
0.662337662337662
0.381526068170764
Gen 293
0.662337662337662
0.571438233274321
0.662337662337662
0.662337662337662
0.662337662337662
0.298739946084294
Gen 294
0.662337662337662
0.572545078118296
0.662337662337662
0.662337662337662
0.662337662337662
0.303167325460195
Gen 295
0.662337662337662
0.597705627712628
0.662337662337662
0.662337662337662
0.662337662337662
0.403809523837524
Gen 296
0.662337662337662
0.590216450226451
0.662337662337662
0.662337662337662
0.662337662337662
0.373852813892814
Gen 297
0.662337662337662
0.577316017327018
0.662337662337662
0.662337662337662
0.662337662337662
0.322251082295082
Gen 298
0.662337662337662
0.563678524386177
0.662337662337662
0.662337662337662
0.662337662337662
0.267701110531719
Gen 299
0.662337662337662
0.588658887016714
0.662337662337662
0.662337662337662
0.662337662337662
0.367622561053865
Gen 300
0.662337662337662
0.574358617235183
0.662337662337662
0.662337662337662
0.662337662337662
0.310421481927743
Gen 301
0.662337662337662
0.544613212886083
0.662337662337662
0.662337662337662
0.662337662337662
0.191439864531343
Gen 302
0.662337662337662
0.557947424569121
0.662337662337662
0.662337662337662
0.662337662337662
0.244776711263494
Gen 303
0.662337662337662
0.551403350282916
0.662337662337662
0.662337662337662
0.662337662337662
0.218600414118675
Gen 304
0.662337662337662
0.575772758648324
0.662337662337662
0.662337662337662
0.662337662337662
0.316078047580308
Gen 305
0.662337662337662
0.603856829166178
0.662337662337662
0.662337662337662
0.662337662337662
0.428414329651721
Gen 306
0.662337662337662
0.627472237911021
0.662337662337662
0.662337662337662
0.662337662337662
0.522875964631095
Gen 307
0.662337662337662
0.635857832991268
0.662337662337662
0.662337662337662
0.662337662337662
0.556418344952084
Gen 308
0.662337662337662
0.608036890650587
0.662337662337662
0.662337662337662
0.662337662337662
0.445134575589358
Gen 309
0.662337662337662
0.606237530590357
0.662337662337662
0.662337662337662
0.662337662337662
0.43793713534844
Gen 310
0.662337662337662
0.58167087019961
0.662337662337662
0.662337662337662
0.662337662337662
0.33967049378545
Gen 311
0.662337662337662
0.587765857339075
0.662337662337662
0.662337662337662
0.662337662337662
0.364050442343312
Gen 312
0.662337662337662
0.592543070463114
0.662337662337662
0.662337662337662
0.662337662337662
0.383159294839469
Gen 313
0.662337662337662
0.582301650050781
0.662337662337662
0.662337662337662
0.662337662337662
0.342193613190135
Gen 314
0.662337662337662
0.589276366153932
0.662337662337662
0.662337662337662
0.662337662337662
0.370092477602739
Gen 315
0.662337662337662
0.586089466097467
0.662337662337662
0.662337662337662
0.662337662337662
0.357344877376877
Gen 316
0.662337662337662
0.596904950130342
0.662337662337662
0.662337662337662
0.662337662337662
0.400606813508379
Gen 317
0.662337662337662
0.610087082005126
0.662337662337662
0.662337662337662
0.662337662337662
0.453335341007515
Gen 318
0.662337662337662
0.627543258676694
0.662337662337662
0.662337662337662
0.662337662337662
0.523160047693787
Gen 319
0.662337662337662
0.598537298453342
0.662337662337662
0.662337662337662
0.662337662337662
0.407136206800381
Gen 320
0.662337662337662
0.571633854079637
0.662337662337662
0.662337662337662
0.662337662337662
0.29952242930556
Gen 321
0.662337662337662
0.566694020963891
0.662337662337662
0.662337662337662
0.662337662337662
0.279763096842575
Gen 322
0.662337662337662
0.554043917447222
0.662337662337662
0.662337662337662
0.662337662337662
0.2291626827759
Gen 323
0.662337662337662
0.572932680856725
0.662337662337662
0.662337662337662
0.662337662337662
0.30471773641391
Gen 324
0.662337662337662
0.587896856774422
0.662337662337662
0.662337662337662
0.662337662337662
0.364574440084701
Gen 325
0.662337662337662
0.563431959354003
0.662337662337662
0.662337662337662
0.662337662337662
0.266714850403024
Gen 326
0.662337662337662
0.564843716682804
0.662337662337662
0.662337662337662
0.662337662337662
0.272361879718227
Gen 327
0.662337662337662
0.543700985019333
0.662337662337662
0.662337662337662
0.662337662337662
0.187790953064344
Gen 328
0.662337662337662
0.557992973220365
0.662337662337662
0.662337662337662
0.662337662337662
0.244958905868471
Gen 329
0.662337662337662
0.560360750373751
0.662337662337662
0.662337662337662
0.662337662337662
0.254430014482014
Gen 330
0.662337662337662
0.536342806967503
0.662337662337662
0.662337662337662
0.662337662337662
0.158358240857023
Gen 331
0.662337662337662
0.560940711471451
0.662337662337662
0.662337662337662
0.662337662337662
0.256749858872815
Gen 332
0.662337662337662
0.53092289354659
0.662337662337662
0.662337662337662
0.662337662337662
0.13667858717337
Gen 333
0.662337662337662
0.575355919453876
0.662337662337662
0.662337662337662
0.662337662337662
0.314410690802517
Gen 334
0.662337662337662
0.614749858841816
0.662337662337662
0.662337662337662
0.662337662337662
0.471986448354274
Gen 335
0.662337662337662
0.602530020709934
0.662337662337662
0.662337662337662
0.662337662337662
0.423107095826748
Gen 336
0.662337662337662
0.591361691454648
0.662337662337662
0.662337662337662
0.662337662337662
0.378433778805605
Gen 337
0.662337662337662
0.589199698861873
0.662337662337662
0.662337662337662
0.662337662337662
0.369785808434504
Gen 338
0.662337662337662
0.615989585298934
0.662337662337662
0.662337662337662
0.662337662337662
0.476945354182746
Gen 339
0.662337662337662
0.642537298451342
0.662337662337662
0.662337662337662
0.662337662337662
0.583136206792381
Gen 340
0.662337662337662
0.611827341744386
0.662337662337662
0.662337662337662
0.662337662337662
0.460296379964554
Gen 341
0.662337662337662
0.600578580842451
0.662337662337662
0.662337662337662
0.662337662337662
0.415301336356815
Gen 342
0.662337662337662
0.585078486738661
0.662337662337662
0.662337662337662
0.662337662337662
0.353300959941656
Gen 343
0.662337662337662
0.575511387173562
0.662337662337662
0.662337662337662
0.662337662337662
0.315032561681257
Gen 344
0.662337662337662
0.579078737696434
0.662337662337662
0.662337662337662
0.662337662337662
0.329301963772746
Gen 345
0.662337662337662
0.601726833559921
0.662337662337662
0.662337662337662
0.662337662337662
0.419894347226695
Gen 346
0.662337662337662
0.590503921207574
0.662337662337662
0.662337662337662
0.662337662337662
0.375002697817306
Gen 347
0.662337662337662
0.581699228317924
0.662337662337662
0.662337662337662
0.662337662337662
0.339783926258709
Gen 348
0.662337662337662
0.564611958100219
0.662337662337662
0.662337662337662
0.662337662337662
0.271434845387889
Gen 349
0.662337662337662
0.572047054404881
0.662337662337662
0.662337662337662
0.662337662337662
0.301175230606535
Gen 350
0.662337662337662
0.583734111309329
0.662337662337662
0.662337662337662
0.662337662337662
0.347923458224328
Gen 351
0.662337662337662
0.581617290928639
0.662337662337662
0.662337662337662
0.662337662337662
0.339456176701568
Gen 352
0.662337662337662
0.583861095431313
0.662337662337662
0.662337662337662
0.662337662337662
0.348431394712264
Gen 353
0.662337662337662
0.589785808400504
0.662337662337662
0.662337662337662
0.662337662337662
0.372130246589029
Gen 354
0.662337662337662
0.598124349087871
0.662337662337662
0.662337662337662
0.662337662337662
0.405484409338496
Gen 355
0.662337662337662
0.578906079436819
0.662337662337662
0.662337662337662
0.662337662337662
0.328611330734287
Gen 356
0.662337662337662
0.604474559264168
0.662337662337662
0.662337662337662
0.662337662337662
0.430885250043685
Gen 357
0.662337662337662
0.569523056662492
0.662337662337662
0.662337662337662
0.662337662337662
0.291079239636979
Gen 358
0.662337662337662
0.571019009985532
0.662337662337662
0.662337662337662
0.662337662337662
0.29706305292914
Gen 359
0.662337662337662
0.578432022090196
0.662337662337662
0.662337662337662
0.662337662337662
0.326715101347797
Gen 360
0.662337662337662
0.590223978927632
0.662337662337662
0.662337662337662
0.662337662337662
0.373882928697537
Gen 361
0.662337662337662
0.580965807150721
0.662337662337662
0.662337662337662
0.662337662337662
0.336850241589894
Gen 362
0.662337662337662
0.584213062308019
0.662337662337662
0.662337662337662
0.662337662337662
0.349839262219088
Gen 363
0.662337662337662
0.55870882741348
0.662337662337662
0.662337662337662
0.662337662337662
0.247822322640931
Gen 364
0.662337662337662
0.568191354550181
0.662337662337662
0.662337662337662
0.662337662337662
0.285752431187736
Gen 365
0.662337662337662
0.552518351226004
0.662337662337662
0.662337662337662
0.662317585795847
0.223080494432842
Gen 366
0.662337662337662
0.567821946180773
0.662337662337662
0.662337662337662
0.662337662337662
0.284274797710102
Gen 367
0.662337662337662
0.561821193307455
0.662337662337662
0.662337662337662
0.662337662337662
0.26027178621683
Gen 368
0.662337662337662
0.539294435044566
0.662337662337662
0.662337662337662
0.662337662337662
0.170164753165275
Gen 369
0.662337662337662
0.516308676846416
0.662337662337662
0.662337662337662
0.65889503732982
0.0816643453805192
Gen 370
0.662337662337662
0.524915113884636
0.662337662337662
0.662337662337662
0.660788757136583
0.114196373726635
Gen 371
0.662337662337662
0.588108036899646
0.662337662337662
0.662337662337662
0.662337662337662
0.365419160585595
Gen 372
0.662337662337662
0.576133007099529
0.662337662337662
0.662337662337662
0.662337662337662
0.317519041385128
Gen 373
0.662337662337662
0.575484032886338
0.662337662337662
0.662337662337662
0.662337662337662
0.314923144532362
Gen 374
0.662337662337662
0.58533998369681
0.662337662337662
0.662337662337662
0.662337662337662
0.354346947774252
Gen 375
0.662337662337662
0.563527573886401
0.662337662337662
0.662337662337662
0.662337662337662
0.267097308532613
