Gen 1
0,103896103896104
0,063768115942029
0,0476190476190476
0,0476190476190476
0,0173160173160173
0
0
0
0
0
0
0
0
0
0
0
0
0
0
0
Gen 2
0,121212121212121
0,103896103896104
0,103896103896104
0,103896103896104
0,103896103896104
0,103896103896104
0,103896103896104
0,103896103896104
0,103896103896104
0,103896103896104
0,063768115942029
0,063768115942029
0,063768115942029
0,0476190476190476
0,0476190476190476
0,0173160173160173
0
0
0
0
Gen 3
0,121212121212121
0,121212121212121
0,121212121212121
0,121212121212121
0,121212121212121
0,121212121212121
0,121212121212121
0,121212121212121
0,121212121212121
0,121212121212121
0,121212121212121
0,103896103896104
0,103896103896104
0,103896103896104
0,103896103896104
0,103896103896104
0,103896103896104
0,103896103896104
0,103896103896104
0
Gen 4
0,121212121212121
0,121212121212121
0,121212121212121
0,121212121212121
0,121212121212121
0,121212121212121
0,121212121212121
0,121212121212121
0,121212121212121
0,121212121212121
0,121212121212121
0,121212121212121
0,121212121212121
0,121212121212121
0,121212121212121
0,121212121212121
0,121212121212121
0,121212121212121
0,121212121212121
0,0779220779220779
Gen 5
0,121212121212121
0,121212121212121
0,121212121212121
0,121212121212121
0,121212121212121
0,121212121212121
0,121212121212121
0,121212121212121
0,121212121212121
0,121212121212121
0,121212121212121
0,121212121212121
0,121212121212121
0,121212121212121
0,121212121212121
0,121212121212121
0,121212121212121
0,121212121212121
0,121212121212121
0,121212121212121
Gen 6
0,121212121212121
0,121212121212121
0,121212121212121
0,121212121212121
0,121212121212121
0,121212121212121
0,121212121212121
0,121212121212121
0,121212121212121
0,121212121212121
0,121212121212121
0,121212121212121
0,121212121212121
0,121212121212121
0,121212121212121
0,121212121212121
0,121212121212121
0,121212121212121
0,121212121212121
0
Gen 7
0,121212121212121
0,121212121212121
0,121212121212121
0,121212121212121
0,121212121212121
0,121212121212121
0,121212121212121
0,121212121212121
0,121212121212121
0,121212121212121
0,121212121212121
0,121212121212121
0,121212121212121
0,121212121212121
0,121212121212121
0,121212121212121
0,121212121212121
0,121212121212121
0,121212121212121
0,121212121212121
Gen 8
0,121212121212121
0,121212121212121
0,121212121212121
0,121212121212121
0,121212121212121
0,121212121212121
0,121212121212121
0,121212121212121
0,121212121212121
0,121212121212121
0,121212121212121
0,121212121212121
0,121212121212121
0,121212121212121
0,121212121212121
0,121212121212121
0,121212121212121
0,121212121212121
0,121212121212121
0,121212121212121
Gen 9
0,121212121212121
0,121212121212121
0,121212121212121
0,121212121212121
0,121212121212121
0,121212121212121
0,121212121212121
0,121212121212121
0,121212121212121
0,121212121212121
0,121212121212121
0,121212121212121
0,121212121212121
0,121212121212121
0,121212121212121
0,121212121212121
0,121212121212121
0,121212121212121
0,121212121212121
0,121212121212121
Gen 10
0,121212121212121
0,121212121212121
0,121212121212121
0,121212121212121
0,121212121212121
0,121212121212121
0,121212121212121
0,121212121212121
0,121212121212121
0,121212121212121
0,121212121212121
0,121212121212121
0,121212121212121
0,121212121212121
0,121212121212121
0,121212121212121
0,121212121212121
0,121212121212121
0,121212121212121
0
Gen 11
0,121212121212121
0,121212121212121
0,121212121212121
0,121212121212121
0,121212121212121
0,121212121212121
0,121212121212121
0,121212121212121
0,121212121212121
0,121212121212121
0,121212121212121
0,121212121212121
0,121212121212121
0,121212121212121
0,121212121212121
0,121212121212121
0,121212121212121
0,121212121212121
0,121212121212121
0,121212121212121
Gen 12
0,121212121212121
0,121212121212121
0,121212121212121
0,121212121212121
0,121212121212121
0,121212121212121
0,121212121212121
0,121212121212121
0,121212121212121
0,121212121212121
0,121212121212121
0,121212121212121
0,121212121212121
0,121212121212121
0,121212121212121
0,121212121212121
0,121212121212121
0,121212121212121
0,121212121212121
0,051948051948052
Gen 13
0,121212121212121
0,121212121212121
0,121212121212121
0,121212121212121
0,121212121212121
0,121212121212121
0,121212121212121
0,121212121212121
0,121212121212121
0,121212121212121
0,121212121212121
0,121212121212121
0,121212121212121
0,121212121212121
0,121212121212121
0,121212121212121
0,121212121212121
0,121212121212121
0,121212121212121
0,121212121212121
Gen 14
0,121212121212121
0,121212121212121
0,121212121212121
0,121212121212121
0,121212121212121
0,121212121212121
0,121212121212121
0,121212121212121
0,121212121212121
0,121212121212121
0,121212121212121
0,121212121212121
0,121212121212121
0,121212121212121
0,121212121212121
0,121212121212121
0,121212121212121
0,121212121212121
0,121212121212121
0,121212121212121
Gen 15
0,121212121212121
0,121212121212121
0,121212121212121
0,121212121212121
0,121212121212121
0,121212121212121
0,121212121212121
0,121212121212121
0,121212121212121
0,121212121212121
0,121212121212121
0,121212121212121
0,121212121212121
0,121212121212121
0,121212121212121
0,121212121212121
0,121212121212121
0,121212121212121
0,121212121212121
0,00579710144927536
Gen 16
0,121212121212121
0,121212121212121
0,121212121212121
0,121212121212121
0,121212121212121
0,121212121212121
0,121212121212121
0,121212121212121
0,121212121212121
0,121212121212121
0,121212121212121
0,121212121212121
0,121212121212121
0,121212121212121
0,121212121212121
0,121212121212121
0,121212121212121
0,121212121212121
0,121212121212121
0,121212121212121
Gen 17
0,121212121212121
0,121212121212121
0,121212121212121
0,121212121212121
0,121212121212121
0,121212121212121
0,121212121212121
0,121212121212121
0,121212121212121
0,121212121212121
0,121212121212121
0,121212121212121
0,121212121212121
0,121212121212121
0,121212121212121
0,121212121212121
0,121212121212121
0,121212121212121
0,121212121212121
0
Gen 18
0,121212121212121
0,121212121212121
0,121212121212121
0,121212121212121
0,121212121212121
0,121212121212121
0,121212121212121
0,121212121212121
0,121212121212121
0,121212121212121
0,121212121212121
0,121212121212121
0,121212121212121
0,121212121212121
0,121212121212121
0,121212121212121
0,121212121212121
0,121212121212121
0,121212121212121
0,121212121212121
Gen 19
0,121212121212121
0,121212121212121
0,121212121212121
0,121212121212121
0,121212121212121
0,121212121212121
0,121212121212121
0,121212121212121
0,121212121212121
0,121212121212121
0,121212121212121
0,121212121212121
0,121212121212121
0,121212121212121
0,121212121212121
0,121212121212121
0,121212121212121
0,121212121212121
0,121212121212121
0
Gen 20
0,121212121212121
0,121212121212121
0,121212121212121
0,121212121212121
0,121212121212121
0,121212121212121
0,121212121212121
0,121212121212121
0,121212121212121
0,121212121212121
0,121212121212121
0,121212121212121
0,121212121212121
0,121212121212121
0,121212121212121
0,121212121212121
0,121212121212121
0,121212121212121
0,121212121212121
0,121212121212121
Gen 21
0,121212121212121
0,121212121212121
0,121212121212121
0,121212121212121
0,121212121212121
0,121212121212121
0,121212121212121
0,121212121212121
0,121212121212121
0,121212121212121
0,121212121212121
0,121212121212121
0,121212121212121
0,121212121212121
0,121212121212121
0,121212121212121
0,121212121212121
0,121212121212121
0,121212121212121
0,121212121212121
Gen 22
0,121212121212121
0,121212121212121
0,121212121212121
0,121212121212121
0,121212121212121
0,121212121212121
0,121212121212121
0,121212121212121
0,121212121212121
0,121212121212121
0,121212121212121
0,121212121212121
0,121212121212121
0,121212121212121
0,121212121212121
0,121212121212121
0,121212121212121
0,121212121212121
0,121212121212121
0,121212121212121
Gen 23
0,121212121212121
0,121212121212121
0,121212121212121
0,121212121212121
0,121212121212121
0,121212121212121
0,121212121212121
0,121212121212121
0,121212121212121
0,121212121212121
0,121212121212121
0,121212121212121
0,121212121212121
0,121212121212121
0,121212121212121
0,121212121212121
0,121212121212121
0,121212121212121
0
0
Gen 24
0,121212121212121
0,121212121212121
0,121212121212121
0,121212121212121
0,121212121212121
0,121212121212121
0,121212121212121
0,121212121212121
0,121212121212121
0,121212121212121
0,121212121212121
0,121212121212121
0,121212121212121
0,121212121212121
0,121212121212121
0,121212121212121
0,121212121212121
0,121212121212121
0,121212121212121
0
Gen 25
0,121212121212121
0,121212121212121
0,121212121212121
0,121212121212121
0,121212121212121
0,121212121212121
0,121212121212121
0,121212121212121
0,121212121212121
0,121212121212121
0,121212121212121
0,121212121212121
0,121212121212121
0,121212121212121
0,121212121212121
0,121212121212121
0,121212121212121
0,121212121212121
0,121212121212121
0
Gen 26
0,12987012987013
0,121212121212121
0,121212121212121
0,121212121212121
0,121212121212121
0,121212121212121
0,121212121212121
0,121212121212121
0,121212121212121
0,121212121212121
0,121212121212121
0,121212121212121
0,121212121212121
0,121212121212121
0,121212121212121
0,121212121212121
0,121212121212121
0,121212121212121
0,121212121212121
0,121212121212121
Gen 27
0,12987012987013
0,12987012987013
0,12987012987013
0,12987012987013
0,12987012987013
0,12987012987013
0,12987012987013
0,12987012987013
0,12987012987013
0,12987012987013
0,12987012987013
0,12987012987013
0,12987012987013
0,121212121212121
0,121212121212121
0,121212121212121
0,121212121212121
0,121212121212121
0,121212121212121
0,121212121212121
Gen 28
0,12987012987013
0,12987012987013
0,12987012987013
0,12987012987013
0,12987012987013
0,12987012987013
0,12987012987013
0,12987012987013
0,12987012987013
0,12987012987013
0,12987012987013
0,12987012987013
0,12987012987013
0,12987012987013
0,12987012987013
0,12987012987013
0,12987012987013
0,12987012987013
0,12987012987013
0
Gen 29
0,12987012987013
0,12987012987013
0,12987012987013
0,12987012987013
0,12987012987013
0,12987012987013
0,12987012987013
0,12987012987013
0,12987012987013
0,12987012987013
0,12987012987013
0,12987012987013
0,12987012987013
0,12987012987013
0,12987012987013
0,12987012987013
0,12987012987013
0,12987012987013
0,12987012987013
0,12987012987013
Gen 30
0,12987012987013
0,12987012987013
0,12987012987013
0,12987012987013
0,12987012987013
0,12987012987013
0,12987012987013
0,12987012987013
0,12987012987013
0,12987012987013
0,12987012987013
0,12987012987013
0,12987012987013
0,12987012987013
0,12987012987013
0,12987012987013
0,12987012987013
0,12987012987013
0,12987012987013
0
Gen 31
0,12987012987013
0,12987012987013
0,12987012987013
0,12987012987013
0,12987012987013
0,12987012987013
0,12987012987013
0,12987012987013
0,12987012987013
0,12987012987013
0,12987012987013
0,12987012987013
0,12987012987013
0,12987012987013
0,12987012987013
0,12987012987013
0,12987012987013
0,12987012987013
0,12987012987013
0
Gen 32
0,12987012987013
0,12987012987013
0,12987012987013
0,12987012987013
0,12987012987013
0,12987012987013
0,12987012987013
0,12987012987013
0,12987012987013
0,12987012987013
0,12987012987013
0,12987012987013
0,12987012987013
0,12987012987013
0,12987012987013
0,12987012987013
0,12987012987013
0,12987012987013
0,12987012987013
0,0241545893719807
Gen 33
0,12987012987013
0,12987012987013
0,12987012987013
0,12987012987013
0,12987012987013
0,12987012987013
0,12987012987013
0,12987012987013
0,12987012987013
0,12987012987013
0,12987012987013
0,12987012987013
0,12987012987013
0,12987012987013
0,12987012987013
0,12987012987013
0,12987012987013
0,12987012987013
0,12987012987013
0,12987012987013
Gen 34
0,12987012987013
0,12987012987013
0,12987012987013
0,12987012987013
0,12987012987013
0,12987012987013
0,12987012987013
0,12987012987013
0,12987012987013
0,12987012987013
0,12987012987013
0,12987012987013
0,12987012987013
0,12987012987013
0,12987012987013
0,12987012987013
0,12987012987013
0,12987012987013
0,12987012987013
0
Gen 35
0,12987012987013
0,12987012987013
0,12987012987013
0,12987012987013
0,12987012987013
0,12987012987013
0,12987012987013
0,12987012987013
0,12987012987013
0,12987012987013
0,12987012987013
0,12987012987013
0,12987012987013
0,12987012987013
0,12987012987013
0,12987012987013
0,12987012987013
0,12987012987013
0,12987012987013
0
Gen 36
0,12987012987013
0,12987012987013
0,12987012987013
0,12987012987013
0,12987012987013
0,12987012987013
0,12987012987013
0,12987012987013
0,12987012987013
0,12987012987013
0,12987012987013
0,12987012987013
0,12987012987013
0,12987012987013
0,12987012987013
0,12987012987013
0,12987012987013
0,12987012987013
0,12987012987013
0,12987012987013
Gen 37
0,12987012987013
0,12987012987013
0,12987012987013
0,12987012987013
0,12987012987013
0,12987012987013
0,12987012987013
0,12987012987013
0,12987012987013
0,12987012987013
0,12987012987013
0,12987012987013
0,12987012987013
0,12987012987013
0,12987012987013
0,12987012987013
0,12987012987013
0,12987012987013
0,12987012987013
0,12987012987013
Gen 38
0,12987012987013
0,12987012987013
0,12987012987013
0,12987012987013
0,12987012987013
0,12987012987013
0,12987012987013
0,12987012987013
0,12987012987013
0,12987012987013
0,12987012987013
0,12987012987013
0,12987012987013
0,12987012987013
0,12987012987013
0,12987012987013
0,12987012987013
0,12987012987013
0,12987012987013
0,12987012987013
Gen 39
0,12987012987013
0,12987012987013
0,12987012987013
0,12987012987013
0,12987012987013
0,12987012987013
0,12987012987013
0,12987012987013
0,12987012987013
0,12987012987013
0,12987012987013
0,12987012987013
0,12987012987013
0,12987012987013
0,12987012987013
0,12987012987013
0,12987012987013
0,12987012987013
0,12987012987013
0
Gen 40
0,12987012987013
0,12987012987013
0,12987012987013
0,12987012987013
0,12987012987013
0,12987012987013
0,12987012987013
0,12987012987013
0,12987012987013
0,12987012987013
0,12987012987013
0,12987012987013
0,12987012987013
0,12987012987013
0,12987012987013
0,12987012987013
0,12987012987013
0,12987012987013
0,12987012987013
0
Gen 41
0,12987012987013
0,12987012987013
0,12987012987013
0,12987012987013
0,12987012987013
0,12987012987013
0,12987012987013
0,12987012987013
0,12987012987013
0,12987012987013
0,12987012987013
0,12987012987013
0,12987012987013
0,12987012987013
0,12987012987013
0,12987012987013
0,12987012987013
0,12987012987013
0,12987012987013
0,12987012987013
Gen 42
0,12987012987013
0,12987012987013
0,12987012987013
0,12987012987013
0,12987012987013
0,12987012987013
0,12987012987013
0,12987012987013
0,12987012987013
0,12987012987013
0,12987012987013
0,12987012987013
0,12987012987013
0,12987012987013
0,12987012987013
0,12987012987013
0,12987012987013
0,12987012987013
0,12987012987013
0,12987012987013
Gen 43
0,12987012987013
0,12987012987013
0,12987012987013
0,12987012987013
0,12987012987013
0,12987012987013
0,12987012987013
0,12987012987013
0,12987012987013
0,12987012987013
0,12987012987013
0,12987012987013
0,12987012987013
0,12987012987013
0,12987012987013
0,12987012987013
0,12987012987013
0,12987012987013
0
0
Gen 44
0,12987012987013
0,12987012987013
0,12987012987013
0,12987012987013
0,12987012987013
0,12987012987013
0,12987012987013
0,12987012987013
0,12987012987013
0,12987012987013
0,12987012987013
0,12987012987013
0,12987012987013
0,12987012987013
0,12987012987013
0,12987012987013
0,12987012987013
0,12987012987013
0,12987012987013
0,12987012987013
Gen 45
0,12987012987013
0,12987012987013
0,12987012987013
0,12987012987013
0,12987012987013
0,12987012987013
0,12987012987013
0,12987012987013
0,12987012987013
0,12987012987013
0,12987012987013
0,12987012987013
0,12987012987013
0,12987012987013
0,12987012987013
0,12987012987013
0,12987012987013
0,12987012987013
0,12987012987013
0
Gen 46
0,12987012987013
0,12987012987013
0,12987012987013
0,12987012987013
0,12987012987013
0,12987012987013
0,12987012987013
0,12987012987013
0,12987012987013
0,12987012987013
0,12987012987013
0,12987012987013
0,12987012987013
0,12987012987013
0,12987012987013
0,12987012987013
0,12987012987013
0,12987012987013
0,12987012987013
0,12987012987013
Gen 47
0,12987012987013
0,12987012987013
0,12987012987013
0,12987012987013
0,12987012987013
0,12987012987013
0,12987012987013
0,12987012987013
0,12987012987013
0,12987012987013
0,12987012987013
0,12987012987013
0,12987012987013
0,12987012987013
0,12987012987013
0,12987012987013
0,12987012987013
0,12987012987013
0,12987012987013
0
Gen 48
0,12987012987013
0,12987012987013
0,12987012987013
0,12987012987013
0,12987012987013
0,12987012987013
0,12987012987013
0,12987012987013
0,12987012987013
0,12987012987013
0,12987012987013
0,12987012987013
0,12987012987013
0,12987012987013
0,12987012987013
0,12987012987013
0,12987012987013
0,12987012987013
0,12987012987013
0,12987012987013
Gen 49
0,12987012987013
0,12987012987013
0,12987012987013
0,12987012987013
0,12987012987013
0,12987012987013
0,12987012987013
0,12987012987013
0,12987012987013
0,12987012987013
0,12987012987013
0,12987012987013
0,12987012987013
0,12987012987013
0,12987012987013
0,12987012987013
0,12987012987013
0,12987012987013
0,12987012987013
0,12987012987013
Gen 50
0,12987012987013
0,12987012987013
0,12987012987013
0,12987012987013
0,12987012987013
0,12987012987013
0,12987012987013
0,12987012987013
0,12987012987013
0,12987012987013
0,12987012987013
0,12987012987013
0,12987012987013
0,12987012987013
0,12987012987013
0,12987012987013
0,12987012987013
0,12987012987013
0,12987012987013
0
Gen 51
0,12987012987013
0,12987012987013
0,12987012987013
0,12987012987013
0,12987012987013
0,12987012987013
0,12987012987013
0,12987012987013
0,12987012987013
0,12987012987013
0,12987012987013
0,12987012987013
0,12987012987013
0,12987012987013
0,12987012987013
0,12987012987013
0,12987012987013
0,12987012987013
0,12987012987013
0
Gen 52
0,12987012987013
0,12987012987013
0,12987012987013
0,12987012987013
0,12987012987013
0,12987012987013
0,12987012987013
0,12987012987013
0,12987012987013
0,12987012987013
0,12987012987013
0,12987012987013
0,12987012987013
0,12987012987013
0,12987012987013
0,125541125541126
0
0
0
0
Gen 53
0,12987012987013
0,12987012987013
0,12987012987013
0,12987012987013
0,12987012987013
0,12987012987013
0,12987012987013
0,12987012987013
0,12987012987013
0,12987012987013
0,12987012987013
0,12987012987013
0,12987012987013
0,12987012987013
0,12987012987013
0,12987012987013
0,12987012987013
0,12987012987013
0,12987012987013
0,12987012987013
Gen 54
0,12987012987013
0,12987012987013
0,12987012987013
0,12987012987013
0,12987012987013
0,12987012987013
0,12987012987013
0,12987012987013
0,12987012987013
0,12987012987013
0,12987012987013
0,12987012987013
0,12987012987013
0,12987012987013
0,12987012987013
0,12987012987013
0,12987012987013
0,12987012987013
0,12987012987013
0,0241545893719807
Gen 55
0,12987012987013
0,12987012987013
0,12987012987013
0,12987012987013
0,12987012987013
0,12987012987013
0,12987012987013
0,12987012987013
0,12987012987013
0,12987012987013
0,12987012987013
0,12987012987013
0,12987012987013
0,12987012987013
0,12987012987013
0,12987012987013
0,12987012987013
0,12987012987013
0,12987012987013
0
Gen 56
0,12987012987013
0,12987012987013
0,12987012987013
0,12987012987013
0,12987012987013
0,12987012987013
0,12987012987013
0,12987012987013
0,12987012987013
0,12987012987013
0,12987012987013
0,12987012987013
0,12987012987013
0,12987012987013
0,12987012987013
0,12987012987013
0,12987012987013
0,12987012987013
0,12987012987013
0,121212121212121
Gen 57
0,12987012987013
0,12987012987013
0,12987012987013
0,12987012987013
0,12987012987013
0,12987012987013
0,12987012987013
0,12987012987013
0,12987012987013
0,12987012987013
0,12987012987013
0,12987012987013
0,12987012987013
0,12987012987013
0,12987012987013
0,12987012987013
0,12987012987013
0,12987012987013
0,12987012987013
0
Gen 58
0,12987012987013
0,12987012987013
0,12987012987013
0,12987012987013
0,12987012987013
0,12987012987013
0,12987012987013
0,12987012987013
0,12987012987013
0,12987012987013
0,12987012987013
0,12987012987013
0,12987012987013
0,12987012987013
0,12987012987013
0,12987012987013
0,12987012987013
0,12987012987013
0,12987012987013
0,12987012987013
Gen 59
0,12987012987013
0,12987012987013
0,12987012987013
0,12987012987013
0,12987012987013
0,12987012987013
0,12987012987013
0,12987012987013
0,12987012987013
0,12987012987013
0,12987012987013
0,12987012987013
0,12987012987013
0,12987012987013
0,12987012987013
0,12987012987013
0,12987012987013
0,12987012987013
0
0
Gen 60
0,12987012987013
0,12987012987013
0,12987012987013
0,12987012987013
0,12987012987013
0,12987012987013
0,12987012987013
0,12987012987013
0,12987012987013
0,12987012987013
0,12987012987013
0,12987012987013
0,12987012987013
0,12987012987013
0,12987012987013
0,12987012987013
0,12987012987013
0,12987012987013
0,12987012987013
0,12987012987013
Gen 61
0,12987012987013
0,12987012987013
0,12987012987013
0,12987012987013
0,12987012987013
0,12987012987013
0,12987012987013
0,12987012987013
0,12987012987013
0,12987012987013
0,12987012987013
0,12987012987013
0,12987012987013
0,12987012987013
0,12987012987013
0,12987012987013
0,12987012987013
0,12987012987013
0,12987012987013
0
Gen 62
0,12987012987013
0,12987012987013
0,12987012987013
0,12987012987013
0,12987012987013
0,12987012987013
0,12987012987013
0,12987012987013
0,12987012987013
0,12987012987013
0,12987012987013
0,12987012987013
0,12987012987013
0,12987012987013
0,12987012987013
0,12987012987013
0,12987012987013
0,12987012987013
0,12987012987013
0,12987012987013
Gen 63
0,12987012987013
0,12987012987013
0,12987012987013
0,12987012987013
0,12987012987013
0,12987012987013
0,12987012987013
0,12987012987013
0,12987012987013
0,12987012987013
0,12987012987013
0,12987012987013
0,12987012987013
0,12987012987013
0,12987012987013
0,12987012987013
0,12987012987013
0,12987012987013
0,121212121212121
0
Gen 64
0,12987012987013
0,12987012987013
0,12987012987013
0,12987012987013
0,12987012987013
0,12987012987013
0,12987012987013
0,12987012987013
0,12987012987013
0,12987012987013
0,12987012987013
0,12987012987013
0,12987012987013
0,12987012987013
0,12987012987013
0,12987012987013
0,12987012987013
0,12987012987013
0,12987012987013
0
Gen 65
0,12987012987013
0,12987012987013
0,12987012987013
0,12987012987013
0,12987012987013
0,12987012987013
0,12987012987013
0,12987012987013
0,12987012987013
0,12987012987013
0,12987012987013
0,12987012987013
0,12987012987013
0,12987012987013
0,12987012987013
0,12987012987013
0,12987012987013
0,12987012987013
0,12987012987013
0,12987012987013
Gen 66
0,12987012987013
0,12987012987013
0,12987012987013
0,12987012987013
0,12987012987013
0,12987012987013
0,12987012987013
0,12987012987013
0,12987012987013
0,12987012987013
0,12987012987013
0,12987012987013
0,12987012987013
0,12987012987013
0,12987012987013
0,12987012987013
0,12987012987013
0,12987012987013
0,12987012987013
0
Gen 67
0,12987012987013
0,12987012987013
0,12987012987013
0,12987012987013
0,12987012987013
0,12987012987013
0,12987012987013
0,12987012987013
0,12987012987013
0,12987012987013
0,12987012987013
0,12987012987013
0,12987012987013
0,12987012987013
0,12987012987013
0,12987012987013
0,12987012987013
0,12987012987013
0,12987012987013
0
Gen 68
0,12987012987013
0,12987012987013
0,12987012987013
0,12987012987013
0,12987012987013
0,12987012987013
0,12987012987013
0,12987012987013
0,12987012987013
0,12987012987013
0,12987012987013
0,12987012987013
0,12987012987013
0,12987012987013
0,12987012987013
0,12987012987013
0,12987012987013
0,12987012987013
0,12987012987013
0,12987012987013
Gen 69
0,12987012987013
0,12987012987013
0,12987012987013
0,12987012987013
0,12987012987013
0,12987012987013
0,12987012987013
0,12987012987013
0,12987012987013
0,12987012987013
0,12987012987013
0,12987012987013
0,12987012987013
0,12987012987013
0,12987012987013
0,12987012987013
0,12987012987013
0,12987012987013
0,12987012987013
0
Gen 70
0,12987012987013
0,12987012987013
0,12987012987013
0,12987012987013
0,12987012987013
0,12987012987013
0,12987012987013
0,12987012987013
0,12987012987013
0,12987012987013
0,12987012987013
0,12987012987013
0,12987012987013
0,12987012987013
0,12987012987013
0,12987012987013
0,12987012987013
0,12987012987013
0,12987012987013
0
Gen 71
0,12987012987013
0,12987012987013
0,12987012987013
0,12987012987013
0,12987012987013
0,12987012987013
0,12987012987013
0,12987012987013
0,12987012987013
0,12987012987013
0,12987012987013
0,12987012987013
0,12987012987013
0,12987012987013
0,12987012987013
0,12987012987013
0,12987012987013
0,12987012987013
0
0
Gen 72
0,12987012987013
0,12987012987013
0,12987012987013
0,12987012987013
0,12987012987013
0,12987012987013
0,12987012987013
0,12987012987013
0,12987012987013
0,12987012987013
0,12987012987013
0,12987012987013
0,12987012987013
0,12987012987013
0,12987012987013
0,12987012987013
0,12987012987013
0,12987012987013
0,12987012987013
0
Gen 73
0,12987012987013
0,12987012987013
0,12987012987013
0,12987012987013
0,12987012987013
0,12987012987013
0,12987012987013
0,12987012987013
0,12987012987013
0,12987012987013
0,12987012987013
0,12987012987013
0,12987012987013
0,12987012987013
0,12987012987013
0,12987012987013
0,12987012987013
0,12987012987013
0,12987012987013
0
Gen 74
0,12987012987013
0,12987012987013
0,12987012987013
0,12987012987013
0,12987012987013
0,12987012987013
0,12987012987013
0,12987012987013
0,12987012987013
0,12987012987013
0,12987012987013
0,12987012987013
0,12987012987013
0,12987012987013
0,12987012987013
0,12987012987013
0,12987012987013
0,12987012987013
0,12987012987013
0,12987012987013
Gen 75
0,12987012987013
0,12987012987013
0,12987012987013
0,12987012987013
0,12987012987013
0,12987012987013
0,12987012987013
0,12987012987013
0,12987012987013
0,12987012987013
0,12987012987013
0,12987012987013
0,12987012987013
0,12987012987013
0,12987012987013
0,12987012987013
0,12987012987013
0,12987012987013
0,12987012987013
0
Gen 76
0,12987012987013
0,12987012987013
0,12987012987013
0,12987012987013
0,12987012987013
0,12987012987013
0,12987012987013
0,12987012987013
0,12987012987013
0,12987012987013
0,12987012987013
0,12987012987013
0,12987012987013
0,12987012987013
0,12987012987013
0,12987012987013
0,12987012987013
0,12987012987013
0,12987012987013
0
