Gen 1
0,103896103896104
0,0140109166196123
0,0560436664784491
0
0
0
Gen 2
0,121212121212121
0,0680067758328628
0,107359307359307
0,103896103896104
0,0573084886128364
0,00346320346320346
Gen 3
0,121212121212121
0,108225108225108
0,121212121212121
0,121212121212121
0,107359307359307
0,0831168831168831
Gen 4
0,121212121212121
0,119047619047619
0,121212121212121
0,121212121212121
0,121212121212121
0,112554112554113
Gen 5
0,121212121212121
0,121212121212121
0,121212121212121
0,121212121212121
0,121212121212121
0,121212121212121
Gen 6
0,121212121212121
0,115151515151515
0,121212121212121
0,121212121212121
0,121212121212121
0,096969696969697
Gen 7
0,121212121212121
0,121212121212121
0,121212121212121
0,121212121212121
0,121212121212121
0,121212121212121
Gen 8
0,121212121212121
0,121212121212121
0,121212121212121
0,121212121212121
0,121212121212121
0,121212121212121
Gen 9
0,121212121212121
0,121212121212121
0,121212121212121
0,121212121212121
0,121212121212121
0,121212121212121
Gen 10
0,121212121212121
0,115151515151515
0,121212121212121
0,121212121212121
0,121212121212121
0,096969696969697
Gen 11
0,121212121212121
0,121212121212121
0,121212121212121
0,121212121212121
0,121212121212121
0,121212121212121
Gen 12
0,121212121212121
0,117748917748918
0,121212121212121
0,121212121212121
0,121212121212121
0,107359307359307
Gen 13
0,121212121212121
0,121212121212121
0,121212121212121
0,121212121212121
0,121212121212121
0,121212121212121
Gen 14
0,121212121212121
0,121212121212121
0,121212121212121
0,121212121212121
0,121212121212121
0,121212121212121
Gen 15
0,121212121212121
0,115441370223979
0,121212121212121
0,121212121212121
0,121212121212121
0,098129117259552
Gen 16
0,121212121212121
0,121212121212121
0,121212121212121
0,121212121212121
0,121212121212121
0,121212121212121
Gen 17
0,121212121212121
0,115151515151515
0,121212121212121
0,121212121212121
0,121212121212121
0,096969696969697
Gen 18
0,121212121212121
0,121212121212121
0,121212121212121
0,121212121212121
0,121212121212121
0,121212121212121
Gen 19
0,121212121212121
0,115151515151515
0,121212121212121
0,121212121212121
0,121212121212121
0,096969696969697
Gen 20
0,121212121212121
0,121212121212121
0,121212121212121
0,121212121212121
0,121212121212121
0,121212121212121
Gen 21
0,121212121212121
0,121212121212121
0,121212121212121
0,121212121212121
0,121212121212121
0,121212121212121
Gen 22
0,121212121212121
0,121212121212121
0,121212121212121
0,121212121212121
0,121212121212121
0,121212121212121
Gen 23
0,121212121212121
0,109090909090909
0,121212121212121
0,121212121212121
0,121212121212121
0,0727272727272727
Gen 24
0,121212121212121
0,115151515151515
0,121212121212121
0,121212121212121
0,121212121212121
0,096969696969697
Gen 25
0,121212121212121
0,115151515151515
0,121212121212121
0,121212121212121
0,121212121212121
0,096969696969697
Gen 26
0,12987012987013
0,121645021645022
0,122943722943723
0,121212121212121
0,121212121212121
0,121212121212121
Gen 27
0,12987012987013
0,126839826839827
0,12987012987013
0,12987012987013
0,126406926406926
0,121212121212121
Gen 28
0,12987012987013
0,123376623376623
0,12987012987013
0,12987012987013
0,12987012987013
0,103896103896104
Gen 29
0,12987012987013
0,12987012987013
0,12987012987013
0,12987012987013
0,12987012987013
0,12987012987013
Gen 30
0,12987012987013
0,123376623376623
0,12987012987013
0,12987012987013
0,12987012987013
0,103896103896104
Gen 31
0,12987012987013
0,123376623376623
0,12987012987013
0,12987012987013
0,12987012987013
0,103896103896104
Gen 32
0,12987012987013
0,124584352845222
0,12987012987013
0,12987012987013
0,12987012987013
0,1087270217705
Gen 33
0,12987012987013
0,12987012987013
0,12987012987013
0,12987012987013
0,12987012987013
0,12987012987013
Gen 34
0,12987012987013
0,123376623376623
0,12987012987013
0,12987012987013
0,12987012987013
0,103896103896104
Gen 35
0,12987012987013
0,123376623376623
0,12987012987013
0,12987012987013
0,12987012987013
0,103896103896104
Gen 36
0,12987012987013
0,12987012987013
0,12987012987013
0,12987012987013
0,12987012987013
0,12987012987013
Gen 37
0,12987012987013
0,12987012987013
0,12987012987013
0,12987012987013
0,12987012987013
0,12987012987013
Gen 38
0,12987012987013
0,12987012987013
0,12987012987013
0,12987012987013
0,12987012987013
0,12987012987013
Gen 39
0,12987012987013
0,123376623376623
0,12987012987013
0,12987012987013
0,12987012987013
0,103896103896104
Gen 40
0,12987012987013
0,123376623376623
0,12987012987013
0,12987012987013
0,12987012987013
0,103896103896104
Gen 41
0,12987012987013
0,12987012987013
0,12987012987013
0,12987012987013
0,12987012987013
0,12987012987013
Gen 42
0,12987012987013
0,12987012987013
0,12987012987013
0,12987012987013
0,12987012987013
0,12987012987013
Gen 43
0,12987012987013
0,116883116883117
0,12987012987013
0,12987012987013
0,12987012987013
0,0779220779220779
Gen 44
0,12987012987013
0,12987012987013
0,12987012987013
0,12987012987013
0,12987012987013
0,12987012987013
Gen 45
0,12987012987013
0,123376623376623
0,12987012987013
0,12987012987013
0,12987012987013
0,103896103896104
Gen 46
0,12987012987013
0,12987012987013
0,12987012987013
0,12987012987013
0,12987012987013
0,12987012987013
Gen 47
0,12987012987013
0,123376623376623
0,12987012987013
0,12987012987013
0,12987012987013
0,103896103896104
Gen 48
0,12987012987013
0,12987012987013
0,12987012987013
0,12987012987013
0,12987012987013
0,12987012987013
Gen 49
0,12987012987013
0,12987012987013
0,12987012987013
0,12987012987013
0,12987012987013
0,12987012987013
Gen 50
0,12987012987013
0,123376623376623
0,12987012987013
0,12987012987013
0,12987012987013
0,103896103896104
Gen 51
0,12987012987013
0,123376623376623
0,12987012987013
0,12987012987013
0,12987012987013
0,103896103896104
Gen 52
0,12987012987013
0,103679653679654
0,12987012987013
0,12987012987013
0,12987012987013
0,0251082251082251
Gen 53
0,12987012987013
0,12987012987013
0,12987012987013
0,12987012987013
0,12987012987013
0,12987012987013
Gen 54
0,12987012987013
0,124584352845222
0,12987012987013
0,12987012987013
0,12987012987013
0,1087270217705
Gen 55
0,12987012987013
0,123376623376623
0,12987012987013
0,12987012987013
0,12987012987013
0,103896103896104
Gen 56
0,12987012987013
0,129437229437229
0,12987012987013
0,12987012987013
0,12987012987013
0,128138528138528
Gen 57
0,12987012987013
0,123376623376623
0,12987012987013
0,12987012987013
0,12987012987013
0,103896103896104
Gen 58
0,12987012987013
0,12987012987013
0,12987012987013
0,12987012987013
0,12987012987013
0,12987012987013
Gen 59
0,12987012987013
0,116883116883117
0,12987012987013
0,12987012987013
0,12987012987013
0,0779220779220779
Gen 60
0,12987012987013
0,12987012987013
0,12987012987013
0,12987012987013
0,12987012987013
0,12987012987013
Gen 61
0,12987012987013
0,123376623376623
0,12987012987013
0,12987012987013
0,12987012987013
0,103896103896104
Gen 62
0,12987012987013
0,12987012987013
0,12987012987013
0,12987012987013
0,12987012987013
0,12987012987013
Gen 63
0,12987012987013
0,122943722943723
0,12987012987013
0,12987012987013
0,12987012987013
0,102164502164502
Gen 64
0,12987012987013
0,123376623376623
0,12987012987013
0,12987012987013
0,12987012987013
0,103896103896104
Gen 65
0,12987012987013
0,12987012987013
0,12987012987013
0,12987012987013
0,12987012987013
0,12987012987013
Gen 66
0,12987012987013
0,123376623376623
0,12987012987013
0,12987012987013
0,12987012987013
0,103896103896104
Gen 67
0,12987012987013
0,123376623376623
0,12987012987013
0,12987012987013
0,12987012987013
0,103896103896104
Gen 68
0,12987012987013
0,12987012987013
0,12987012987013
0,12987012987013
0,12987012987013
0,12987012987013
Gen 69
0,12987012987013
0,123376623376623
0,12987012987013
0,12987012987013
0,12987012987013
0,103896103896104
Gen 70
0,12987012987013
0,123376623376623
0,12987012987013
0,12987012987013
0,12987012987013
0,103896103896104
Gen 71
0,12987012987013
0,116883116883117
0,12987012987013
0,12987012987013
0,12987012987013
0,0779220779220779
Gen 72
0,12987012987013
0,123376623376623
0,12987012987013
0,12987012987013
0,12987012987013
0,103896103896104
Gen 73
0,12987012987013
0,123376623376623
0,12987012987013
0,12987012987013
0,12987012987013
0,103896103896104
Gen 74
0,12987012987013
0,12987012987013
0,12987012987013
0,12987012987013
0,12987012987013
0,12987012987013
Gen 75
0,12987012987013
0,123376623376623
0,12987012987013
0,12987012987013
0,12987012987013
0,103896103896104
Gen 76
0,12987012987013
0,123376623376623
0,12987012987013
0,12987012987013
0,12987012987013
0,103896103896104
