Gen 1
0.0995670995670996
0.00974025982525975
0.038961039001039
1E-10
1E-10
1E-10
Gen 2
0.0995670995670996
0.0207365581928625
0.0683982683982684
0.0145479641731815
1E-10
1E-10
Gen 3
0.0995670995670996
0.0284879854895072
0.0692640692640693
0.0403588681849551
0.00432900440900433
1E-10
Gen 4
0.0995670995670996
0.0289635485937659
0.0987012987012987
0.017152895473765
1E-10
1E-10
Gen 5
0.0995670995670996
0.0388895163258206
0.0995670995670996
0.0554112554112554
0.000579710224927536
1E-10
Gen 6
0.0995670995670996
0.0577922078122078
0.0995670995670996
0.0883116883116883
0.038961038961039
0.00432900440900433
Gen 7
0.0995670995670996
0.0755913169006647
0.0995670995670996
0.0995670995670996
0.0813852813852814
0.0218457870831784
Gen 8
0.0995670995670996
0.0770562770712771
0.0995670995670996
0.0995670995670996
0.0891774891774892
0.0199134199734199
Gen 9
0.0995670995670996
0.0863636363686364
0.0995670995670996
0.0995670995670996
0.0995670995670996
0.0467532467732468
Gen 10
0.0995670995670996
0.0852813852913853
0.0995670995670996
0.0995670995670996
0.0995670995670996
0.0424242424642424
Gen 11
0.0995670995670996
0.0952380952380953
0.0995670995670996
0.0995670995670996
0.0995670995670996
0.0822510822510823
Gen 12
0.0995670995670996
0.0945887445887446
0.0995670995670996
0.0995670995670996
0.0995670995670996
0.0796536796536797
Gen 13
0.0995670995670996
0.0878787878887879
0.0995670995670996
0.0995670995670996
0.0995670995670996
0.0528138528538528
Gen 14
0.0995670995670996
0.0937229437279437
0.0995670995670996
0.0995670995670996
0.0995670995670996
0.0761904762104762
Gen 15
0.0995670995670996
0.0937229437279437
0.0995670995670996
0.0995670995670996
0.0995670995670996
0.0761904762104762
Gen 16
0.0995670995670996
0.0920258485525877
0.0995670995670996
0.0995670995670996
0.0995670995670996
0.069402095509052
Gen 17
0.0995670995670996
0.0961384026601418
0.0995670995670996
0.0995670995670996
0.0995670995670996
0.0858523119392685
Gen 18
0.0995670995670996
0.0846320346470346
0.0995670995670996
0.0995670995670996
0.0995670995670996
0.0398268398868398
Gen 19
0.0995670995670996
0.0880136771541119
0.0995670995670996
0.0995670995670996
0.0995670995670996
0.053353409915149
Gen 20
0.0995670995670996
0.0852813852913853
0.0995670995670996
0.0995670995670996
0.0995670995670996
0.0424242424642424
Gen 21
0.103896103896104
0.0733766233966234
0.1004329004329
0.0995670995670996
0.0865800865800866
0.00692640700640693
Gen 22
0.103896103896104
0.0935064935064935
0.101298701298701
0.0995670995670996
0.0995670995670996
0.0735930735930736
Gen 23
0.103896103896104
0.0891774891874892
0.102164502164502
0.0995670995670996
0.0995670995670996
0.0554112554512554
Gen 24
0.103896103896104
0.0863636363736364
0.103896103896104
0.0995670995670996
0.0995670995670996
0.0424242424642424
Gen 25
0.103896103896104
0.0997835497835498
0.103896103896104
0.1004329004329
0.0995670995670996
0.0952380952380952
Gen 26
0.103896103896104
0.101731601731602
0.103896103896104
0.103896103896104
0.0995670995670996
0.0995670995670996
Gen 27
0.103896103896104
0.0958874458924459
0.103896103896104
0.103896103896104
0.0995670995670996
0.0761904762104762
Gen 28
0.103896103896104
0.102813852813853
0.103896103896104
0.103896103896104
0.103896103896104
0.0995670995670996
Gen 29
0.103896103896104
0.102813852813853
0.103896103896104
0.103896103896104
0.103896103896104
0.0995670995670996
Gen 30
0.103896103896104
0.102813852813853
0.103896103896104
0.103896103896104
0.103896103896104
0.0995670995670996
Gen 31
0.103896103896104
0.103463203463203
0.103896103896104
0.103896103896104
0.103896103896104
0.102164502164502
Gen 32
0.103896103896104
0.103463203463203
0.103896103896104
0.103896103896104
0.103896103896104
0.102164502164502
Gen 33
0.103896103896104
0.103679653679654
0.103896103896104
0.103896103896104
0.103896103896104
0.103030303030303
Gen 34
0.103896103896104
0.0965367965367966
0.103896103896104
0.103896103896104
0.103896103896104
0.0744588744588745
Gen 35
0.103896103896104
0.0880952381002381
0.103896103896104
0.103896103896104
0.102164502164502
0.0424242424442424
Gen 36
0.103896103896104
0.0889453541727455
0.103896103896104
0.103896103896104
0.103896103896104
0.0440931050026702
Gen 37
0.103896103896104
0.087012987027987
0.103896103896104
0.103896103896104
0.103896103896104
0.0363636364236364
Gen 38
0.104347826086957
0.0889836250805816
0.103986448334274
0.103896103896104
0.103896103896104
0.0441558441958442
Gen 39
0.104347826086957
0.0853039714059279
0.103986448334274
0.103896103896104
0.0995670995670996
0.0337662338262338
Gen 40
0.104347826086957
0.0957161678950809
0.104076792772445
0.103896103896104
0.103896103896104
0.070995671015671
Gen 41
0.104347826086957
0.0996574440052701
0.104257481648786
0.103896103896104
0.103896103896104
0.0865800865800866
Gen 42
0.104347826086957
0.102971955580651
0.104347826086957
0.104076792772445
0.103896103896104
0.0995670995670996
Gen 43
0.104347826086957
0.0967174854181376
0.104347826086957
0.104167137210615
0.103896103896104
0.0744588744788745
Gen 44
0.104347826086957
0.0926726896392114
0.104347826086957
0.104347826086957
0.103986448334274
0.058008658048658
Gen 45
0.104347826086957
0.0926726896392114
0.104347826086957
0.104347826086957
0.103986448334274
0.058008658048658
Gen 46
0.104347826086957
0.0916356107760455
0.104347826086957
0.104347826086957
0.104167137210615
0.0536796537196537
Gen 47
0.104347826086957
0.0910314323457802
0.104347826086957
0.104347826086957
0.104347826086957
0.0510822511222511
Gen 48
0.104347826086957
0.0927630340723819
0.104347826086957
0.104347826086957
0.104347826086957
0.058008658028658
Gen 49
0.104347826086957
0.10086203651421
0.104347826086957
0.104347826086957
0.104347826086957
0.0904046677959721
Gen 50
0.104347826086957
0.0951345755743582
0.104347826086957
0.104347826086957
0.104347826086957
0.0674948240365631
Gen 51
0.104347826086957
0.0927536231984058
0.104347826086957
0.104347826086957
0.104347826086957
0.0579710145327536
Gen 52
0.104347826086957
0.0886184829763091
0.104347826086957
0.104347826086957
0.104347826086957
0.0414304536443666
Gen 53
0.104347826086957
0.0886184829763091
0.104347826086957
0.104347826086957
0.104347826086957
0.0414304536443666
Gen 54
0.104347826086957
0.0972946859953382
0.104347826086957
0.104347826086957
0.104347826086957
0.0761352657204831
Gen 55
0.104347826086957
0.0950379572118703
0.104347826086957
0.104347826086957
0.104347826086957
0.0671083505866115
Gen 56
0.104347826086957
0.0886956521889131
0.104347826086957
0.104347826086957
0.104347826086957
0.0417391304947826
Gen 57
0.104347826086957
0.0928082062964672
0.104347826086957
0.104347826086957
0.104347826086957
0.0581893469249991
Gen 58
0.104347826086957
0.0886956521889131
0.104347826086957
0.104347826086957
0.104347826086957
0.0417391304947826
Gen 59
0.104347826086957
0.0988405797151449
0.104347826086957
0.104347826086957
0.104347826086957
0.0823188405997101
Gen 60
0.104347826086957
0.0988405797151449
0.104347826086957
0.104347826086957
0.104347826086957
0.0823188405997101
Gen 61
0.104347826086957
0.0982608695702174
0.104347826086957
0.104347826086957
0.104347826086957
0.08000000002
Gen 62
0.104347826086957
0.103478260869565
0.104347826086957
0.104347826086957
0.104347826086957
0.100869565217391
Gen 63
0.104347826086957
0.103478260869565
0.104347826086957
0.104347826086957
0.104347826086957
0.100869565217391
Gen 64
0.104347826086957
0.104057971014493
0.104347826086957
0.104347826086957
0.104347826086957
0.103188405797101
Gen 65
0.104347826086957
0.0991304347876087
0.104347826086957
0.104347826086957
0.104347826086957
0.0834782608895652
Gen 66
0.104347826086957
0.0991304347876087
0.104347826086957
0.104347826086957
0.104347826086957
0.0834782608895652
Gen 67
0.104347826086957
0.0858592132655176
0.104347826086957
0.104347826086957
0.104347826086957
0.0303933748012008
Gen 68
0.104347826086957
0.0858592132655176
0.104347826086957
0.104347826086957
0.104347826086957
0.0303933748012008
Gen 69
0.104347826086957
0.0858592132655176
0.104347826086957
0.104347826086957
0.104347826086957
0.0303933748012008
Gen 70
0.104347826086957
0.0886956521889131
0.104347826086957
0.104347826086957
0.104347826086957
0.0417391304947826
Gen 71
0.104347826086957
0.0939130434882609
0.104347826086957
0.104347826086957
0.104347826086957
0.0626086956921739
Gen 72
0.104347826086957
0.0886956521889131
0.104347826086957
0.104347826086957
0.104347826086957
0.0417391304947826
Gen 73
0.104347826086957
0.0886956521889131
0.104347826086957
0.104347826086957
0.104347826086957
0.0417391304947826
Gen 74
0.104347826086957
0.0858592132655176
0.104347826086957
0.104347826086957
0.104347826086957
0.0303933748012008
Gen 75
0.104347826086957
0.0906211180174224
0.104347826086957
0.104347826086957
0.104347826086957
0.0494409938088199
Gen 76
0.104347826086957
0.0988913984616159
0.104347826086957
0.104347826086957
0.104347826086957
0.0825221155855938
Gen 77
0.104347826086957
0.0912930547813157
0.104347826086957
0.104347826086957
0.104347826086957
0.052128740864393
Gen 78
0.104347826086957
0.093674007162268
0.104347826086957
0.104347826086957
0.104347826086957
0.0616525503882025
Gen 79
0.104347826086957
0.08085827218262
0.104347826086957
0.104347826086957
0.104347826086957
0.0103896104696104
Gen 80
0.104347826086957
0.078910220234568
0.104347826086957
0.104347826086957
0.104347826086957
0.0025974026774026
Gen 81
0.104347826086957
0.0902108036940646
0.104347826086957
0.104347826086957
0.104347826086957
0.0477997365153887
Gen 82
0.104347826086957
0.0858592132655176
0.104347826086957
0.104347826086957
0.104347826086957
0.0303933748012008
Gen 83
0.104347826086957
0.0939130434882609
0.104347826086957
0.104347826086957
0.104347826086957
0.0626086956921739
Gen 84
0.104347826086957
0.0939130434882609
0.104347826086957
0.104347826086957
0.104347826086957
0.0626086956921739
Gen 85
0.104347826086957
0.0939130434882609
0.104347826086957
0.104347826086957
0.104347826086957
0.0626086956921739
Gen 86
0.104347826086957
0.0939130434882609
0.104347826086957
0.104347826086957
0.104347826086957
0.0626086956921739
Gen 87
0.104347826086957
0.0939130434882609
0.104347826086957
0.104347826086957
0.104347826086957
0.0626086956921739
Gen 88
0.104347826086957
0.0805797101649275
0.104347826086957
0.104347826086957
0.104347826086957
0.00927536239884058
Gen 89
0.104347826086957
0.0782608695902174
0.104347826086957
0.104347826086957
0.104347826086957
1E-10
Gen 90
0.134199134199134
0.0797534349958263
0.110318087709392
0.104347826086957
0.104347826086957
1E-10
Gen 91
0.134199134199134
0.0812460004014352
0.116288349331828
0.104347826086957
0.104347826086957
1E-10
Gen 92
0.134199134199134
0.0983907397050875
0.122258610954263
0.104347826086957
0.104347826086957
0.0626086956921739
Gen 93
0.134199134199134
0.11330321852061
0.134199134199134
0.110318087709392
0.104347826086957
0.104347826086957
Gen 94
0.134199134199134
0.116288349331828
0.134199134199134
0.122258610954263
0.104347826086957
0.104347826086957
Gen 95
0.134199134199134
0.110331262949959
0.134199134199134
0.134199134199134
0.110318087709392
0.0626086956921739
Gen 96
0.134199134199134
0.114185958973568
0.134199134199134
0.134199134199134
0.122258610954263
0.0660869565417391
Gen 97
0.134199134199134
0.114615722451809
0.134199134199134
0.134199134199134
0.128228872576699
0.0618357488322705
Gen 98
0.134199134199134
0.117794089978003
0.134199134199134
0.134199134199134
0.134199134199134
0.0685789573146095
Gen 99
0.134199134199134
0.117794089978003
0.134199134199134
0.134199134199134
0.134199134199134
0.0685789573146095
Gen 100
0.134199134199134
0.117794089978003
0.134199134199134
0.134199134199134
0.134199134199134
0.0685789573146095
Gen 101
0.134199134199134
0.120391492570406
0.134199134199134
0.134199134199134
0.134199134199134
0.0789685676842199
Gen 102
0.134199134199134
0.111544638945943
0.134199134199134
0.134199134199134
0.134199134199134
0.0435811531863705
Gen 103
0.134199134199134
0.110845096942053
0.134199134199134
0.134199134199134
0.134199134199134
0.0407829851708112
Gen 104
0.138528138528139
0.126213062305019
0.135064935064935
0.134199134199134
0.134199134199134
0.101389045756872
Gen 105
0.16017316017316
0.135714285714286
0.14025974025974
0.134199134199134
0.134199134199134
0.134199134199134
Gen 106
0.16017316017316
0.135714285714286
0.14025974025974
0.134199134199134
0.134199134199134
0.134199134199134
Gen 107
0.16017316017316
0.127056277061277
0.141125541125541
0.134199134199134
0.134199134199134
0.0987012987212987
Gen 108
0.16017316017316
0.119425936392458
0.142857142857143
0.134199134199134
0.134199134199134
0.0664483343144212
Gen 109
0.16017316017316
0.131601731606732
0.147186147186147
0.137662337662338
0.134199134199134
0.107359307379307
Gen 110
0.16017316017316
0.125108225118225
0.147186147186147
0.138528138528139
0.134199134199134
0.0805194805594805
Gen 111
0.16017316017316
0.125757575767576
0.147186147186147
0.138528138528139
0.136796536796537
0.0805194805594805
Gen 112
0.16017316017316
0.125974025984026
0.147186147186147
0.138528138528139
0.137662337662338
0.0805194805594805
Gen 113
0.16017316017316
0.117965367980368
0.142857142857143
0.138528138528139
0.136796536796537
0.0536796537396537
Gen 114
0.16017316017316
0.113636363646364
0.147186147186147
0.138528138528139
0.136796536796537
0.032034632074632
Gen 115
0.16017316017316
0.105627705647706
0.151515151515151
0.138528138528139
0.123809523809524
0.00865800873800866
Gen 116
0.16017316017316
0.104329004349004
0.16017316017316
0.138528138528139
0.109090909090909
0.00952380960380952
Gen 117
0.16017316017316
0.126406926421926
0.16017316017316
0.151515151515151
0.138528138528139
0.0554112554712554
Gen 118
0.16017316017316
0.113636363661364
0.16017316017316
0.155844155844156
0.138528138528139
1E-10
Gen 119
0.16017316017316
0.133199698861873
0.16017316017316
0.16017316017316
0.147186147186147
0.0652663279150235
Gen 120
0.16017316017316
0.133982683997684
0.16017316017316
0.16017316017316
0.16017316017316
0.0554112554712554
Gen 121
0.16017316017316
0.125974025994026
0.16017316017316
0.16017316017316
0.155844155844156
0.0277056277856277
Gen 122
0.16017316017316
0.11991341993342
0.16017316017316
0.16017316017316
0.155844155844156
0.00346320354320346
Gen 123
0.16017316017316
0.115800865825866
0.16017316017316
0.16017316017316
0.142857142857143
1E-10
Gen 124
0.16017316017316
0.107792207822208
0.16017316017316
0.16017316017316
0.110822510842511
1E-10
Gen 125
0.16017316017316
0.11038961041461
0.16017316017316
0.16017316017316
0.121212121212121
1E-10
Gen 126
0.16017316017316
0.10000000003
0.16017316017316
0.16017316017316
0.0796536796736797
1E-10
Gen 127
0.16017316017316
0.104402409215018
0.16017316017316
0.16017316017316
0.0972633164137512
1E-10
Gen 128
0.16017316017316
0.112014555512816
0.16017316017316
0.16017316017316
0.118188092101136
0.00952380960380952
Gen 129
0.16017316017316
0.101624945133206
0.16017316017316
0.16017316017316
0.0861534600865035
1E-10
Gen 130
0.16017316017316
0.112121212151212
0.16017316017316
0.16017316017316
0.128138528158528
1E-10
Gen 131
0.16017316017316
0.11969696972197
0.16017316017316
0.16017316017316
0.158441558441558
1E-10
Gen 132
0.16017316017316
0.116533032205206
0.16017316017316
0.16017316017316
0.136261998870695
0.00952380960380952
Gen 133
0.16017316017316
0.105494071176245
0.16017316017316
0.16017316017316
0.10162996425866
1E-10
Gen 134
0.16017316017316
0.137528703190877
0.16017316017316
0.16017316017316
0.16017316017316
0.0695953322440278
Gen 135
0.16017316017316
0.143073593083593
0.16017316017316
0.16017316017316
0.16017316017316
0.0917748918148918
Gen 136
0.16017316017316
0.143073593083593
0.16017316017316
0.16017316017316
0.16017316017316
0.0917748918148918
Gen 137
0.16017316017316
0.16017316017316
0.16017316017316
0.16017316017316
0.16017316017316
0.16017316017316
Gen 138
0.16017316017316
0.144155844165844
0.16017316017316
0.16017316017316
0.16017316017316
0.0961038961438961
Gen 139
0.16017316017316
0.149649915302089
0.16017316017316
0.16017316017316
0.16017316017316
0.118080180688876
Gen 140
0.16017316017316
0.135147750809925
0.16017316017316
0.16017316017316
0.16017316017316
0.0600715227202183
Gen 141
0.16017316017316
0.144155844165844
0.16017316017316
0.16017316017316
0.16017316017316
0.0961038961438961
Gen 142
0.16017316017316
0.140909090919091
0.16017316017316
0.16017316017316
0.16017316017316
0.0831168831568831
Gen 143
0.16017316017316
0.12965367966868
0.16017316017316
0.16017316017316
0.16017316017316
0.0380952381552381
Gen 144
0.16017316017316
0.123160173175173
0.16017316017316
0.16017316017316
0.143722943722944
0.0285714286314286
Gen 145
0.16017316017316
0.120779220799221
0.16017316017316
0.16017316017316
0.143722943722944
0.019047619127619
Gen 146
0.16017316017316
0.115151515171515
0.16017316017316
0.16017316017316
0.130735930735931
0.00952380960380952
Gen 147
0.16017316017316
0.138311688321688
0.16017316017316
0.16017316017316
0.16017316017316
0.0727272727672727
Gen 148
0.16017316017316
0.138311688321688
0.16017316017316
0.16017316017316
0.16017316017316
0.0727272727672727
Gen 149
0.16017316017316
0.132034632049632
0.16017316017316
0.16017316017316
0.16017316017316
0.0476190476790476
Gen 150
0.16017316017316
0.148051948056948
0.16017316017316
0.16017316017316
0.16017316017316
0.111688311708312
Gen 151
0.16017316017316
0.146103896108896
0.16017316017316
0.16017316017316
0.16017316017316
0.103896103916104
Gen 152
0.16017316017316
0.10952380955381
0.16017316017316
0.16017316017316
0.117748917768918
1E-10
Gen 153
0.16017316017316
0.141558441568442
0.16017316017316
0.16017316017316
0.16017316017316
0.0857142857542857
Gen 154
0.16017316017316
0.127922077937078
0.16017316017316
0.16017316017316
0.16017316017316
0.0311688312288312
Gen 155
0.16017316017316
0.143290043300043
0.16017316017316
0.16017316017316
0.16017316017316
0.0926406926806926
Gen 156
0.16017316017316
0.146536796541796
0.16017316017316
0.16017316017316
0.16017316017316
0.105627705647706
Gen 157
0.16017316017316
0.13982683983184
0.16017316017316
0.16017316017316
0.16017316017316
0.0787878788078788
Gen 158
0.16017316017316
0.151298701298701
0.16017316017316
0.16017316017316
0.16017316017316
0.124675324675325
Gen 159
0.16017316017316
0.153679653679654
0.16017316017316
0.16017316017316
0.16017316017316
0.134199134199134
Gen 160
0.16017316017316
0.152164502169502
0.16017316017316
0.16017316017316
0.16017316017316
0.128138528158528
Gen 161
0.16017316017316
0.144155844165844
0.16017316017316
0.16017316017316
0.16017316017316
0.0961038961438961
Gen 162
0.16017316017316
0.150865800870801
0.16017316017316
0.16017316017316
0.16017316017316
0.122943722963723
Gen 163
0.16017316017316
0.152164502169502
0.16017316017316
0.16017316017316
0.16017316017316
0.128138528158528
Gen 164
0.16017316017316
0.148503670247801
0.16017316017316
0.16017316017316
0.16017316017316
0.113495200471722
Gen 165
0.16017316017316
0.148503670247801
0.16017316017316
0.16017316017316
0.16017316017316
0.113495200471722
Gen 166
0.16017316017316
0.140495012244143
0.16017316017316
0.16017316017316
0.16017316017316
0.0814605684570902
Gen 167
0.16017316017316
0.138763410512541
0.16017316017316
0.16017316017316
0.16017316017316
0.0745341615306832
Gen 168
0.16017316017316
0.142424242434242
0.16017316017316
0.16017316017316
0.16017316017316
0.0891774892174892
Gen 169
0.16017316017316
0.142424242434242
0.16017316017316
0.16017316017316
0.16017316017316
0.0891774892174892
Gen 170
0.16017316017316
0.137314135150222
0.16017316017316
0.16017316017316
0.16017316017316
0.0687370600814079
Gen 171
0.16017316017316
0.12540937325046
0.16017316017316
0.16017316017316
0.16017316017316
0.0211180124823602
Gen 172
0.16017316017316
0.138528138538138
0.16017316017316
0.16017316017316
0.16017316017316
0.0735930736330736
Gen 173
0.16017316017316
0.12012987015487
0.16017316017316
0.16017316017316
0.16017316017316
1E-10
Gen 174
0.16017316017316
0.136147186162186
0.16017316017316
0.16017316017316
0.16017316017316
0.0640692641292641
Gen 175
0.16017316017316
0.12012987015487
0.16017316017316
0.16017316017316
0.16017316017316
1E-10
Gen 176
0.16017316017316
0.112121212151212
0.16017316017316
0.16017316017316
0.128138528158528
1E-10
Gen 177
0.16017316017316
0.118270280464193
0.16017316017316
0.16017316017316
0.143210991906644
0.00952380960380952
Gen 178
0.16017316017316
0.129004329019329
0.16017316017316
0.16017316017316
0.16017316017316
0.0354978355578355
Gen 179
0.16017316017316
0.112121212151212
0.16017316017316
0.16017316017316
0.128138528158528
1E-10
Gen 180
0.16017316017316
0.128138528158528
0.16017316017316
0.16017316017316
0.16017316017316
0.032034632114632
Gen 181
0.16017316017316
0.144155844165844
0.16017316017316
0.16017316017316
0.16017316017316
0.0961038961438961
Gen 182
0.16017316017316
0.136147186162186
0.16017316017316
0.16017316017316
0.16017316017316
0.0640692641292641
Gen 183
0.16017316017316
0.136147186162186
0.16017316017316
0.16017316017316
0.16017316017316
0.0640692641292641
Gen 184
0.16017316017316
0.133839011245316
0.16017316017316
0.16017316017316
0.16017316017316
0.0548365644617818
Gen 185
0.16017316017316
0.136147186162186
0.16017316017316
0.16017316017316
0.16017316017316
0.0640692641292641
Gen 186
0.16017316017316
0.152164502169502
0.16017316017316
0.16017316017316
0.16017316017316
0.128138528158528
Gen 187
0.16017316017316
0.144155844165844
0.16017316017316
0.16017316017316
0.16017316017316
0.0961038961438961
Gen 188
0.16017316017316
0.138095238105238
0.16017316017316
0.16017316017316
0.16017316017316
0.0718614719014719
Gen 189
0.16017316017316
0.138095238105238
0.16017316017316
0.16017316017316
0.16017316017316
0.0718614719014719
Gen 190
0.16017316017316
0.132251082261082
0.16017316017316
0.16017316017316
0.16017316017316
0.0484848485248485
Gen 191
0.16017316017316
0.152813852813853
0.16017316017316
0.16017316017316
0.16017316017316
0.130735930735931
Gen 192
0.16017316017316
0.136589497469063
0.16017316017316
0.16017316017316
0.16017316017316
0.0658385093567702
Gen 193
0.16017316017316
0.131168831183831
0.16017316017316
0.16017316017316
0.16017316017316
0.0441558442158442
Gen 194
0.16017316017316
0.134415584430584
0.16017316017316
0.16017316017316
0.16017316017316
0.0571428572028571
Gen 195
0.16017316017316
0.132683982698983
0.16017316017316
0.16017316017316
0.16017316017316
0.0502164502764502
Gen 196
0.16017316017316
0.124675324695325
0.16017316017316
0.16017316017316
0.16017316017316
0.0181818182618182
Gen 197
0.16017316017316
0.12012987015487
0.16017316017316
0.16017316017316
0.16017316017316
1E-10
Gen 198
0.16017316017316
0.12012987015487
0.16017316017316
0.16017316017316
0.16017316017316
1E-10
Gen 199
0.16017316017316
0.128138528158528
0.16017316017316
0.16017316017316
0.16017316017316
0.032034632114632
Gen 200
0.16017316017316
0.136147186162186
0.16017316017316
0.16017316017316
0.16017316017316
0.0640692641292641
Gen 201
0.16017316017316
0.128138528158528
0.16017316017316
0.16017316017316
0.16017316017316
0.032034632114632
Gen 202
0.16017316017316
0.122510822530822
0.16017316017316
0.16017316017316
0.16017316017316
0.00952380960380952
Gen 203
0.16017316017316
0.144155844165844
0.16017316017316
0.16017316017316
0.16017316017316
0.0961038961438961
Gen 204
0.16017316017316
0.138095238105238
0.16017316017316
0.16017316017316
0.16017316017316
0.0718614719014719
Gen 205
0.16017316017316
0.128138528158528
0.16017316017316
0.16017316017316
0.16017316017316
0.032034632114632
Gen 206
0.16017316017316
0.129437229452229
0.16017316017316
0.16017316017316
0.16017316017316
0.0372294372894372
Gen 207
0.16017316017316
0.126839826854827
0.16017316017316
0.16017316017316
0.16017316017316
0.0268398268998268
Gen 208
0.16017316017316
0.118831168846169
0.16017316017316
0.16017316017316
0.138528138528139
0.0164502165102164
Gen 209
0.16017316017316
0.111038961058961
0.16017316017316
0.16017316017316
0.115151515151515
0.00865800873800866
Gen 210
0.16017316017316
0.0984848485198485
0.16017316017316
0.16017316017316
0.0735930736330736
1E-10
Gen 211
0.16017316017316
0.1004329004629
0.16017316017316
0.16017316017316
0.0813852814052814
1E-10
Gen 212
0.16017316017316
0.127922077942078
0.16017316017316
0.16017316017316
0.16017316017316
0.0311688312488312
Gen 213
0.16017316017316
0.15995670995671
0.16017316017316
0.16017316017316
0.16017316017316
0.159307359307359
Gen 214
0.16017316017316
0.16017316017316
0.16017316017316
0.16017316017316
0.16017316017316
0.16017316017316
Gen 215
0.16017316017316
0.16017316017316
0.16017316017316
0.16017316017316
0.16017316017316
0.16017316017316
Gen 216
0.16017316017316
0.16017316017316
0.16017316017316
0.16017316017316
0.16017316017316
0.16017316017316
Gen 217
0.16017316017316
0.16017316017316
0.16017316017316
0.16017316017316
0.16017316017316
0.16017316017316
Gen 218
0.16017316017316
0.16017316017316
0.16017316017316
0.16017316017316
0.16017316017316
0.16017316017316
Gen 219
0.16017316017316
0.152164502169502
0.16017316017316
0.16017316017316
0.16017316017316
0.128138528158528
Gen 220
0.16017316017316
0.16017316017316
0.16017316017316
0.16017316017316
0.16017316017316
0.16017316017316
Gen 221
0.16017316017316
0.154545454545454
0.16017316017316
0.16017316017316
0.16017316017316
0.137662337662338
Gen 222
0.16017316017316
0.144155844165844
0.16017316017316
0.16017316017316
0.16017316017316
0.0961038961438961
Gen 223
0.16017316017316
0.136147186162186
0.16017316017316
0.16017316017316
0.16017316017316
0.0640692641292641
Gen 224
0.16017316017316
0.144155844165844
0.16017316017316
0.16017316017316
0.16017316017316
0.0961038961438961
Gen 225
0.16017316017316
0.12012987015487
0.16017316017316
0.16017316017316
0.16017316017316
1E-10
Gen 226
0.16017316017316
0.12012987015487
0.16017316017316
0.16017316017316
0.16017316017316
1E-10
Gen 227
0.16017316017316
0.123376623391623
0.16017316017316
0.16017316017316
0.147186147186147
0.025974026034026
Gen 228
0.16017316017316
0.128138528158528
0.16017316017316
0.16017316017316
0.16017316017316
0.032034632114632
Gen 229
0.16017316017316
0.128138528158528
0.16017316017316
0.16017316017316
0.16017316017316
0.032034632114632
Gen 230
0.16017316017316
0.116883116908117
0.16017316017316
0.16017316017316
0.147186147186147
1E-10
Gen 231
0.16017316017316
0.112554112574113
0.16017316017316
0.16017316017316
0.124675324675325
0.0051948052748052
Gen 232
0.16017316017316
0.122943722958723
0.16017316017316
0.16017316017316
0.147186147186147
0.0242424243024242
Gen 233
0.16017316017316
0.121212121227121
0.16017316017316
0.16017316017316
0.147186147186147
0.0173160173760173
Gen 234
0.16017316017316
0.136580086590087
0.16017316017316
0.16017316017316
0.16017316017316
0.0658008658408658
Gen 235
0.16017316017316
0.132900432915433
0.16017316017316
0.16017316017316
0.16017316017316
0.0510822511422511
Gen 236
0.16017316017316
0.128138528158528
0.16017316017316
0.16017316017316
0.16017316017316
0.032034632114632
Gen 237
0.16017316017316
0.146536796541796
0.16017316017316
0.16017316017316
0.16017316017316
0.105627705647706
Gen 238
0.16017316017316
0.136147186162186
0.16017316017316
0.16017316017316
0.16017316017316
0.0640692641292641
Gen 239
0.16017316017316
0.152164502169502
0.16017316017316
0.16017316017316
0.16017316017316
0.128138528158528
Gen 240
0.16017316017316
0.152164502169502
0.16017316017316
0.16017316017316
0.16017316017316
0.128138528158528
Gen 241
0.16017316017316
0.136147186162186
0.16017316017316
0.16017316017316
0.16017316017316
0.0640692641292641
Gen 242
0.16017316017316
0.136147186162186
0.16017316017316
0.16017316017316
0.16017316017316
0.0640692641292641
Gen 243
0.16017316017316
0.141558441568442
0.16017316017316
0.16017316017316
0.16017316017316
0.0857142857542857
Gen 244
0.16017316017316
0.136147186162186
0.16017316017316
0.16017316017316
0.16017316017316
0.0640692641292641
Gen 245
0.16017316017316
0.12012987015487
0.16017316017316
0.16017316017316
0.16017316017316
1E-10
Gen 246
0.16017316017316
0.122510822530822
0.16017316017316
0.16017316017316
0.16017316017316
0.00952380960380952
Gen 247
0.16017316017316
0.111255411280411
0.16017316017316
0.16017316017316
0.124675324675325
1E-10
Gen 248
0.16017316017316
0.10974025977026
0.16017316017316
0.16017316017316
0.118614718634719
1E-10
Gen 249
0.16017316017316
0.115151515171515
0.16017316017316
0.16017316017316
0.137662337662338
0.0025974026774026
Gen 250
0.16017316017316
0.138528138538138
0.16017316017316
0.16017316017316
0.16017316017316
0.0735930736330736
Gen 251
0.16017316017316
0.144155844165844
0.16017316017316
0.16017316017316
0.16017316017316
0.0961038961438961
Gen 252
0.16017316017316
0.142424242434242
0.16017316017316
0.16017316017316
0.16017316017316
0.0891774892174892
Gen 253
0.16017316017316
0.145709266578832
0.16017316017316
0.16017316017316
0.16017316017316
0.102317585795847
Gen 254
0.16017316017316
0.158441558441558
0.16017316017316
0.16017316017316
0.16017316017316
0.153246753246753
Gen 255
0.16017316017316
0.16017316017316
0.16017316017316
0.16017316017316
0.16017316017316
0.16017316017316
Gen 256
0.16017316017316
0.152164502169502
0.16017316017316
0.16017316017316
0.16017316017316
0.128138528158528
Gen 257
0.16017316017316
0.152164502164502
0.16017316017316
0.16017316017316
0.16017316017316
0.128138528138528
Gen 258
0.16017316017316
0.13051948053448
0.16017316017316
0.16017316017316
0.16017316017316
0.0415584416184416
Gen 259
0.16017316017316
0.144155844165844
0.16017316017316
0.16017316017316
0.16017316017316
0.0961038961438961
Gen 260
0.16017316017316
0.152164502169502
0.16017316017316
0.16017316017316
0.16017316017316
0.128138528158528
Gen 261
0.16017316017316
0.152164502169502
0.16017316017316
0.16017316017316
0.16017316017316
0.128138528158528
Gen 262
0.164502164502165
0.144372294382294
0.161038961038961
0.16017316017316
0.16017316017316
0.0961038961438961
Gen 263
0.164502164502165
0.137445887455887
0.161038961038961
0.16017316017316
0.16017316017316
0.0683982684382684
Gen 264
0.164502164502165
0.136363636378636
0.161038961038961
0.16017316017316
0.16017316017316
0.0640692641292641
Gen 265
0.164502164502165
0.136580086595087
0.161904761904762
0.16017316017316
0.16017316017316
0.0640692641292641
Gen 266
0.164502164502165
0.122077922097922
0.162770562770563
0.16017316017316
0.16017316017316
0.0051948052748052
Gen 267
0.164502164502165
0.126439550802377
0.164502164502165
0.16017316017316
0.16017316017316
0.0209097183610226
Gen 268
0.164502164502165
0.130952380967381
0.164502164502165
0.161038961038961
0.16017316017316
0.0380952381552381
Gen 269
0.164502164502165
0.13008658010658
0.164502164502165
0.163636363636364
0.16017316017316
0.032034632114632
Gen 270
0.164502164502165
0.122727272742273
0.164502164502165
0.164502164502165
0.145454545454545
0.0164502165102164
Gen 271
0.164502164502165
0.135812786257569
0.164502164502165
0.164502164502165
0.163636363636364
0.0506104523895828
Gen 272
0.164502164502165
0.122838948506122
0.164502164502165
0.164502164502165
0.148051948051948
0.0142995169682126
Gen 273
0.164502164502165
0.122572306940133
0.164502164502165
0.164502164502165
0.148917748917749
0.0123671498384541
Gen 274
0.164502164502165
0.13030303031803
0.164502164502165
0.164502164502165
0.164502164502165
0.0277056277656277
Gen 275
0.164502164502165
0.146753246758247
0.164502164502165
0.164502164502165
0.164502164502165
0.0935064935264935
Gen 276
0.164502164502165
0.148051948061948
0.164502164502165
0.164502164502165
0.164502164502165
0.0987012987412987
Gen 277
0.164502164502165
0.148051948061948
0.164502164502165
0.164502164502165
0.164502164502165
0.0987012987412987
Gen 278
0.164502164502165
0.164502164502165
0.164502164502165
0.164502164502165
0.164502164502165
0.164502164502165
Gen 279
0.164502164502165
0.164502164502165
0.164502164502165
0.164502164502165
0.164502164502165
0.164502164502165
Gen 280
0.164502164502165
0.164502164502165
0.164502164502165
0.164502164502165
0.164502164502165
0.164502164502165
Gen 281
0.164502164502165
0.164502164502165
0.164502164502165
0.164502164502165
0.164502164502165
0.164502164502165
Gen 282
0.164502164502165
0.164502164502165
0.164502164502165
0.164502164502165
0.164502164502165
0.164502164502165
Gen 283
0.164502164502165
0.164502164502165
0.164502164502165
0.164502164502165
0.164502164502165
0.164502164502165
Gen 284
0.164502164502165
0.164502164502165
0.164502164502165
0.164502164502165
0.164502164502165
0.164502164502165
Gen 285
0.164502164502165
0.164502164502165
0.164502164502165
0.164502164502165
0.164502164502165
0.164502164502165
Gen 286
0.164502164502165
0.164502164502165
0.164502164502165
0.164502164502165
0.164502164502165
0.164502164502165
Gen 287
0.164502164502165
0.164502164502165
0.164502164502165
0.164502164502165
0.164502164502165
0.164502164502165
Gen 288
0.164502164502165
0.157792207792208
0.164502164502165
0.164502164502165
0.164502164502165
0.137662337662338
Gen 289
0.164502164502165
0.1495670995721
0.164502164502165
0.164502164502165
0.164502164502165
0.104761904781905
Gen 290
0.164502164502165
0.146969696974697
0.164502164502165
0.164502164502165
0.164502164502165
0.0943722943922944
Gen 291
0.164502164502165
0.148917748922749
0.164502164502165
0.164502164502165
0.164502164502165
0.102164502184502
Gen 292
0.164502164502165
0.135281385296385
0.164502164502165
0.164502164502165
0.164502164502165
0.0476190476790476
Gen 293
0.164502164502165
0.117099567124567
0.164502164502165
0.164502164502165
0.139393939393939
1E-10
Gen 294
0.164502164502165
0.117965367985368
0.164502164502165
0.164502164502165
0.139393939393939
0.00346320354320346
Gen 295
0.164502164502165
0.122943722968723
0.164502164502165
0.164502164502165
0.162770562770563
1E-10
Gen 296
0.164502164502165
0.132683982698983
0.164502164502165
0.164502164502165
0.164502164502165
0.0372294372894372
Gen 297
0.164502164502165
0.143939393949394
0.164502164502165
0.164502164502165
0.164502164502165
0.0822510822910823
Gen 298
0.164502164502165
0.13982683984184
0.164502164502165
0.164502164502165
0.164502164502165
0.0658008658608658
Gen 299
0.164502164502165
0.133116883131883
0.164502164502165
0.164502164502165
0.164502164502165
0.038961039021039
Gen 300
0.164502164502165
0.131601731621732
0.164502164502165
0.164502164502165
0.164502164502165
0.0329004329804329
Gen 301
0.164502164502165
0.148051948061948
0.164502164502165
0.164502164502165
0.164502164502165
0.0987012987412987
Gen 302
0.164502164502165
0.148051948061948
0.164502164502165
0.164502164502165
0.164502164502165
0.0987012987412987
Gen 303
0.164502164502165
0.148051948061948
0.164502164502165
0.164502164502165
0.164502164502165
0.0987012987412987
Gen 304
0.164502164502165
0.148051948061948
0.164502164502165
0.164502164502165
0.164502164502165
0.0987012987412987
Gen 305
0.164502164502165
0.164285714285714
0.164502164502165
0.164502164502165
0.164502164502165
0.163636363636364
Gen 306
0.164502164502165
0.164502164502165
0.164502164502165
0.164502164502165
0.164502164502165
0.164502164502165
Gen 307
0.164502164502165
0.164502164502165
0.164502164502165
0.164502164502165
0.164502164502165
0.164502164502165
Gen 308
0.164502164502165
0.154761904761905
0.164502164502165
0.164502164502165
0.164502164502165
0.125541125541126
Gen 309
0.164502164502165
0.153679653684654
0.164502164502165
0.164502164502165
0.164502164502165
0.121212121232121
