Gen 1
0
0
0
0
0
0
0
0
0
0
0
0
0
0
0
0
0
0
0
0
Gen 2
0
0
0
0
0
0
0
0
0
0
0
0
0
0
0
0
0
0
0
0
Gen 3
0
0
0
0
0
0
0
0
0
0
0
0
0
0
0
0
0
0
0
0
Gen 4
0
0
0
0
0
0
0
0
0
0
0
0
0
0
0
0
0
0
0
0
Gen 5
0
0
0
0
0
0
0
0
0
0
0
0
0
0
0
0
0
0
0
0
Gen 6
0
0
0
0
0
0
0
0
0
0
0
0
0
0
0
0
0
0
0
0
Gen 7
0
0
0
0
0
0
0
0
0
0
0
0
0
0
0
0
0
0
0
0
Gen 8
0
0
0
0
0
0
0
0
0
0
0
0
0
0
0
0
0
0
0
0
Gen 9
0
0
0
0
0
0
0
0
0
0
0
0
0
0
0
0
0
0
0
0
Gen 10
0
0
0
0
0
0
0
0
0
0
0
0
0
0
0
0
0
0
0
0
Gen 11
0,0338164251207729
0
0
0
0
0
0
0
0
0
0
0
0
0
0
0
0
0
0
0
Gen 12
0,0338164251207729
0,0338164251207729
0,0338164251207729
0,0338164251207729
0,0338164251207729
0,0338164251207729
0,0338164251207729
0,0338164251207729
0,0338164251207729
0,0338164251207729
0,0338164251207729
0
0
0
0
0
0
0
0
0
Gen 13
0,0338164251207729
0,0338164251207729
0,0338164251207729
0,0338164251207729
0,0338164251207729
0,0338164251207729
0,0338164251207729
0,0338164251207729
0,0338164251207729
0,0338164251207729
0,0338164251207729
0,0338164251207729
0,0338164251207729
0,0338164251207729
0,0338164251207729
0,0338164251207729
0,0338164251207729
0,0338164251207729
0,0338164251207729
0
Gen 14
0,0338164251207729
0,0338164251207729
0,0338164251207729
0,0338164251207729
0,0338164251207729
0,0338164251207729
0,0338164251207729
0,0338164251207729
0,0338164251207729
0,0338164251207729
0,0338164251207729
0,0338164251207729
0,0338164251207729
0,0338164251207729
0,0338164251207729
0,0338164251207729
0,0338164251207729
0,0338164251207729
0,0338164251207729
0,0338164251207729
Gen 15
0,0338164251207729
0,0338164251207729
0,0338164251207729
0,0338164251207729
0,0338164251207729
0,0338164251207729
0,0338164251207729
0,0338164251207729
0,0338164251207729
0,0338164251207729
0,0338164251207729
0,0338164251207729
0,0338164251207729
0,0338164251207729
0,0338164251207729
0,0338164251207729
0,0338164251207729
0,0338164251207729
0,0338164251207729
0
Gen 16
0,051948051948052
0,0338164251207729
0,0338164251207729
0,0338164251207729
0,0338164251207729
0,0338164251207729
0,0338164251207729
0,0338164251207729
0,0338164251207729
0,0338164251207729
0,0338164251207729
0,0338164251207729
0,0338164251207729
0,0338164251207729
0,0338164251207729
0,0338164251207729
0,0338164251207729
0,0338164251207729
0,0338164251207729
0,0338164251207729
Gen 17
0,051948051948052
0,051948051948052
0,051948051948052
0,051948051948052
0,051948051948052
0,051948051948052
0,051948051948052
0,0386473429951691
0,0338164251207729
0,0338164251207729
0,0338164251207729
0,0338164251207729
0,0338164251207729
0,0338164251207729
0,0338164251207729
0,0338164251207729
0,0338164251207729
0,0338164251207729
0,0338164251207729
0,0338164251207729
Gen 18
0,051948051948052
0,051948051948052
0,051948051948052
0,051948051948052
0,051948051948052
0,051948051948052
0,051948051948052
0,051948051948052
0,051948051948052
0,051948051948052
0,051948051948052
0,051948051948052
0,051948051948052
0,051948051948052
0,051948051948052
0,051948051948052
0,051948051948052
0,0338164251207729
0,0202898550724638
0
Gen 19
0,051948051948052
0,051948051948052
0,051948051948052
0,051948051948052
0,051948051948052
0,051948051948052
0,051948051948052
0,051948051948052
0,051948051948052
0,051948051948052
0,051948051948052
0,051948051948052
0,051948051948052
0,051948051948052
0,051948051948052
0,051948051948052
0,051948051948052
0,051948051948052
0,0476190476190476
0
Gen 20
0,051948051948052
0,051948051948052
0,051948051948052
0,051948051948052
0,051948051948052
0,051948051948052
0,051948051948052
0,051948051948052
0,051948051948052
0,051948051948052
0,051948051948052
0,051948051948052
0,051948051948052
0,051948051948052
0,051948051948052
0,051948051948052
0,051948051948052
0,000966183574879227
0
0
Gen 21
0,051948051948052
0,051948051948052
0,051948051948052
0,051948051948052
0,051948051948052
0,051948051948052
0,051948051948052
0,051948051948052
0,051948051948052
0,051948051948052
0,051948051948052
0,051948051948052
0,051948051948052
0,051948051948052
0,051948051948052
0,051948051948052
0,051948051948052
0,051948051948052
0,051948051948052
0,0483091787439614
Gen 22
0,0865800865800866
0,051948051948052
0,051948051948052
0,051948051948052
0,051948051948052
0,051948051948052
0,051948051948052
0,051948051948052
0,051948051948052
0,051948051948052
0,051948051948052
0,051948051948052
0,051948051948052
0,051948051948052
0,051948051948052
0,051948051948052
0,051948051948052
0,051948051948052
0,051948051948052
0,0338164251207729
Gen 23
0,0865800865800866
0,0865800865800866
0,0865800865800866
0,0865800865800866
0,0865800865800866
0,0865800865800866
0,0865800865800866
0,0865800865800866
0,0865800865800866
0,0865800865800866
0,0865800865800866
0,0865800865800866
0,051948051948052
0,051948051948052
0,051948051948052
0,051948051948052
0,051948051948052
0,051948051948052
0,051948051948052
0
Gen 24
0,0865800865800866
0,0865800865800866
0,0865800865800866
0,0865800865800866
0,0865800865800866
0,0865800865800866
0,0865800865800866
0,0865800865800866
0,0865800865800866
0,0865800865800866
0,0865800865800866
0,0865800865800866
0,0865800865800866
0,0865800865800866
0,0865800865800866
0,0865800865800866
0,0865800865800866
0,0865800865800866
0,0865800865800866
0,0865800865800866
Gen 25
0,0865800865800866
0,0865800865800866
0,0865800865800866
0,0865800865800866
0,0865800865800866
0,0865800865800866
0,0865800865800866
0,0865800865800866
0,0865800865800866
0,0865800865800866
0,0865800865800866
0,0865800865800866
0,0865800865800866
0,0865800865800866
0,0865800865800866
0,0865800865800866
0,0865800865800866
0,0865800865800866
0,0865800865800866
0,0346320346320346
Gen 26
0,0865800865800866
0,0865800865800866
0,0865800865800866
0,0865800865800866
0,0865800865800866
0,0865800865800866
0,0865800865800866
0,0865800865800866
0,0865800865800866
0,0865800865800866
0,0865800865800866
0,0865800865800866
0,0865800865800866
0,0865800865800866
0,0865800865800866
0,0865800865800866
0,0865800865800866
0,0865800865800866
0,0865800865800866
0,0865800865800866
Gen 27
0,0865800865800866
0,0865800865800866
0,0865800865800866
0,0865800865800866
0,0865800865800866
0,0865800865800866
0,0865800865800866
0,0865800865800866
0,0865800865800866
0,0865800865800866
0,0865800865800866
0,0865800865800866
0,0865800865800866
0,0865800865800866
0,0865800865800866
0,0865800865800866
0,0865800865800866
0,0865800865800866
0,0865800865800866
0
Gen 28
0,0865800865800866
0,0865800865800866
0,0865800865800866
0,0865800865800866
0,0865800865800866
0,0865800865800866
0,0865800865800866
0,0865800865800866
0,0865800865800866
0,0865800865800866
0,0865800865800866
0,0865800865800866
0,0865800865800866
0,0865800865800866
0,0865800865800866
0,0865800865800866
0,0865800865800866
0,0865800865800866
0,0865800865800866
0,0865800865800866
Gen 29
0,0865800865800866
0,0865800865800866
0,0865800865800866
0,0865800865800866
0,0865800865800866
0,0865800865800866
0,0865800865800866
0,0865800865800866
0,0865800865800866
0,0865800865800866
0,0865800865800866
0,0865800865800866
0,0865800865800866
0,0865800865800866
0,0865800865800866
0,0865800865800866
0,0865800865800866
0,0865800865800866
0,0865800865800866
0,0476190476190476
Gen 30
0,0865800865800866
0,0865800865800866
0,0865800865800866
0,0865800865800866
0,0865800865800866
0,0865800865800866
0,0865800865800866
0,0865800865800866
0,0865800865800866
0,0865800865800866
0,0865800865800866
0,0865800865800866
0,0865800865800866
0,0865800865800866
0,0865800865800866
0,0865800865800866
0,0865800865800866
0,0865800865800866
0,0865800865800866
0,0865800865800866
Gen 31
0,0865800865800866
0,0865800865800866
0,0865800865800866
0,0865800865800866
0,0865800865800866
0,0865800865800866
0,0865800865800866
0,0865800865800866
0,0865800865800866
0,0865800865800866
0,0865800865800866
0,0865800865800866
0,0865800865800866
0,0865800865800866
0,0865800865800866
0,0865800865800866
0,0865800865800866
0,0865800865800866
0,0865800865800866
0,0476190476190476
Gen 32
0,0865800865800866
0,0865800865800866
0,0865800865800866
0,0865800865800866
0,0865800865800866
0,0865800865800866
0,0865800865800866
0,0865800865800866
0,0865800865800866
0,0865800865800866
0,0865800865800866
0,0865800865800866
0,0865800865800866
0,0865800865800866
0,0865800865800866
0,0865800865800866
0,0865800865800866
0,0865800865800866
0,0865800865800866
0,0318840579710145
Gen 33
0,0865800865800866
0,0865800865800866
0,0865800865800866
0,0865800865800866
0,0865800865800866
0,0865800865800866
0,0865800865800866
0,0865800865800866
0,0865800865800866
0,0865800865800866
0,0865800865800866
0,0865800865800866
0,0865800865800866
0,0865800865800866
0,0865800865800866
0,0865800865800866
0,0865800865800866
0,0865800865800866
0,0865800865800866
0,0865800865800866
Gen 34
0,0865800865800866
0,0865800865800866
0,0865800865800866
0,0865800865800866
0,0865800865800866
0,0865800865800866
0,0865800865800866
0,0865800865800866
0,0865800865800866
0,0865800865800866
0,0865800865800866
0,0865800865800866
0,0865800865800866
0,0865800865800866
0,0865800865800866
0,0865800865800866
0,0865800865800866
0,0865800865800866
0,0865800865800866
0,0779220779220779
Gen 35
0,0865800865800866
0,0865800865800866
0,0865800865800866
0,0865800865800866
0,0865800865800866
0,0865800865800866
0,0865800865800866
0,0865800865800866
0,0865800865800866
0,0865800865800866
0,0865800865800866
0,0865800865800866
0,0865800865800866
0,0865800865800866
0,0865800865800866
0,0865800865800866
0,0865800865800866
0,0865800865800866
0,0865800865800866
0,0865800865800866
Gen 36
0,0865800865800866
0,0865800865800866
0,0865800865800866
0,0865800865800866
0,0865800865800866
0,0865800865800866
0,0865800865800866
0,0865800865800866
0,0865800865800866
0,0865800865800866
0,0865800865800866
0,0865800865800866
0,0865800865800866
0,0865800865800866
0,0865800865800866
0,0865800865800866
0,0865800865800866
0,0865800865800866
0,0346320346320346
0
Gen 37
0,0865800865800866
0,0865800865800866
0,0865800865800866
0,0865800865800866
0,0865800865800866
0,0865800865800866
0,0865800865800866
0,0865800865800866
0,0865800865800866
0,0865800865800866
0,0865800865800866
0,0865800865800866
0,0865800865800866
0,0865800865800866
0,0865800865800866
0,0865800865800866
0,0865800865800866
0,0865800865800866
0,0865800865800866
0
Gen 38
0,0865800865800866
0,0865800865800866
0,0865800865800866
0,0865800865800866
0,0865800865800866
0,0865800865800866
0,0865800865800866
0,0865800865800866
0,0865800865800866
0,0865800865800866
0,0865800865800866
0,0865800865800866
0,0865800865800866
0,0865800865800866
0,0865800865800866
0,0865800865800866
0,0865800865800866
0,0865800865800866
0,0865800865800866
0,0865800865800866
Gen 39
0,0865800865800866
0,0865800865800866
0,0865800865800866
0,0865800865800866
0,0865800865800866
0,0865800865800866
0,0865800865800866
0,0865800865800866
0,0865800865800866
0,0865800865800866
0,0865800865800866
0,0865800865800866
0,0865800865800866
0,0865800865800866
0,0865800865800866
0,0865800865800866
0,0865800865800866
0,0865800865800866
0
0
Gen 40
0,0865800865800866
0,0865800865800866
0,0865800865800866
0,0865800865800866
0,0865800865800866
0,0865800865800866
0,0865800865800866
0,0865800865800866
0,0865800865800866
0,0865800865800866
0,0865800865800866
0,0865800865800866
0,0865800865800866
0,0865800865800866
0,0865800865800866
0,0865800865800866
0,0865800865800866
0,0865800865800866
0,0865800865800866
0,0865800865800866
Gen 41
0,0865800865800866
0,0865800865800866
0,0865800865800866
0,0865800865800866
0,0865800865800866
0,0865800865800866
0,0865800865800866
0,0865800865800866
0,0865800865800866
0,0865800865800866
0,0865800865800866
0,0865800865800866
0,0865800865800866
0,0865800865800866
0,0865800865800866
0,0865800865800866
0,0865800865800866
0,0865800865800866
0,0865800865800866
0,0318840579710145
Gen 42
0,0865800865800866
0,0865800865800866
0,0865800865800866
0,0865800865800866
0,0865800865800866
0,0865800865800866
0,0865800865800866
0,0865800865800866
0,0865800865800866
0,0865800865800866
0,0865800865800866
0,0865800865800866
0,0865800865800866
0,0865800865800866
0,0865800865800866
0,0865800865800866
0,0865800865800866
0,0865800865800866
0,0865800865800866
0,0865800865800866
Gen 43
0,0865800865800866
0,0865800865800866
0,0865800865800866
0,0865800865800866
0,0865800865800866
0,0865800865800866
0,0865800865800866
0,0865800865800866
0,0865800865800866
0,0865800865800866
0,0865800865800866
0,0865800865800866
0,0865800865800866
0,0865800865800866
0,0865800865800866
0,0865800865800866
0,0865800865800866
0,0865800865800866
0,0560386473429952
0
Gen 44
0,0865800865800866
0,0865800865800866
0,0865800865800866
0,0865800865800866
0,0865800865800866
0,0865800865800866
0,0865800865800866
0,0865800865800866
0,0865800865800866
0,0865800865800866
0,0865800865800866
0,0865800865800866
0,0865800865800866
0,0865800865800866
0,0865800865800866
0,0865800865800866
0,0865800865800866
0,0865800865800866
0,0865800865800866
0,0865800865800866
Gen 45
0,121212121212121
0,0865800865800866
0,0865800865800866
0,0865800865800866
0,0865800865800866
0,0865800865800866
0,0865800865800866
0,0865800865800866
0,0865800865800866
0,0865800865800866
0,0865800865800866
0,0865800865800866
0,0865800865800866
0,0865800865800866
0,0865800865800866
0,0865800865800866
0,0865800865800866
0,0865800865800866
0,0865800865800866
0,0865800865800866
Gen 46
0,121212121212121
0,121212121212121
0,121212121212121
0,121212121212121
0,121212121212121
0,121212121212121
0,121212121212121
0,121212121212121
0,0865800865800866
0,0865800865800866
0,0865800865800866
0,0865800865800866
0,0865800865800866
0,0865800865800866
0,0865800865800866
0,0865800865800866
0,0865800865800866
0,0865800865800866
0,0865800865800866
0
Gen 47
0,121212121212121
0,121212121212121
0,121212121212121
0,121212121212121
0,121212121212121
0,121212121212121
0,121212121212121
0,121212121212121
0,121212121212121
0,121212121212121
0,121212121212121
0,121212121212121
0,121212121212121
0,121212121212121
0,121212121212121
0,121212121212121
0,121212121212121
0,121212121212121
0,121212121212121
0,121212121212121
Gen 48
0,121212121212121
0,121212121212121
0,121212121212121
0,121212121212121
0,121212121212121
0,121212121212121
0,121212121212121
0,121212121212121
0,121212121212121
0,121212121212121
0,121212121212121
0,121212121212121
0,121212121212121
0,121212121212121
0,121212121212121
0,121212121212121
0,121212121212121
0,121212121212121
0
0
Gen 49
0,121212121212121
0,121212121212121
0,121212121212121
0,121212121212121
0,121212121212121
0,121212121212121
0,121212121212121
0,121212121212121
0,121212121212121
0,121212121212121
0,121212121212121
0,121212121212121
0,121212121212121
0,121212121212121
0,121212121212121
0,121212121212121
0,121212121212121
0,121212121212121
0,0865800865800866
0
Gen 50
0,125541125541126
0,121212121212121
0,121212121212121
0,121212121212121
0,121212121212121
0,121212121212121
0,121212121212121
0,121212121212121
0,121212121212121
0,121212121212121
0,121212121212121
0,121212121212121
0,121212121212121
0,121212121212121
0,121212121212121
0,121212121212121
0,121212121212121
0,121212121212121
0,121212121212121
0
Gen 51
0,125541125541126
0,125541125541126
0,125541125541126
0,125541125541126
0,125541125541126
0,125541125541126
0,125541125541126
0,125541125541126
0,125541125541126
0,125541125541126
0,125541125541126
0,125541125541126
0,121212121212121
0,121212121212121
0,121212121212121
0,121212121212121
0,121212121212121
0,121212121212121
0,121212121212121
0,121212121212121
Gen 52
0,125541125541126
0,125541125541126
0,125541125541126
0,125541125541126
0,125541125541126
0,125541125541126
0,125541125541126
0,125541125541126
0,125541125541126
0,125541125541126
0,125541125541126
0,125541125541126
0,125541125541126
0,125541125541126
0,125541125541126
0,125541125541126
0,125541125541126
0,121212121212121
0
0
Gen 53
0,125541125541126
0,125541125541126
0,125541125541126
0,125541125541126
0,125541125541126
0,125541125541126
0,125541125541126
0,125541125541126
0,125541125541126
0,125541125541126
0,125541125541126
0,125541125541126
0,125541125541126
0,125541125541126
0,125541125541126
0,125541125541126
0,125541125541126
0,125541125541126
0,125541125541126
0,125541125541126
Gen 54
0,125541125541126
0,125541125541126
0,125541125541126
0,125541125541126
0,125541125541126
0,125541125541126
0,125541125541126
0,125541125541126
0,125541125541126
0,125541125541126
0,125541125541126
0,125541125541126
0,125541125541126
0,125541125541126
0,125541125541126
0,125541125541126
0,125541125541126
0,125541125541126
0,125541125541126
0,125541125541126
Gen 55
0,125541125541126
0,125541125541126
0,125541125541126
0,125541125541126
0,125541125541126
0,125541125541126
0,125541125541126
0,125541125541126
0,125541125541126
0,125541125541126
0,125541125541126
0,125541125541126
0,125541125541126
0,125541125541126
0,125541125541126
0,125541125541126
0,125541125541126
0,125541125541126
0,125541125541126
0,116883116883117
Gen 56
0,125541125541126
0,125541125541126
0,125541125541126
0,125541125541126
0,125541125541126
0,125541125541126
0,125541125541126
0,125541125541126
0,125541125541126
0,125541125541126
0,125541125541126
0,125541125541126
0,125541125541126
0,125541125541126
0,125541125541126
0,125541125541126
0,125541125541126
0,125541125541126
0,125541125541126
0,116883116883117
Gen 57
0,125541125541126
0,125541125541126
0,125541125541126
0,125541125541126
0,125541125541126
0,125541125541126
0,125541125541126
0,125541125541126
0,125541125541126
0,125541125541126
0,125541125541126
0,125541125541126
0,125541125541126
0,125541125541126
0,125541125541126
0,125541125541126
0,125541125541126
0,125541125541126
0,00966183574879227
0
Gen 58
0,125541125541126
0,125541125541126
0,125541125541126
0,125541125541126
0,125541125541126
0,125541125541126
0,125541125541126
0,125541125541126
0,125541125541126
0,125541125541126
0,125541125541126
0,125541125541126
0,125541125541126
0,125541125541126
0,125541125541126
0,125541125541126
0,125541125541126
0,072463768115942
0,0289855072463768
0,0115942028985507
Gen 59
0,125541125541126
0,125541125541126
0,125541125541126
0,125541125541126
0,125541125541126
0,125541125541126
0,125541125541126
0,125541125541126
0,125541125541126
0,125541125541126
0,125541125541126
0,125541125541126
0,125541125541126
0,125541125541126
0,125541125541126
0,125541125541126
0,125541125541126
0,125541125541126
0
0
Gen 60
0,125541125541126
0,125541125541126
0,125541125541126
0,125541125541126
0,125541125541126
0,125541125541126
0,125541125541126
0,125541125541126
0,125541125541126
0,125541125541126
0,125541125541126
0,125541125541126
0,125541125541126
0,125541125541126
0,125541125541126
0,125541125541126
0,125541125541126
0,125541125541126
0,125541125541126
0,125541125541126
Gen 61
0,125541125541126
0,125541125541126
0,125541125541126
0,125541125541126
0,125541125541126
0,125541125541126
0,125541125541126
0,125541125541126
0,125541125541126
0,125541125541126
0,125541125541126
0,125541125541126
0,125541125541126
0,125541125541126
0,125541125541126
0,125541125541126
0,125541125541126
0,125541125541126
0,125541125541126
0,0463768115942029
Gen 62
0,125541125541126
0,125541125541126
0,125541125541126
0,125541125541126
0,125541125541126
0,125541125541126
0,125541125541126
0,125541125541126
0,125541125541126
0,125541125541126
0,125541125541126
0,125541125541126
0,125541125541126
0,125541125541126
0,125541125541126
0,125541125541126
0,125541125541126
0,125541125541126
0,125541125541126
0,0115942028985507
Gen 63
0,125541125541126
0,125541125541126
0,125541125541126
0,125541125541126
0,125541125541126
0,125541125541126
0,125541125541126
0,125541125541126
0,125541125541126
0,125541125541126
0,125541125541126
0,125541125541126
0,125541125541126
0,125541125541126
0,125541125541126
0,125541125541126
0,125541125541126
0,125541125541126
0,125541125541126
0,072463768115942
Gen 64
0,125541125541126
0,125541125541126
0,125541125541126
0,125541125541126
0,125541125541126
0,125541125541126
0,125541125541126
0,125541125541126
0,125541125541126
0,125541125541126
0,125541125541126
0,125541125541126
0,125541125541126
0,125541125541126
0,125541125541126
0,125541125541126
0,125541125541126
0,125541125541126
0,125541125541126
0,125541125541126
Gen 65
0,125541125541126
0,125541125541126
0,125541125541126
0,125541125541126
0,125541125541126
0,125541125541126
0,125541125541126
0,125541125541126
0,125541125541126
0,125541125541126
0,125541125541126
0,125541125541126
0,125541125541126
0,125541125541126
0,125541125541126
0,125541125541126
0,125541125541126
0,125541125541126
0,125541125541126
0,125541125541126
Gen 66
0,125541125541126
0,125541125541126
0,125541125541126
0,125541125541126
0,125541125541126
0,125541125541126
0,125541125541126
0,125541125541126
0,125541125541126
0,125541125541126
0,125541125541126
0,125541125541126
0,125541125541126
0,125541125541126
0,125541125541126
0,125541125541126
0,125541125541126
0,125541125541126
0,125541125541126
0,125541125541126
Gen 67
0,125541125541126
0,125541125541126
0,125541125541126
0,125541125541126
0,125541125541126
0,125541125541126
0,125541125541126
0,125541125541126
0,125541125541126
0,125541125541126
0,125541125541126
0,125541125541126
0,125541125541126
0,125541125541126
0,125541125541126
0,125541125541126
0,125541125541126
0,125541125541126
0,125541125541126
0,0463768115942029
Gen 68
0,125541125541126
0,125541125541126
0,125541125541126
0,125541125541126
0,125541125541126
0,125541125541126
0,125541125541126
0,125541125541126
0,125541125541126
0,125541125541126
0,125541125541126
0,125541125541126
0,125541125541126
0,125541125541126
0,125541125541126
0,125541125541126
0,125541125541126
0,125541125541126
0,116883116883117
0,00676328502415459
Gen 69
0,125541125541126
0,125541125541126
0,125541125541126
0,125541125541126
0,125541125541126
0,125541125541126
0,125541125541126
0,125541125541126
0,125541125541126
0,125541125541126
0,125541125541126
0,125541125541126
0,125541125541126
0,125541125541126
0,125541125541126
0,125541125541126
0,125541125541126
0,125541125541126
0,125541125541126
0,125541125541126
Gen 70
0,125541125541126
0,125541125541126
0,125541125541126
0,125541125541126
0,125541125541126
0,125541125541126
0,125541125541126
0,125541125541126
0,125541125541126
0,125541125541126
0,125541125541126
0,125541125541126
0,125541125541126
0,125541125541126
0,125541125541126
0,125541125541126
0,125541125541126
0,125541125541126
0,125541125541126
0
Gen 71
0,125541125541126
0,125541125541126
0,125541125541126
0,125541125541126
0,125541125541126
0,125541125541126
0,125541125541126
0,125541125541126
0,125541125541126
0,125541125541126
0,125541125541126
0,125541125541126
0,125541125541126
0,125541125541126
0,125541125541126
0,125541125541126
0,125541125541126
0,125541125541126
0,125541125541126
0
Gen 72
0,125541125541126
0,125541125541126
0,125541125541126
0,125541125541126
0,125541125541126
0,125541125541126
0,125541125541126
0,125541125541126
0,125541125541126
0,125541125541126
0,125541125541126
0,125541125541126
0,125541125541126
0,125541125541126
0,125541125541126
0,125541125541126
0,125541125541126
0,125541125541126
0,125541125541126
0,125541125541126
Gen 73
0,125541125541126
0,125541125541126
0,125541125541126
0,125541125541126
0,125541125541126
0,125541125541126
0,125541125541126
0,125541125541126
0,125541125541126
0,125541125541126
0,125541125541126
0,125541125541126
0,125541125541126
0,125541125541126
0,125541125541126
0,125541125541126
0,125541125541126
0,125541125541126
0,125541125541126
0,125541125541126
Gen 74
0,125541125541126
0,125541125541126
0,125541125541126
0,125541125541126
0,125541125541126
0,125541125541126
0,125541125541126
0,125541125541126
0,125541125541126
0,125541125541126
0,125541125541126
0,125541125541126
0,125541125541126
0,125541125541126
0,125541125541126
0,125541125541126
0,125541125541126
0,125541125541126
0,025974025974026
0,00966183574879227
Gen 75
0,125541125541126
0,125541125541126
0,125541125541126
0,125541125541126
0,125541125541126
0,125541125541126
0,125541125541126
0,125541125541126
0,125541125541126
0,125541125541126
0,125541125541126
0,125541125541126
0,125541125541126
0,125541125541126
0,125541125541126
0,125541125541126
0,125541125541126
0,125541125541126
0,125541125541126
0
Gen 76
0,125541125541126
0,125541125541126
0,125541125541126
0,125541125541126
0,125541125541126
0,125541125541126
0,125541125541126
0,125541125541126
0,125541125541126
0,125541125541126
0,125541125541126
0,125541125541126
0,125541125541126
0,125541125541126
0,125541125541126
0,125541125541126
0,125541125541126
0,125541125541126
0,125541125541126
0,125541125541126
Gen 77
0,125541125541126
0,125541125541126
0,125541125541126
0,125541125541126
0,125541125541126
0,125541125541126
0,125541125541126
0,125541125541126
0,125541125541126
0,125541125541126
0,125541125541126
0,125541125541126
0,125541125541126
0,125541125541126
0,125541125541126
0,125541125541126
0,125541125541126
0,125541125541126
0,125541125541126
0,125541125541126
Gen 78
0,125541125541126
0,125541125541126
0,125541125541126
0,125541125541126
0,125541125541126
0,125541125541126
0,125541125541126
0,125541125541126
0,125541125541126
0,125541125541126
0,125541125541126
0,125541125541126
0,125541125541126
0,125541125541126
0,125541125541126
0,125541125541126
0,125541125541126
0,125541125541126
0,125541125541126
0,125541125541126
Gen 79
0,125541125541126
0,125541125541126
0,125541125541126
0,125541125541126
0,125541125541126
0,125541125541126
0,125541125541126
0,125541125541126
0,125541125541126
0,125541125541126
0,125541125541126
0,125541125541126
0,125541125541126
0,125541125541126
0,125541125541126
0,125541125541126
0,125541125541126
0,125541125541126
0,125541125541126
0,125541125541126
Gen 80
0,125541125541126
0,125541125541126
0,125541125541126
0,125541125541126
0,125541125541126
0,125541125541126
0,125541125541126
0,125541125541126
0,125541125541126
0,125541125541126
0,125541125541126
0,125541125541126
0,125541125541126
0,125541125541126
0,125541125541126
0,125541125541126
0,125541125541126
0,125541125541126
0,125541125541126
0,125541125541126
Gen 81
0,125541125541126
0,125541125541126
0,125541125541126
0,125541125541126
0,125541125541126
0,125541125541126
0,125541125541126
0,125541125541126
0,125541125541126
0,125541125541126
0,125541125541126
0,125541125541126
0,125541125541126
0,125541125541126
0,125541125541126
0,125541125541126
0,125541125541126
0,125541125541126
0,0463768115942029
0,021256038647343
Gen 82
0,125541125541126
0,125541125541126
0,125541125541126
0,125541125541126
0,125541125541126
0,125541125541126
0,125541125541126
0,125541125541126
0,125541125541126
0,125541125541126
0,125541125541126
0,125541125541126
0,125541125541126
0,125541125541126
0,125541125541126
0,125541125541126
0,125541125541126
0,125541125541126
0,125541125541126
0
Gen 83
0,125541125541126
0,125541125541126
0,125541125541126
0,125541125541126
0,125541125541126
0,125541125541126
0,125541125541126
0,125541125541126
0,125541125541126
0,125541125541126
0,125541125541126
0,125541125541126
0,125541125541126
0,125541125541126
0,125541125541126
0,125541125541126
0,125541125541126
0,125541125541126
0,125541125541126
0,125541125541126
Gen 84
0,125541125541126
0,125541125541126
0,125541125541126
0,125541125541126
0,125541125541126
0,125541125541126
0,125541125541126
0,125541125541126
0,125541125541126
0,125541125541126
0,125541125541126
0,125541125541126
0,125541125541126
0,125541125541126
0,125541125541126
0,125541125541126
0,125541125541126
0,125541125541126
0,125541125541126
0,125541125541126
Gen 85
0,125541125541126
0,125541125541126
0,125541125541126
0,125541125541126
0,125541125541126
0,125541125541126
0,125541125541126
0,125541125541126
0,125541125541126
0,125541125541126
0,125541125541126
0,125541125541126
0,125541125541126
0,125541125541126
0,125541125541126
0,125541125541126
0,125541125541126
0,125541125541126
0,125541125541126
0,125541125541126
Gen 86
0,125541125541126
0,125541125541126
0,125541125541126
0,125541125541126
0,125541125541126
0,125541125541126
0,125541125541126
0,125541125541126
0,125541125541126
0,125541125541126
0,125541125541126
0,125541125541126
0,125541125541126
0,125541125541126
0,125541125541126
0,125541125541126
0,125541125541126
0,125541125541126
0,125541125541126
0,108225108225108
Gen 87
0,125541125541126
0,125541125541126
0,125541125541126
0,125541125541126
0,125541125541126
0,125541125541126
0,125541125541126
0,125541125541126
0,125541125541126
0,125541125541126
0,125541125541126
0,125541125541126
0,125541125541126
0,125541125541126
0,125541125541126
0,125541125541126
0,125541125541126
0,125541125541126
0,125541125541126
0,125541125541126
Gen 88
0,125541125541126
0,125541125541126
0,125541125541126
0,125541125541126
0,125541125541126
0,125541125541126
0,125541125541126
0,125541125541126
0,125541125541126
0,125541125541126
0,125541125541126
0,125541125541126
0,125541125541126
0,125541125541126
0,125541125541126
0,125541125541126
0,125541125541126
0,125541125541126
0,125541125541126
0,0260869565217391
Gen 89
0,125541125541126
0,125541125541126
0,125541125541126
0,125541125541126
0,125541125541126
0,125541125541126
0,125541125541126
0,125541125541126
0,125541125541126
0,125541125541126
0,125541125541126
0,125541125541126
0,125541125541126
0,125541125541126
0,125541125541126
0,125541125541126
0,125541125541126
0,125541125541126
0,125541125541126
0,125541125541126
Gen 90
0,125541125541126
0,125541125541126
0,125541125541126
0,125541125541126
0,125541125541126
0,125541125541126
0,125541125541126
0,125541125541126
0,125541125541126
0,125541125541126
0,125541125541126
0,125541125541126
0,125541125541126
0,125541125541126
0,125541125541126
0,125541125541126
0,125541125541126
0,125541125541126
0,125541125541126
0,125541125541126
Gen 91
0,125541125541126
0,125541125541126
0,125541125541126
0,125541125541126
0,125541125541126
0,125541125541126
0,125541125541126
0,125541125541126
0,125541125541126
0,125541125541126
0,125541125541126
0,125541125541126
0,125541125541126
0,125541125541126
0,125541125541126
0,125541125541126
0,125541125541126
0,125541125541126
0,125541125541126
0,116883116883117
Gen 92
0,125541125541126
0,125541125541126
0,125541125541126
0,125541125541126
0,125541125541126
0,125541125541126
0,125541125541126
0,125541125541126
0,125541125541126
0,125541125541126
0,125541125541126
0,125541125541126
0,125541125541126
0,125541125541126
0,125541125541126
0,125541125541126
0,125541125541126
0,125541125541126
0
0
Gen 93
0,125541125541126
0,125541125541126
0,125541125541126
0,125541125541126
0,125541125541126
0,125541125541126
0,125541125541126
0,125541125541126
0,125541125541126
0,125541125541126
0,125541125541126
0,125541125541126
0,125541125541126
0,125541125541126
0,125541125541126
0,125541125541126
0,125541125541126
0,125541125541126
0,125541125541126
0,00579710144927536
Gen 94
0,125541125541126
0,125541125541126
0,125541125541126
0,125541125541126
0,125541125541126
0,125541125541126
0,125541125541126
0,125541125541126
0,125541125541126
0,125541125541126
0,125541125541126
0,125541125541126
0,125541125541126
0,125541125541126
0,125541125541126
0,125541125541126
0,125541125541126
0,125541125541126
0,0995670995670996
0,0562770562770563
Gen 95
0,125541125541126
0,125541125541126
0,125541125541126
0,125541125541126
0,125541125541126
0,125541125541126
0,125541125541126
0,125541125541126
0,125541125541126
0,125541125541126
0,125541125541126
0,125541125541126
0,125541125541126
0,125541125541126
0,125541125541126
0,125541125541126
0,125541125541126
0,125541125541126
0,125541125541126
0,00676328502415459
Gen 96
0,125541125541126
0,125541125541126
0,125541125541126
0,125541125541126
0,125541125541126
0,125541125541126
0,125541125541126
0,125541125541126
0,125541125541126
0,125541125541126
0,125541125541126
0,125541125541126
0,125541125541126
0,125541125541126
0,125541125541126
0,125541125541126
0,125541125541126
0,125541125541126
0,125541125541126
0,0483091787439614
Gen 97
0,125541125541126
0,125541125541126
0,125541125541126
0,125541125541126
0,125541125541126
0,125541125541126
0,125541125541126
0,125541125541126
0,125541125541126
0,125541125541126
0,125541125541126
0,125541125541126
0,125541125541126
0,125541125541126
0,125541125541126
0,125541125541126
0,125541125541126
0,125541125541126
0,125541125541126
0,125541125541126
Gen 98
0,125541125541126
0,125541125541126
0,125541125541126
0,125541125541126
0,125541125541126
0,125541125541126
0,125541125541126
0,125541125541126
0,125541125541126
0,125541125541126
0,125541125541126
0,125541125541126
0,125541125541126
0,125541125541126
0,125541125541126
0,125541125541126
0,125541125541126
0,125541125541126
0,125541125541126
0,0483091787439614
Gen 99
0,125541125541126
0,125541125541126
0,125541125541126
0,125541125541126
0,125541125541126
0,125541125541126
0,125541125541126
0,125541125541126
0,125541125541126
0,125541125541126
0,125541125541126
0,125541125541126
0,125541125541126
0,125541125541126
0,125541125541126
0,125541125541126
0,125541125541126
0,072463768115942
0
0
Gen 100
0,125541125541126
0,125541125541126
0,125541125541126
0,125541125541126
0,125541125541126
0,125541125541126
0,125541125541126
0,125541125541126
0,125541125541126
0,125541125541126
0,125541125541126
0,125541125541126
0,125541125541126
0,125541125541126
0,125541125541126
0,125541125541126
0,125541125541126
0,125541125541126
0,125541125541126
0,0476190476190476
