Gen 1
0
0
0
0
0
0
Gen 2
0
0
0
0
0
0
Gen 3
0
0
0
0
0
0
Gen 4
0
0
0
0
0
0
Gen 5
0
0
0
0
0
0
Gen 6
0
0
0
0
0
0
Gen 7
0
0
0
0
0
0
Gen 8
0
0
0
0
0
0
Gen 9
0
0
0
0
0
0
Gen 10
0
0
0
0
0
0
Gen 11
0,0338164251207729
0,00169082125603865
0,00676328502415459
0
0
0
Gen 12
0,0338164251207729
0,0185990338164251
0,0338164251207729
0,0338164251207729
0,00676328502415459
0
Gen 13
0,0338164251207729
0,0321256038647343
0,0338164251207729
0,0338164251207729
0,0338164251207729
0,0270531400966184
Gen 14
0,0338164251207729
0,0338164251207729
0,0338164251207729
0,0338164251207729
0,0338164251207729
0,0338164251207729
Gen 15
0,0338164251207729
0,0321256038647343
0,0338164251207729
0,0338164251207729
0,0338164251207729
0,0270531400966184
Gen 16
0,051948051948052
0,0347230064621369
0,0374427504862287
0,0338164251207729
0,0338164251207729
0,0338164251207729
Gen 17
0,051948051948052
0,0404040404040404
0,051948051948052
0,0420352594265638
0,0338164251207729
0,0338164251207729
Gen 18
0,051948051948052
0,046861158165506
0,051948051948052
0,051948051948052
0,051948051948052
0,0316004768178681
Gen 19
0,051948051948052
0,0491341991341991
0,051948051948052
0,051948051948052
0,051948051948052
0,0406926406926407
Gen 20
0,051948051948052
0,0442041533345881
0,051948051948052
0,051948051948052
0,051948051948052
0,0209724574941966
Gen 21
0,051948051948052
0,0517661082878474
0,051948051948052
0,051948051948052
0,051948051948052
0,0512202773072338
Gen 22
0,0865800865800866
0,0527730723382897
0,0588744588744589
0,051948051948052
0,051948051948052
0,0483217265825961
Gen 23
0,0865800865800866
0,0701298701298701
0,0865800865800866
0,0865800865800866
0,0658008658008658
0,0415584415584416
Gen 24
0,0865800865800866
0,0865800865800865
0,0865800865800866
0,0865800865800866
0,0865800865800866
0,0865800865800866
Gen 25
0,0865800865800866
0,083982683982684
0,0865800865800866
0,0865800865800866
0,0865800865800866
0,0761904761904762
Gen 26
0,0865800865800866
0,0865800865800865
0,0865800865800866
0,0865800865800866
0,0865800865800866
0,0865800865800866
Gen 27
0,0865800865800866
0,0822510822510822
0,0865800865800866
0,0865800865800866
0,0865800865800866
0,0692640692640693
Gen 28
0,0865800865800866
0,0865800865800865
0,0865800865800866
0,0865800865800866
0,0865800865800866
0,0865800865800866
Gen 29
0,0865800865800866
0,0846320346320346
0,0865800865800866
0,0865800865800866
0,0865800865800866
0,0787878787878788
Gen 30
0,0865800865800866
0,0865800865800865
0,0865800865800866
0,0865800865800866
0,0865800865800866
0,0865800865800866
Gen 31
0,0865800865800866
0,0846320346320346
0,0865800865800866
0,0865800865800866
0,0865800865800866
0,0787878787878788
Gen 32
0,0865800865800866
0,0838452851496329
0,0865800865800866
0,0865800865800866
0,0865800865800866
0,0756408808582722
Gen 33
0,0865800865800866
0,0865800865800865
0,0865800865800866
0,0865800865800866
0,0865800865800866
0,0865800865800866
Gen 34
0,0865800865800866
0,0861471861471861
0,0865800865800866
0,0865800865800866
0,0865800865800866
0,0848484848484848
Gen 35
0,0865800865800866
0,0865800865800865
0,0865800865800866
0,0865800865800866
0,0865800865800866
0,0865800865800866
Gen 36
0,0865800865800866
0,0796536796536796
0,0865800865800866
0,0865800865800866
0,0865800865800866
0,0588744588744589
Gen 37
0,0865800865800866
0,0822510822510822
0,0865800865800866
0,0865800865800866
0,0865800865800866
0,0692640692640693
Gen 38
0,0865800865800866
0,0865800865800865
0,0865800865800866
0,0865800865800866
0,0865800865800866
0,0865800865800866
Gen 39
0,0865800865800866
0,0779220779220779
0,0865800865800866
0,0865800865800866
0,0865800865800866
0,0519480519480519
Gen 40
0,0865800865800866
0,0865800865800865
0,0865800865800866
0,0865800865800866
0,0865800865800866
0,0865800865800866
Gen 41
0,0865800865800866
0,0838452851496329
0,0865800865800866
0,0865800865800866
0,0865800865800866
0,0756408808582722
Gen 42
0,0865800865800866
0,0865800865800865
0,0865800865800866
0,0865800865800866
0,0865800865800866
0,0865800865800866
Gen 43
0,0865800865800866
0,0807240102892277
0,0865800865800866
0,0865800865800866
0,0865800865800866
0,063155781416651
Gen 44
0,0865800865800866
0,0865800865800865
0,0865800865800866
0,0865800865800866
0,0865800865800866
0,0865800865800866
Gen 45
0,121212121212121
0,0883116883116883
0,0935064935064935
0,0865800865800866
0,0865800865800866
0,0865800865800866
Gen 46
0,121212121212121
0,0961038961038961
0,121212121212121
0,107359307359307
0,0865800865800866
0,0692640692640693
Gen 47
0,121212121212121
0,121212121212121
0,121212121212121
0,121212121212121
0,121212121212121
0,121212121212121
Gen 48
0,121212121212121
0,109090909090909
0,121212121212121
0,121212121212121
0,121212121212121
0,0727272727272727
Gen 49
0,121212121212121
0,113419913419913
0,121212121212121
0,121212121212121
0,121212121212121
0,0900432900432901
Gen 50
0,125541125541126
0,115367965367965
0,122077922077922
0,121212121212121
0,121212121212121
0,096969696969697
Gen 51
0,125541125541126
0,123809523809524
0,125541125541126
0,125541125541126
0,122943722943723
0,121212121212121
Gen 52
0,125541125541126
0,112770562770563
0,125541125541126
0,125541125541126
0,125541125541126
0,0744588744588745
Gen 53
0,125541125541126
0,125541125541126
0,125541125541126
0,125541125541126
0,125541125541126
0,125541125541126
Gen 54
0,125541125541126
0,125541125541126
0,125541125541126
0,125541125541126
0,125541125541126
0,125541125541126
Gen 55
0,125541125541126
0,125108225108225
0,125541125541126
0,125541125541126
0,125541125541126
0,123809523809524
Gen 56
0,125541125541126
0,125108225108225
0,125541125541126
0,125541125541126
0,125541125541126
0,123809523809524
Gen 57
0,125541125541126
0,113470104774453
0,125541125541126
0,125541125541126
0,125541125541126
0,0772570424744338
Gen 58
0,125541125541126
0,112362130623
0,125541125541126
0,125541125541126
0,125541125541126
0,0728251458686241
Gen 59
0,125541125541126
0,112987012987013
0,125541125541126
0,125541125541126
0,125541125541126
0,0753246753246753
Gen 60
0,125541125541126
0,125541125541126
0,125541125541126
0,125541125541126
0,125541125541126
0,125541125541126
Gen 61
0,125541125541126
0,121582909843779
0,125541125541126
0,125541125541126
0,125541125541126
0,109708262751741
Gen 62
0,125541125541126
0,119843779408997
0,125541125541126
0,125541125541126
0,125541125541126
0,102751741012611
Gen 63
0,125541125541126
0,122887257669866
0,125541125541126
0,125541125541126
0,125541125541126
0,114925654056089
Gen 64
0,125541125541126
0,125541125541126
0,125541125541126
0,125541125541126
0,125541125541126
0,125541125541126
Gen 65
0,125541125541126
0,125541125541126
0,125541125541126
0,125541125541126
0,125541125541126
0,125541125541126
Gen 66
0,125541125541126
0,125541125541126
0,125541125541126
0,125541125541126
0,125541125541126
0,125541125541126
Gen 67
0,125541125541126
0,121582909843779
0,125541125541126
0,125541125541126
0,125541125541126
0,109708262751741
Gen 68
0,125541125541126
0,119169333082377
0,125541125541126
0,125541125541126
0,125541125541126
0,10005395570613
Gen 69
0,125541125541126
0,125541125541126
0,125541125541126
0,125541125541126
0,125541125541126
0,125541125541126
Gen 70
0,125541125541126
0,119264069264069
0,125541125541126
0,125541125541126
0,125541125541126
0,1004329004329
Gen 71
0,125541125541126
0,119264069264069
0,125541125541126
0,125541125541126
0,125541125541126
0,1004329004329
Gen 72
0,125541125541126
0,125541125541126
0,125541125541126
0,125541125541126
0,125541125541126
0,125541125541126
Gen 73
0,125541125541126
0,125541125541126
0,125541125541126
0,125541125541126
0,125541125541126
0,125541125541126
Gen 74
0,125541125541126
0,114768806073154
0,125541125541126
0,125541125541126
0,125541125541126
0,082451847669239
Gen 75
0,125541125541126
0,119264069264069
0,125541125541126
0,125541125541126
0,125541125541126
0,1004329004329
Gen 76
0,125541125541126
0,125541125541126
0,125541125541126
0,125541125541126
0,125541125541126
0,125541125541126
Gen 77
0,125541125541126
0,125541125541126
0,125541125541126
0,125541125541126
0,125541125541126
0,125541125541126
Gen 78
0,125541125541126
0,125541125541126
0,125541125541126
0,125541125541126
0,125541125541126
0,125541125541126
Gen 79
0,125541125541126
0,125541125541126
0,125541125541126
0,125541125541126
0,125541125541126
0,125541125541126
Gen 80
0,125541125541126
0,125541125541126
0,125541125541126
0,125541125541126
0,125541125541126
0,125541125541126
Gen 81
0,125541125541126
0,11636865549909
0,125541125541126
0,125541125541126
0,125541125541126
0,0888512453729845
Gen 82
0,125541125541126
0,119264069264069
0,125541125541126
0,125541125541126
0,125541125541126
0,1004329004329
Gen 83
0,125541125541126
0,125541125541126
0,125541125541126
0,125541125541126
0,125541125541126
0,125541125541126
Gen 84
0,125541125541126
0,125541125541126
0,125541125541126
0,125541125541126
0,125541125541126
0,125541125541126
Gen 85
0,125541125541126
0,125541125541126
0,125541125541126
0,125541125541126
0,125541125541126
0,125541125541126
Gen 86
0,125541125541126
0,124675324675325
0,125541125541126
0,125541125541126
0,125541125541126
0,122077922077922
Gen 87
0,125541125541126
0,125541125541126
0,125541125541126
0,125541125541126
0,125541125541126
0,125541125541126
Gen 88
0,125541125541126
0,120568417090156
0,125541125541126
0,125541125541126
0,125541125541126
0,105650291737248
Gen 89
0,125541125541126
0,125541125541126
0,125541125541126
0,125541125541126
0,125541125541126
0,125541125541126
Gen 90
0,125541125541126
0,125541125541126
0,125541125541126
0,125541125541126
0,125541125541126
0,125541125541126
Gen 91
0,125541125541126
0,125108225108225
0,125541125541126
0,125541125541126
0,125541125541126
0,123809523809524
Gen 92
0,125541125541126
0,112987012987013
0,125541125541126
0,125541125541126
0,125541125541126
0,0753246753246753
Gen 93
0,125541125541126
0,119553924336533
0,125541125541126
0,125541125541126
0,125541125541126
0,101592320722756
Gen 94
0,125541125541126
0,120779220779221
0,125541125541126
0,125541125541126
0,125541125541126
0,106493506493507
Gen 95
0,125541125541126
0,119602233515277
0,125541125541126
0,125541125541126
0,125541125541126
0,101785557437731
Gen 96
0,125541125541126
0,121679528201267
0,125541125541126
0,125541125541126
0,125541125541126
0,110094736181693
Gen 97
0,125541125541126
0,125541125541126
0,125541125541126
0,125541125541126
0,125541125541126
0,125541125541126
Gen 98
0,125541125541126
0,121679528201267
0,125541125541126
0,125541125541126
0,125541125541126
0,110094736181693
Gen 99
0,125541125541126
0,110333145115754
0,125541125541126
0,125541125541126
0,125541125541126
0,0647092038396386
Gen 100
0,125541125541126
0,121645021645022
0,125541125541126
0,125541125541126
0,125541125541126
0,10995670995671
