Gen 1
0.0676328502415459
0.00456804065499718
0.0182721626199887
0
0
0
Gen 2
0.0676328502415459
0.0478628521237217
0.0660096618357488
0.0515113871635611
0.0476190476190476
0.0263113118765293
Gen 3
0.0676328502415459
0.0550055837881924
0.0676328502415459
0.0676328502415459
0.0539130434782609
0.0308435911914173
Gen 4
0.103896103896104
0.0596147813539118
0.0694698538176799
0.0676328502415459
0.0636521739130435
0.0377042474433779
Gen 5
0.103896103896104
0.0613857832988268
0.0715000941087898
0.0676328502415459
0.0674396135265701
0.0389705753184014
Gen 6
0.103896103896104
0.06464044168392
0.07865487169835
0.0676328502415459
0.0676328502415459
0.044641194554238
Gen 7
0.103896103896104
0.0731167576384969
0.0972206537423929
0.0699516908212561
0.0676328502415459
0.0576618357487923
Gen 8
0.103896103896104
0.0825086893782547
0.103896103896104
0.0969295438860656
0.0711111111111111
0.0580979986197378
Gen 9
0.125541125541126
0.091407114624506
0.104761904761905
0.103896103896104
0.0956923269966748
0.0612781228433402
Gen 10
0.1256038647343
0.0941803124411821
0.106496016061233
0.103896103896104
0.103376623376623
0.0629525064307673
Gen 11
0.1256038647343
0.0982269904009034
0.109966748227618
0.103896103896104
0.103896103896104
0.0751490055837882
Gen 12
0.1256038647343
0.103227304096869
0.117768994290733
0.103896103896104
0.103896103896104
0.087348014304536
Gen 13
0.1256038647343
0.107870004391743
0.125596336031119
0.117229437229437
0.103896103896104
0.0847581404103143
Gen 14
0.1256038647343
0.113588054457619
0.1256038647343
0.125583788192484
0.113766233766234
0.0893983311374616
Gen 15
0.1256038647343
0.113604366647845
0.1256038647343
0.1256038647343
0.12157600853253
0.0816337285902504
Gen 16
0.1256038647343
0.116630152456239
0.1256038647343
0.1256038647343
0.125269590313069
0.0900432900432901
Gen 17
0.1256038647343
0.121193424932555
0.1256038647343
0.1256038647343
0.1256038647343
0.107962105527323
Gen 18
0.1256038647343
0.122093732354602
0.1256038647343
0.1256038647343
0.1256038647343
0.111563335215509
Gen 19
0.1256038647343
0.121141351402221
0.1256038647343
0.1256038647343
0.1256038647343
0.107753811405985
Gen 20
0.1256038647343
0.119740385218646
0.1256038647343
0.1256038647343
0.1256038647343
0.102149946671686
Gen 21
0.1256038647343
0.121146496016061
0.1256038647343
0.1256038647343
0.1256038647343
0.107774389861346
Gen 22
0.1256038647343
0.120218332392246
0.1256038647343
0.1256038647343
0.1256038647343
0.104061735366083
Gen 23
0.1256038647343
0.122440554614468
0.1256038647343
0.1256038647343
0.1256038647343
0.112950624254972
Gen 24
0.1256038647343
0.122005772005772
0.1256038647343
0.1256038647343
0.1256038647343
0.11121149382019
Gen 25
0.126570048309179
0.119372859025033
0.125642512077295
0.1256038647343
0.1256038647343
0.100641194554238
Gen 26
0.126570048309179
0.121184515967125
0.12568115942029
0.1256038647343
0.1256038647343
0.10784917497961
Gen 27
0.126570048309179
0.120783863479516
0.125719806763285
0.1256038647343
0.1256038647343
0.106207917686179
Gen 28
0.136231884057971
0.121851182633791
0.126222222222222
0.1256038647343
0.1256038647343
0.109974778844344
Gen 29
0.136231884057971
0.124184829663091
0.12680193236715
0.1256038647343
0.1256038647343
0.118729656816613
Gen 30
0.136231884057971
0.120793525315264
0.127381642512077
0.1256038647343
0.1256038647343
0.104584729280381
Gen 31
0.136231884057971
0.122629274107535
0.129275362318841
0.125719806763285
0.1256038647343
0.109918062613715
Gen 32
0.136231884057971
0.122136520484347
0.131594202898551
0.126028985507246
0.1256038647343
0.10531902879729
Gen 33
0.136231884057971
0.124063743020265
0.135845410628019
0.126570048309179
0.125913043478261
0.1079264696656
Gen 34
0.136231884057971
0.120545830980614
0.136231884057971
0.134685990338164
0.126183574879227
0.0850818746470921
Gen 35
0.136231884057971
0.121019637367464
0.136231884057971
0.136231884057971
0.127845410628019
0.0837693707258925
Gen 36
0.136231884057971
0.130198381328816
0.136231884057971
0.136231884057971
0.133526570048309
0.114803187151013
Gen 37
0.136231884057971
0.128855009724575
0.136231884057971
0.136231884057971
0.136231884057971
0.106724386724387
Gen 38
0.306280193236715
0.131748792270531
0.143033816425121
0.136231884057971
0.136231884057971
0.111497584541063
Gen 39
0.306280193236715
0.141159420289855
0.16343961352657
0.136231884057971
0.136231884057971
0.128734299516908
Gen 40
0.306280193236715
0.154242926155969
0.218466403162055
0.136231884057971
0.136231884057971
0.126041533345881
Gen 41
0.306280193236715
0.195461572244181
0.306280193236715
0.233904259991217
0.136231884057971
0.105429951690821
Gen 42
0.306280193236715
0.239078988644206
0.306280193236715
0.306280193236715
0.233904259991217
0.109851308112178
Gen 43
0.306280193236715
0.2710606687998
0.306280193236715
0.306280193236715
0.306280193236715
0.165402095489052
Gen 44
0.306280193236715
0.295410251584165
0.306280193236715
0.306280193236715
0.306280193236715
0.262800426626513
Gen 45
0.306280193236715
0.282912729782295
0.306280193236715
0.306280193236715
0.306280193236715
0.212810339419035
Gen 46
0.344927536231884
0.29409072087333
0.307826086956522
0.306280193236715
0.306280193236715
0.255976410063366
Gen 47
0.344927536231884
0.297606876215572
0.309371980676328
0.306280193236715
0.306280193236715
0.268495137712529
Gen 48
0.344927536231884
0.28745818432775
0.314009661835749
0.306280193236715
0.306280193236715
0.223262689001819
Gen 49
0.344927536231884
0.293544387979171
0.326376811594203
0.306280193236715
0.306280193236715
0.235240353849049
Gen 50
0.344927536231884
0.307564966434532
0.344927536231884
0.317101449275362
0.306280193236715
0.261950686994165
Gen 51
0.344927536231884
0.315574251835122
0.344927536231884
0.344927536231884
0.310917874396135
0.261524060480582
Gen 52
0.344927536231884
0.318202271158794
0.344927536231884
0.344927536231884
0.334106280193237
0.248847731978167
Gen 53
0.344927536231884
0.329730472426125
0.344927536231884
0.344927536231884
0.344927536231884
0.284139281008846
Gen 54
0.344927536231884
0.333872639437858
0.344927536231884
0.344927536231884
0.344927536231884
0.300707949055775
Gen 55
0.344927536231884
0.331881297446516
0.344927536231884
0.344927536231884
0.344927536231884
0.292742581090407
Gen 56
0.344927536231884
0.335623188405798
0.344927536231884
0.344927536231884
0.344927536231884
0.307710144927536
Gen 57
0.344927536231884
0.322488361879667
0.344927536231884
0.344927536231884
0.344927536231884
0.255170838823013
Gen 58
0.344927536231884
0.322999937260808
0.344927536231884
0.344927536231884
0.344927536231884
0.257217140347575
Gen 59
0.344927536231884
0.335744651483783
0.344927536231884
0.344927536231884
0.344927536231884
0.308195997239475
Gen 60
0.344927536231884
0.335043227304098
0.344927536231884
0.344927536231884
0.344927536231884
0.305390300520735
Gen 61
0.344927536231884
0.331053140096619
0.344927536231884
0.344927536231884
0.344927536231884
0.289429951690821
Gen 62
0.344927536231884
0.329969634230505
0.344927536231884
0.344927536231884
0.344927536231884
0.285095928226363
Gen 63
0.344927536231884
0.334266390614218
0.344927536231884
0.344927536231884
0.344927536231884
0.302282953761215
Gen 64
0.344927536231884
0.330437543133196
0.344927536231884
0.344927536231884
0.344927536231884
0.286967563837129
Gen 65
0.344927536231884
0.327222661396575
0.344927536231884
0.344927536231884
0.344927536231884
0.274108036890646
Gen 66
0.344927536231884
0.329806010414707
0.344927536231884
0.344927536231884
0.344927536231884
0.284441432963172
Gen 67
0.344927536231884
0.325671372106156
0.344927536231884
0.344927536231884
0.344927536231884
0.267902879728967
Gen 68
0.344927536231884
0.331988832423616
0.344927536231884
0.344927536231884
0.344927536231884
0.293172720998808
Gen 69
0.344927536231884
0.329822448083318
0.344927536231884
0.344927536231884
0.344927536231884
0.284507183637618
Gen 70
0.344927536231884
0.336160612334526
0.344927536231884
0.344927536231884
0.344927536231884
0.309859840642449
Gen 71
0.344927536231884
0.328112177677396
0.344927536231884
0.344927536231884
0.344927536231884
0.277666102013928
Gen 72
0.344927536231884
0.327213752431145
0.344927536231884
0.344927536231884
0.344927536231884
0.274072401028923
Gen 73
0.344927536231884
0.332022084195998
0.344927536231884
0.344927536231884
0.344927536231884
0.293305728088337
Gen 74
0.344927536231884
0.32736783988958
0.344927536231884
0.344927536231884
0.344927536231884
0.274688750862664
Gen 75
0.344927536231884
0.341120020076543
0.344927536231884
0.344927536231884
0.344927536231884
0.329697471610515
Gen 76
0.344927536231884
0.341352657004832
0.344927536231884
0.344927536231884
0.344927536231884
0.330628019323671
Gen 77
0.344927536231884
0.330509944162119
0.344927536231884
0.344927536231884
0.344927536231884
0.28725716795282
Gen 78
0.344927536231884
0.334917874396136
0.344927536231884
0.344927536231884
0.344927536231884
0.304888888888889
Gen 79
0.344927536231884
0.337065562456868
0.344927536231884
0.344927536231884
0.344927536231884
0.313479641131815
Gen 80
0.344927536231884
0.333167701863355
0.344927536231884
0.344927536231884
0.344927536231884
0.297888198757764
Gen 81
0.344927536231884
0.331661835748793
0.344927536231884
0.344927536231884
0.344927536231884
0.291864734299517
Gen 82
0.344927536231884
0.337053140096619
0.344927536231884
0.344927536231884
0.344927536231884
0.313429951690821
Gen 83
0.344927536231884
0.329142857142858
0.344927536231884
0.344927536231884
0.344927536231884
0.281788819875776
Gen 84
0.344927536231884
0.335855072463769
0.344927536231884
0.344927536231884
0.344927536231884
0.30863768115942
Gen 85
0.344927536231884
0.333792960662527
0.344927536231884
0.344927536231884
0.344927536231884
0.300389233954451
Gen 86
0.344927536231884
0.325870255348517
0.344927536231884
0.344927536231884
0.344927536231884
0.268698412698413
Gen 87
0.344927536231884
0.329133069828723
0.344927536231884
0.344927536231884
0.344927536231884
0.281749670619236
Gen 88
0.344927536231884
0.327730597904512
0.344927536231884
0.344927536231884
0.344927536231884
0.276139782922392
Gen 89
0.344927536231884
0.334263630089718
0.344927536231884
0.344927536231884
0.344927536231884
0.302271911663216
Gen 90
0.344927536231884
0.337236714975846
0.344927536231884
0.344927536231884
0.344927536231884
0.314164251207729
Gen 91
0.344927536231884
0.33536783988958
0.344927536231884
0.344927536231884
0.344927536231884
0.306688750862664
Gen 92
0.344927536231884
0.327037957211871
0.344927536231884
0.344927536231884
0.344927536231884
0.273369220151829
Gen 93
0.344927536231884
0.325199447895101
0.344927536231884
0.344927536231884
0.344927536231884
0.266015182884748
Gen 94
0.344927536231884
0.329427191166322
0.344927536231884
0.344927536231884
0.344927536231884
0.282926155969634
Gen 95
0.344927536231884
0.329297321036452
0.344927536231884
0.344927536231884
0.344927536231884
0.282406675450154
Gen 96
0.344927536231884
0.333755568103395
0.344927536231884
0.344927536231884
0.344927536231884
0.300239663717925
Gen 97
0.344927536231884
0.329549030679466
0.344927536231884
0.344927536231884
0.344927536231884
0.28341351402221
Gen 98
0.344927536231884
0.319673881673882
0.344927536231884
0.344927536231884
0.344927536231884
0.243912917999875
Gen 99
0.344927536231884
0.33270644331514
0.344927536231884
0.344927536231884
0.344927536231884
0.296043164564904
Gen 100
0.344927536231884
0.332965932618107
0.344927536231884
0.344927536231884
0.344927536231884
0.297081121776774
Gen 101
0.344927536231884
0.308416839199449
0.344927536231884
0.344927536231884
0.344927536231884
0.198884748102139
Gen 102
0.344927536231884
0.321650793650795
0.344927536231884
0.344927536231884
0.344927536231884
0.251820565907522
Gen 103
0.344927536231884
0.32296618357488
0.344927536231884
0.344927536231884
0.344927536231884
0.257082125603865
Gen 104
0.344927536231884
0.335587301587302
0.344927536231884
0.344927536231884
0.344927536231884
0.307566597653554
Gen 105
0.344927536231884
0.335152518978607
0.344927536231884
0.344927536231884
0.344927536231884
0.305827467218772
Gen 106
0.344927536231884
0.33144237405107
0.344927536231884
0.344927536231884
0.344927536231884
0.290986887508627
Gen 107
0.344927536231884
0.327841269841271
0.344927536231884
0.344927536231884
0.344927536231884
0.276582470669427
Gen 108
0.344927536231884
0.341036576949621
0.344927536231884
0.344927536231884
0.344927536231884
0.329363699102829
Gen 109
0.344927536231884
0.32616701173223
0.344927536231884
0.344927536231884
0.344927536231884
0.269885438233264
Gen 110
0.344927536231884
0.328758391367088
0.344927536231884
0.344927536231884
0.344927536231884
0.280250956772696
Gen 111
0.344927536231884
0.332747976661021
0.344927536231884
0.344927536231884
0.344927536231884
0.296209297948428
Gen 112
0.344927536231884
0.341024154589373
0.344927536231884
0.344927536231884
0.344927536231884
0.329314009661836
Gen 113
0.344927536231884
0.332374552983249
0.344927536231884
0.344927536231884
0.344927536231884
0.294715603237342
Gen 114
0.344927536231884
0.331457556935819
0.344927536231884
0.344927536231884
0.344927536231884
0.291047619047619
Gen 115
0.344927536231884
0.331299956082566
0.344927536231884
0.344927536231884
0.344927536231884
0.290417215634607
Gen 116
0.344927536231884
0.330587238848109
0.344927536231884
0.344927536231884
0.344927536231884
0.287566346696781
Gen 117
0.344927536231884
0.33824706694272
0.344927536231884
0.344927536231884
0.344927536231884
0.318205659075224
Gen 118
0.344927536231884
0.327307108350587
0.344927536231884
0.344927536231884
0.344927536231884
0.274445824706694
Gen 119
0.344927536231884
0.331731476253216
0.344927536231884
0.344927536231884
0.344927536231884
0.292143296317209
Gen 120
0.344927536231884
0.332092477570739
0.344927536231884
0.344927536231884
0.344927536231884
0.293587301587302
Gen 121
0.344927536231884
0.322915866741955
0.344927536231884
0.344927536231884
0.344927536231884
0.256880858272163
Gen 122
0.344927536231884
0.318667294058599
0.344927536231884
0.344927536231884
0.344927536231884
0.239886567538741
Gen 123
0.344927536231884
0.325374741200829
0.344927536231884
0.344927536231884
0.344927536231884
0.26671635610766
Gen 124
0.344927536231884
0.330858523119393
0.344927536231884
0.344927536231884
0.344927536231884
0.288651483781919
Gen 125
0.344927536231884
0.301135704874836
0.344927536231884
0.344927536231884
0.344927536231884
0.169760210803689
Gen 126
0.344927536231884
0.321081498211934
0.344927536231884
0.344927536231884
0.344927536231884
0.24954338415208
Gen 127
0.344927536231884
0.331153397327311
0.344927536231884
0.344927536231884
0.344927536231884
0.289830980613589
Gen 128
0.344927536231884
0.334616600790515
0.344927536231884
0.344927536231884
0.344927536231884
0.303683794466403
Gen 129
0.344927536231884
0.323702992659515
0.344927536231884
0.344927536231884
0.344927536231884
0.260029361942405
Gen 130
0.344927536231884
0.343371980676329
0.344927536231884
0.344927536231884
0.344927536231884
0.338705314009662
Gen 131
0.344927536231884
0.336946859903382
0.344927536231884
0.344927536231884
0.344927536231884
0.313004830917874
Gen 132
0.344927536231884
0.328276052449966
0.344927536231884
0.344927536231884
0.344927536231884
0.27832160110421
Gen 133
0.344927536231884
0.324826777087647
0.344927536231884
0.344927536231884
0.344927536231884
0.264524499654934
Gen 134
0.344927536231884
0.336350586611457
0.344927536231884
0.344927536231884
0.344927536231884
0.310619737750172
Gen 135
0.344927536231884
0.342685990338165
0.344927536231884
0.344927536231884
0.344927536231884
0.335961352657005
Gen 136
0.344927536231884
0.331754313319531
0.344927536231884
0.344927536231884
0.344927536231884
0.292234644582471
Gen 137
0.344927536231884
0.341478260869566
0.344927536231884
0.344927536231884
0.344927536231884
0.331130434782609
Gen 138
0.344927536231884
0.337983436853003
0.344927536231884
0.344927536231884
0.344927536231884
0.317151138716356
Gen 139
0.344927536231884
0.334710835058662
0.344927536231884
0.344927536231884
0.344927536231884
0.304060731538992
Gen 140
0.344927536231884
0.320428634167765
0.344927536231884
0.344927536231884
0.344927536231884
0.246931927975406
Gen 141
0.344927536231884
0.335838509316771
0.344927536231884
0.344927536231884
0.344927536231884
0.308571428571429
Gen 142
0.344927536231884
0.328668799799235
0.344927536231884
0.344927536231884
0.344927536231884
0.279892590501286
Gen 143
0.344927536231884
0.327464458247068
0.344927536231884
0.344927536231884
0.344927536231884
0.275075224292616
Gen 144
0.344927536231884
0.335483781918565
0.344927536231884
0.344927536231884
0.344927536231884
0.307152518978606
Gen 145
0.344927536231884
0.32622987640379
0.344927536231884
0.344927536231884
0.344927536231884
0.270136896919506
Gen 146
0.344927536231884
0.332456239412762
0.344927536231884
0.344927536231884
0.344927536231884
0.295042348955392
Gen 147
0.344927536231884
0.330991028295377
0.344927536231884
0.344927536231884
0.344927536231884
0.289181504485852
Gen 148
0.344927536231884
0.325025534851623
0.344927536231884
0.344927536231884
0.344927536231884
0.265319530710835
Gen 149
0.344927536231884
0.327256038647344
0.344927536231884
0.344927536231884
0.344927536231884
0.27424154589372
Gen 150
0.344927536231884
0.326652864044169
0.344927536231884
0.344927536231884
0.344927536231884
0.271828847481021
Gen 151
0.344927536231884
0.33184817115252
0.344927536231884
0.344927536231884
0.344927536231884
0.292610075914424
Gen 152
0.344927536231884
0.3342628772194
0.344927536231884
0.344927536231884
0.344927536231884
0.302268900181944
Gen 153
0.344927536231884
0.330743961352658
0.344927536231884
0.344927536231884
0.344927536231884
0.288193236714976
Gen 154
0.344927536231884
0.327516908212561
0.344927536231884
0.344927536231884
0.344927536231884
0.275285024154589
Gen 155
0.344927536231884
0.338038647342996
0.344927536231884
0.344927536231884
0.344927536231884
0.317371980676328
Gen 156
0.344927536231884
0.321534851621809
0.344927536231884
0.344927536231884
0.344927536231884
0.25135679779158
Gen 157
0.344927536231884
0.339951690821257
0.344927536231884
0.344927536231884
0.344927536231884
0.325024154589372
Gen 158
0.344927536231884
0.340618357487923
0.344927536231884
0.344927536231884
0.344927536231884
0.327690821256039
