Gen 1
0.0952380952380952
0.00562456866804693
0.0224982746721877
0
0
0
Gen 2
0.0952380952380952
0.0724054206662902
0.0952380952380953
0.0952380952380953
0.0675324675324676
0.0316130246565029
Gen 3
0.134199134199134
0.0862243553547901
0.0967965367965368
0.0952380952380953
0.0950649350649351
0.0577978543195935
Gen 4
0.134199134199134
0.0886084446954012
0.101471861471862
0.0952380952380953
0.0952380952380953
0.0624857268335529
Gen 5
0.134199134199134
0.0913790074659639
0.106147186147186
0.0952380952380953
0.0952380952380953
0.0688926532404793
Gen 6
0.134199134199134
0.0988681849551413
0.126406926406926
0.0952380952380953
0.0952380952380953
0.078589622937449
Gen 7
0.134199134199134
0.0968868812347072
0.134199134199134
0.121731601731602
0.0952380952380953
0.0363786937699981
Gen 8
0.134199134199134
0.114882364012799
0.134199134199134
0.134199134199134
0.122251082251082
0.0688801054018445
Gen 9
0.134199134199134
0.121944914988393
0.134199134199134
0.134199134199134
0.134199134199134
0.0851822573561704
Gen 10
0.134199134199134
0.122683982683983
0.134199134199134
0.134199134199134
0.134199134199134
0.0881385281385282
Gen 11
0.134199134199134
0.130649350649351
0.134199134199134
0.134199134199134
0.134199134199134
0.12
Gen 12
0.134199134199134
0.126060606060606
0.134199134199134
0.134199134199134
0.134199134199134
0.101645021645022
Gen 13
0.134199134199134
0.132509944162118
0.134199134199134
0.134199134199134
0.134199134199134
0.12744237405107
Gen 14
0.134199134199134
0.130258861911036
0.134199134199134
0.134199134199134
0.134199134199134
0.118438045046741
Gen 15
0.134199134199134
0.132476315954577
0.134199134199134
0.134199134199134
0.134199134199134
0.127307861220905
Gen 16
0.134199134199134
0.127574879227053
0.134199134199134
0.134199134199134
0.134199134199134
0.10770211431081
Gen 17
0.134199134199134
0.132328251458686
0.134199134199134
0.134199134199134
0.134199134199134
0.126715603237342
Gen 18
0.134199134199134
0.131082251082251
0.134199134199134
0.134199134199134
0.134199134199134
0.121731601731602
Gen 19
0.134199134199134
0.133800865800866
0.134199134199134
0.134199134199134
0.134199134199134
0.132606060606061
Gen 20
0.134199134199134
0.132467532467532
0.134199134199134
0.134199134199134
0.134199134199134
0.127272727272727
Gen 21
0.134199134199134
0.133679653679654
0.134199134199134
0.134199134199134
0.134199134199134
0.132121212121212
Gen 22
0.142857142857143
0.132683982683983
0.134545454545455
0.134199134199134
0.134199134199134
0.127792207792208
Gen 23
0.142857142857143
0.127724825898739
0.134891774891775
0.134199134199134
0.134199134199134
0.107609260304912
Gen 24
0.142857142857143
0.132727272727273
0.135930735930736
0.134199134199134
0.134199134199134
0.126580086580087
Gen 25
0.142857142857143
0.134588744588745
0.138008658008658
0.134199134199134
0.134199134199134
0.131948051948052
Gen 26
0.142857142857143
0.132843967626576
0.140779220779221
0.134199134199134
0.134199134199134
0.122198381328816
Gen 27
0.142857142857143
0.136632160110421
0.142857142857143
0.138008658008658
0.134199134199134
0.131463705376749
Gen 28
0.142857142857143
0.134935064935065
0.142857142857143
0.141471861471861
0.134199134199134
0.121212121212121
Gen 29
0.142857142857143
0.13974025974026
0.142857142857143
0.142857142857143
0.140779220779221
0.132467532467532
Gen 30
0.142857142857143
0.138101261057783
0.142857142857143
0.142857142857143
0.142857142857143
0.123833615659703
Gen 31
0.142857142857143
0.139281008846226
0.142857142857143
0.142857142857143
0.142857142857143
0.128552606813476
Gen 32
0.142857142857143
0.140611330698287
0.142857142857143
0.142857142857143
0.142857142857143
0.13387389422172
Gen 33
0.142857142857143
0.139658949745906
0.142857142857143
0.142857142857143
0.142857142857143
0.130064370412197
Gen 34
0.142857142857143
0.140438170525127
0.142857142857143
0.142857142857143
0.142857142857143
0.13318125352908
Gen 35
0.142857142857143
0.137958843089278
0.142857142857143
0.142857142857143
0.142857142857143
0.123263943785683
Gen 36
0.142857142857143
0.140004391743522
0.142857142857143
0.142857142857143
0.142857142857143
0.13144613840266
Gen 37
0.142857142857143
0.141044231131188
0.142857142857143
0.142857142857143
0.142857142857143
0.135605495953322
Gen 38
0.142857142857143
0.139876152832674
0.142857142857143
0.142857142857143
0.142857142857143
0.13093318275927
Gen 39
0.142857142857143
0.141053642010164
0.142857142857143
0.142857142857143
0.142857142857143
0.135643139469226
Gen 40
0.142857142857143
0.141872012045925
0.142857142857143
0.142857142857143
0.142857142857143
0.138916619612272
Gen 41
0.142857142857143
0.140568040654997
0.142857142857143
0.142857142857143
0.142857142857143
0.13370073404856
Gen 42
0.142857142857143
0.139572369659326
0.142857142857143
0.142857142857143
0.142857142857143
0.129718050065876
Gen 43
0.142857142857143
0.139918690005646
0.142857142857143
0.142857142857143
0.142857142857143
0.131103331451158
Gen 44
0.142857142857143
0.14008658008658
0.142857142857143
0.142857142857143
0.142857142857143
0.131774891774892
Gen 45
0.142857142857143
0.137216261998871
0.142857142857143
0.142857142857143
0.142857142857143
0.120293619424054
Gen 46
0.142857142857143
0.138817993600602
0.142857142857143
0.142857142857143
0.142857142857143
0.126700545830981
Gen 47
0.142857142857143
0.140009159922203
0.142857142857143
0.142857142857143
0.142857142857143
0.131465211117385
Gen 48
0.142857142857143
0.141341991341991
0.142857142857143
0.142857142857143
0.142857142857143
0.136796536796537
Gen 49
0.142857142857143
0.141706757011105
0.142857142857143
0.142857142857143
0.142857142857143
0.138255599472991
Gen 50
0.142857142857143
0.140018445322793
0.142857142857143
0.142857142857143
0.142857142857143
0.131502352719744
Gen 51
0.142857142857143
0.141125541125541
0.142857142857143
0.142857142857143
0.142857142857143
0.135930735930736
Gen 52
0.142857142857143
0.142033753685927
0.142857142857143
0.142857142857143
0.142857142857143
0.139563586172282
Gen 53
0.142857142857143
0.139566221218395
0.142857142857143
0.142857142857143
0.142857142857143
0.129693456302152
Gen 54
0.142857142857143
0.139209862601167
0.142857142857143
0.142857142857143
0.142857142857143
0.128268021833239
Gen 55
0.142857142857143
0.141255411255411
0.142857142857143
0.142857142857143
0.142857142857143
0.136450216450216
Gen 56
0.142857142857143
0.141055900621118
0.142857142857143
0.142857142857143
0.142857142857143
0.135652173913043
Gen 57
0.142857142857143
0.138619988706945
0.142857142857143
0.142857142857143
0.142857142857143
0.125908526256352
Gen 58
0.142857142857143
0.140784490871447
0.142857142857143
0.142857142857143
0.142857142857143
0.134566534914361
Gen 59
0.142857142857143
0.138571428571428
0.142857142857143
0.142857142857143
0.142857142857143
0.125714285714286
Gen 60
0.142857142857143
0.138917748917749
0.142857142857143
0.142857142857143
0.142857142857143
0.127099567099567
Gen 61
0.142857142857143
0.139150762281197
0.142857142857143
0.142857142857143
0.142857142857143
0.12803162055336
Gen 62
0.142857142857143
0.141217767739507
0.142857142857143
0.142857142857143
0.142857142857143
0.136299642386599
Gen 63
0.142857142857143
0.142770562770563
0.142857142857143
0.142857142857143
0.142857142857143
0.142510822510822
Gen 64
0.142857142857143
0.140146809712027
0.142857142857143
0.142857142857143
0.142857142857143
0.13201581027668
Gen 65
0.142857142857143
0.141229060794278
0.142857142857143
0.142857142857143
0.142857142857143
0.136344814605684
Gen 66
0.142857142857143
0.139497459062676
0.142857142857143
0.142857142857143
0.142857142857143
0.129418407679277
Gen 67
0.142857142857143
0.137783173348391
0.142857142857143
0.142857142857143
0.142857142857143
0.122561264822134
Gen 68
0.142857142857143
0.138694899303595
0.142857142857143
0.142857142857143
0.142857142857143
0.126208168642951
Gen 69
0.173160173160173
0.139277746408181
0.144069264069264
0.142857142857143
0.142857142857143
0.127327435849175
Gen 70
0.173160173160173
0.142298889516281
0.145281385281385
0.142857142857143
0.142857142857143
0.138199887069452
Gen 71
0.173160173160173
0.144025974025974
0.15012987012987
0.142857142857143
0.142857142857143
0.14025974025974
Gen 72
0.173160173160173
0.144302653867871
0.15982683982684
0.142857142857143
0.142857142857143
0.131669489930359
Gen 73
0.173160173160173
0.152034632034632
0.173160173160173
0.151341991341991
0.142857142857143
0.140779220779221
Gen 74
0.173160173160173
0.155193926846101
0.173160173160173
0.173160173160173
0.145108225108225
0.129347135955832
Gen 75
0.173160173160173
0.15874283204718
0.173160173160173
0.173160173160173
0.156536796536796
0.132114185331577
Gen 76
0.173160173160173
0.164069264069264
0.173160173160173
0.173160173160173
0.172987012987013
0.136969696969697
Gen 77
0.173160173160173
0.160355982182069
0.173160173160173
0.173160173160173
0.173160173160173
0.121943409247757
Gen 78
0.173160173160173
0.163796223100571
0.173160173160173
0.173160173160173
0.173160173160173
0.135704372921764
Gen 79
0.173160173160173
0.16987012987013
0.173160173160173
0.173160173160173
0.173160173160173
0.16
Gen 80
0.173160173160173
0.167662337662338
0.173160173160173
0.173160173160173
0.173160173160173
0.151168831168831
Gen 81
0.173160173160173
0.165633854068637
0.173160173160173
0.173160173160173
0.173160173160173
0.143054896794027
Gen 82
0.173160173160173
0.168909216387478
0.173160173160173
0.173160173160173
0.173160173160173
0.15615634606939
Gen 83
0.173160173160173
0.166926406926407
0.173160173160173
0.173160173160173
0.173160173160173
0.148225108225108
Gen 84
0.173160173160173
0.167965367965368
0.173160173160173
0.173160173160173
0.173160173160173
0.152380952380952
Gen 85
0.173160173160173
0.169789572746095
0.173160173160173
0.173160173160173
0.173160173160173
0.159677771503858
Gen 86
0.173160173160173
0.167239224543573
0.173160173160173
0.173160173160173
0.173160173160173
0.14947637869377
Gen 87
0.173160173160173
0.167715415019763
0.173160173160173
0.173160173160173
0.173160173160173
0.151381140598532
Gen 88
0.173160173160173
0.166726017943409
0.173160173160173
0.173160173160173
0.173160173160173
0.147423552293117
Gen 89
0.173160173160173
0.16918363761842
0.173160173160173
0.173160173160173
0.173160173160173
0.157254030993161
Gen 90
0.173160173160173
0.169681786812222
0.173160173160173
0.173160173160173
0.173160173160173
0.159246627768367
Gen 91
0.173160173160173
0.170649350649351
0.173160173160173
0.173160173160173
0.173160173160173
0.163116883116883
Gen 92
0.173160173160173
0.168895915678525
0.173160173160173
0.173160173160173
0.173160173160173
0.156103143233578
Gen 93
0.173160173160173
0.166233013363448
0.173160173160173
0.173160173160173
0.173160173160173
0.145451533973273
Gen 94
0.173160173160173
0.167121023903633
0.173160173160173
0.173160173160173
0.173160173160173
0.149003576134011
Gen 95
0.173160173160173
0.169155655938265
0.173160173160173
0.173160173160173
0.173160173160173
0.157142104272539
Gen 96
0.173160173160173
0.17025974025974
0.173160173160173
0.173160173160173
0.173160173160173
0.161558441558442
Gen 97
0.173160173160173
0.172467532467533
0.173160173160173
0.173160173160173
0.173160173160173
0.17038961038961
Gen 98
0.173160173160173
0.169268586485978
0.173160173160173
0.173160173160173
0.173160173160173
0.157593826463392
Gen 99
0.173160173160173
0.167748917748918
0.173160173160173
0.173160173160173
0.173160173160173
0.151515151515151
Gen 100
0.173160173160173
0.166181316268273
0.173160173160173
0.173160173160173
0.173160173160173
0.145244745592572
Gen 101
0.173160173160173
0.167619047619048
0.173160173160173
0.173160173160173
0.173160173160173
0.150995670995671
Gen 102
0.173160173160173
0.165964489616664
0.173160173160173
0.173160173160173
0.173160173160173
0.144377438986135
Gen 103
0.173160173160173
0.169212246690508
0.173160173160173
0.173160173160173
0.173160173160173
0.157368467281511
Gen 104
0.173160173160173
0.165519292301901
0.173160173160173
0.173160173160173
0.173160173160173
0.142596649727084
Gen 105
0.173160173160173
0.171904761904762
0.173160173160173
0.173160173160173
0.173160173160173
0.168138528138528
Gen 106
0.173160173160173
0.166845975280758
0.173160173160173
0.173160173160173
0.173160173160173
0.147903381642512
Gen 107
0.173160173160173
0.167229437229437
0.173160173160173
0.173160173160173
0.173160173160173
0.149437229437229
Gen 108
0.173160173160173
0.165577012359621
0.173160173160173
0.173160173160173
0.173160173160173
0.142827529957965
Gen 109
0.173160173160173
0.17129154903068
0.173160173160173
0.173160173160173
0.173160173160173
0.165685676642198
Gen 110
0.173160173160173
0.168217955957087
0.173160173160173
0.173160173160173
0.173160173160173
0.153391304347826
Gen 111
0.173160173160173
0.165882426751992
0.173160173160173
0.173160173160173
0.173160173160173
0.144049187527448
Gen 112
0.173160173160173
0.169016500407805
0.173160173160173
0.173160173160173
0.173160173160173
0.156585482150699
Gen 113
0.173160173160173
0.168354978354979
0.173160173160173
0.173160173160173
0.173160173160173
0.153939393939394
Gen 114
0.173160173160173
0.170523997741389
0.173160173160173
0.173160173160173
0.173160173160173
0.162615471485037
Gen 115
0.173160173160173
0.171991341991342
0.173160173160173
0.173160173160173
0.173160173160173
0.168484848484848
Gen 116
0.173160173160173
0.167325679151766
0.173160173160173
0.173160173160173
0.173160173160173
0.149822197126545
Gen 117
0.173160173160173
0.17
0.173160173160173
0.173160173160173
0.173160173160173
0.16051948051948
Gen 118
0.173160173160173
0.167922077922078
0.173160173160173
0.173160173160173
0.173160173160173
0.152207792207792
Gen 119
0.173160173160173
0.168354978354979
0.173160173160173
0.173160173160173
0.173160173160173
0.153939393939394
Gen 120
0.173160173160173
0.171038961038961
0.173160173160173
0.173160173160173
0.173160173160173
0.164675324675325
Gen 121
0.173160173160173
0.171486667921451
0.173160173160173
0.173160173160173
0.173160173160173
0.166466152205283
Gen 122
0.173160173160173
0.167269841269841
0.173160173160173
0.173160173160173
0.173160173160173
0.149598845598846
Gen 123
0.173160173160173
0.168534161490683
0.173160173160173
0.173160173160173
0.173160173160173
0.154656126482213
Gen 124
0.173160173160173
0.167748917748918
0.173160173160173
0.173160173160173
0.173160173160173
0.151515151515151
Gen 125
0.173160173160173
0.169220779220779
0.173160173160173
0.173160173160173
0.173160173160173
0.157402597402597
Gen 126
0.173160173160173
0.168787878787879
0.173160173160173
0.173160173160173
0.173160173160173
0.155670995670996
Gen 127
0.173160173160173
0.1695670995671
0.173160173160173
0.173160173160173
0.173160173160173
0.158787878787879
Gen 128
0.173160173160173
0.166699792960663
0.173160173160173
0.173160173160173
0.173160173160173
0.147318652362131
Gen 129
0.173160173160173
0.16987012987013
0.173160173160173
0.173160173160173
0.173160173160173
0.16
Gen 130
0.173160173160173
0.166329004329005
0.173160173160173
0.173160173160173
0.173160173160173
0.145835497835498
Gen 131
0.173160173160173
0.16505138339921
0.173160173160173
0.173160173160173
0.173160173160173
0.140725014116318
Gen 132
0.173160173160173
0.170735930735931
0.173160173160173
0.173160173160173
0.173160173160173
0.163463203463203
Gen 133
0.173160173160173
0.169596837944664
0.173160173160173
0.173160173160173
0.173160173160173
0.158906832298137
Gen 134
0.173160173160173
0.171752305665349
0.173160173160173
0.173160173160173
0.173160173160173
0.167528703180877
Gen 135
0.173160173160173
0.167674509065814
0.173160173160173
0.173160173160173
0.173160173160173
0.151217516782734
Gen 136
0.173160173160173
0.165195432586737
0.173160173160173
0.173160173160173
0.173160173160173
0.141301210866428
Gen 137
0.173160173160173
0.167450781102955
0.173160173160173
0.173160173160173
0.173160173160173
0.150322604931301
Gen 138
0.173160173160173
0.165386410690759
0.173160173160173
0.173160173160173
0.173160173160173
0.142065123282515
Gen 139
0.173160173160173
0.17062601166949
0.173160173160173
0.173160173160173
0.173160173160173
0.16302352719744
Gen 140
0.173160173160173
0.171535102578581
0.173160173160173
0.173160173160173
0.173160173160173
0.166659890833804
Gen 141
0.173160173160173
0.171348641696468
0.173160173160173
0.173160173160173
0.173160173160173
0.165914047305352
Gen 142
0.173160173160173
0.170612710960537
0.173160173160173
0.173160173160173
0.173160173160173
0.162970324361629
Gen 143
0.173160173160173
0.167271472488864
0.173160173160173
0.173160173160173
0.173160173160173
0.149605370474936
Gen 144
0.173160173160173
0.169636363636364
0.173160173160173
0.173160173160173
0.173160173160173
0.159064935064935
Gen 145
0.173160173160173
0.17001995106343
0.173160173160173
0.173160173160173
0.173160173160173
0.160599284773198
Gen 146
0.173160173160173
0.167071334462639
0.173160173160173
0.173160173160173
0.173160173160173
0.148804818370036
Gen 147
0.173160173160173
0.171094547964113
0.173160173160173
0.173160173160173
0.173160173160173
0.164897672375933
Gen 148
0.173160173160173
0.169297195558065
0.173160173160173
0.173160173160173
0.173160173160173
0.157708262751741
Gen 149
0.173160173160173
0.167264194742456
0.173160173160173
0.173160173160173
0.173160173160173
0.149576259489303
Gen 150
0.173160173160173
0.168129995608257
0.173160173160173
0.173160173160173
0.173160173160173
0.153039462952506
Gen 151
0.173160173160173
0.168744588744589
0.173160173160173
0.173160173160173
0.173160173160173
0.155497835497835
Gen 152
0.173160173160173
0.169134199134199
0.173160173160173
0.173160173160173
0.173160173160173
0.157056277056277
Gen 153
0.173160173160173
0.171515151515152
0.173160173160173
0.173160173160173
0.173160173160173
0.166580086580086
Gen 154
0.173160173160173
0.169422046552482
0.173160173160173
0.173160173160173
0.173160173160173
0.158207666729406
Gen 155
0.173160173160173
0.169933370976849
0.173160173160173
0.173160173160173
0.173160173160173
0.160252964426877
Gen 156
0.173160173160173
0.168484848484849
0.173160173160173
0.173160173160173
0.173160173160173
0.154458874458874
Gen 157
0.173160173160173
0.164720120459251
0.173160173160173
0.173160173160173
0.173160173160173
0.139399962356484
Gen 158
0.173160173160173
0.172207792207792
0.173160173160173
0.173160173160173
0.173160173160173
0.169350649350649
Gen 159
0.173160173160173
0.16969696969697
0.173160173160173
0.173160173160173
0.173160173160173
0.159307359307359
Gen 160
0.173160173160173
0.168961038961039
0.173160173160173
0.173160173160173
0.173160173160173
0.156363636363636
Gen 161
0.173160173160173
0.17021645021645
0.173160173160173
0.173160173160173
0.173160173160173
0.161385281385281
Gen 162
0.173160173160173
0.165666854884246
0.173160173160173
0.173160173160173
0.173160173160173
0.143186900056465
Gen 163
0.173160173160173
0.167349143610013
0.173160173160173
0.173160173160173
0.173160173160173
0.149916054959533
Gen 164
0.173160173160173
0.168060982495765
0.173160173160173
0.173160173160173
0.173160173160173
0.152763410502541
Gen 165
0.173160173160173
0.165603613777527
0.173160173160173
0.173160173160173
0.173160173160173
0.142933935629588
Gen 166
0.173160173160173
0.171428571428572
0.173160173160173
0.173160173160173
0.173160173160173
0.166233766233766
Gen 167
0.173160173160173
0.171601731601732
0.173160173160173
0.173160173160173
0.173160173160173
0.166926406926407
Gen 168
0.173160173160173
0.165194805194805
0.173160173160173
0.173160173160173
0.173160173160173
0.141298701298701
Gen 169
0.173160173160173
0.170519480519481
0.173160173160173
0.173160173160173
0.173160173160173
0.162597402597403
Gen 170
0.173160173160173
0.167186147186147
0.173160173160173
0.173160173160173
0.173160173160173
0.149264069264069
Gen 171
0.173160173160173
0.167504234895539
0.173160173160173
0.173160173160173
0.173160173160173
0.150536420101637
Gen 172
0.173160173160173
0.16982683982684
0.173160173160173
0.173160173160173
0.173160173160173
0.15982683982684
Gen 173
0.173160173160173
0.168388104648974
0.173160173160173
0.173160173160173
0.173160173160173
0.154071899115377
Gen 174
0.173160173160173
0.165930735930736
0.173160173160173
0.173160173160173
0.173160173160173
0.144242424242424
Gen 175
0.173160173160173
0.167532467532468
0.173160173160173
0.173160173160173
0.173160173160173
0.150649350649351
Gen 176
0.173160173160173
0.168878976096368
0.173160173160173
0.173160173160173
0.173160173160173
0.15603538490495
Gen 177
0.173160173160173
0.169177489177489
0.173160173160173
0.173160173160173
0.173160173160173
0.157229437229437
Gen 178
0.173160173160173
0.170346320346321
0.173160173160173
0.173160173160173
0.173160173160173
0.161904761904762
Gen 179
0.173160173160173
0.167162808206287
0.173160173160173
0.173160173160173
0.173160173160173
0.149170713344626
Gen 180
0.173160173160173
0.166474935692327
0.173160173160173
0.173160173160173
0.173160173160173
0.146419223288788
Gen 181
0.173160173160173
0.169380387728214
0.173160173160173
0.173160173160173
0.173160173160173
0.158041031432336
Gen 182
0.173160173160173
0.166836187966623
0.173160173160173
0.173160173160173
0.173160173160173
0.147864232385971
Gen 183
0.173160173160173
0.168567789698225
0.173160173160173
0.173160173160173
0.173160173160173
0.154790639312378
Gen 184
0.173160173160173
0.169476880607316
0.173160173160173
0.173160173160173
0.173160173160173
0.158427002948742
Gen 185
0.173160173160173
0.16948051948052
0.173160173160173
0.173160173160173
0.173160173160173
0.158441558441558
Gen 186
0.173160173160173
0.166103896103896
0.173160173160173
0.173160173160173
0.173160173160173
0.144935064935065
Gen 187
0.173160173160173
0.171434594391116
0.173160173160173
0.173160173160173
0.173160173160173
0.166257858083945
Gen 188
0.173160173160173
0.168929794842838
0.173160173160173
0.173160173160173
0.173160173160173
0.156238659890834
Gen 189
0.173160173160173
0.170342932429889
0.173160173160173
0.173160173160173
0.173160173160173
0.161891210239036
Gen 190
0.173160173160173
0.17096204278813
0.173160173160173
0.173160173160173
0.173160173160173
0.164367651671999
Gen 191
0.173160173160173
0.169449526319092
0.173160173160173
0.173160173160173
0.173160173160173
0.158317585795847
Gen 192
0.173160173160173
0.168499905891211
0.173160173160173
0.173160173160173
0.173160173160173
0.154519104084321
Gen 193
0.173160173160173
0.16789108476065
0.173160173160173
0.173160173160173
0.173160173160173
0.15208381956208
Gen 194
0.173160173160173
0.168806324110672
0.173160173160173
0.173160173160173
0.173160173160173
0.155744776962168
Gen 195
0.173160173160173
0.167507622811971
0.173160173160173
0.173160173160173
0.173160173160173
0.150549971767363
Gen 196
0.173160173160173
0.170952380952381
0.173160173160173
0.173160173160173
0.173160173160173
0.164329004329004
Gen 197
0.173160173160173
0.165930735930736
0.173160173160173
0.173160173160173
0.173160173160173
0.144242424242424
Gen 198
0.415584415584416
0.171941652550348
0.183351025785808
0.173160173160173
0.173160173160173
0.158095238095238
Gen 199
0.415584415584416
0.183338226990401
0.222632787502353
0.173160173160173
0.173160173160173
0.164399774138905
Gen 200
0.415584415584416
0.217572369659326
0.378148691887822
0.174147939017504
0.173160173160173
0.144832674571805
Gen 201
0.415584415584416
0.298314323357802
0.415584415584416
0.415584415584416
0.203473743647657
0.158614718614719
Gen 202
0.415584415584416
0.358842085450781
0.415584415584416
0.415584415584416
0.415584415584416
0.188615095049878
Gen 203
0.415584415584416
0.381089779785432
0.415584415584416
0.415584415584416
0.415584415584416
0.277605872388481
Gen 204
0.459903381642512
0.402607691825083
0.41735717422674
0.415584415584416
0.415584415584416
0.361904761904762
Gen 205
0.459903381642512
0.372586109542631
0.419129932869063
0.415584415584416
0.415584415584416
0.240045674132631
Gen 206
0.459903381642512
0.406775707384403
0.422675450153711
0.415584415584416
0.415584415584416
0.37325854821507
Gen 207
0.459903381642512
0.407072589246502
0.433312002007654
0.415584415584416
0.415584415584416
0.363809523809524
Gen 208
0.459903381642512
0.416676579459187
0.454585105715541
0.415584415584416
0.415584415584416
0.380952380952381
Gen 209
0.459903381642512
0.411631846414454
0.459903381642512
0.451039588430893
0.415584415584416
0.32
Gen 210
0.459903381642512
0.422901311249137
0.459903381642512
0.459903381642512
0.435084760649978
0.336713721061547
Gen 211
0.459903381642512
0.427818056339795
0.459903381642512
0.459903381642512
0.447494071146245
0.343971390927913
Gen 212
0.459903381642512
0.435232197753936
0.459903381642512
0.459903381642512
0.459903381642512
0.361218646088211
Gen 213
0.459903381642512
0.42960863291298
0.459903381642512
0.459903381642512
0.459903381642512
0.338724386724387
Gen 214
0.46280193236715
0.436562143170839
0.460019323671498
0.459903381642512
0.459903381642512
0.366422485726834
Gen 215
0.46280193236715
0.428600790513834
0.460135265700483
0.459903381642512
0.459903381642512
0.334461133069829
Gen 216
0.643478260869565
0.444067256415082
0.468676328502415
0.459903381642512
0.459903381642512
0.38778593387289
Gen 217
0.643478260869565
0.430934437543133
0.487690821256039
0.459903381642512
0.459903381642512
0.31624016563147
Gen 218
0.643478260869565
0.467901499466717
0.526724637681159
0.460830917874396
0.459903381642512
0.4241470606688
Gen 219
0.643478260869565
0.490008407051885
0.592888888888889
0.465004830917874
0.460714975845411
0.441424932555367
Gen 220
0.643478260869565
0.515434845347889
0.643478260869566
0.562125603864734
0.461990338164251
0.394145178493005
Gen 221
0.643478260869565
0.535810778593387
0.643478260869566
0.630144927536232
0.480154589371981
0.389465336595771
Gen 222
0.643478260869565
0.545042348955392
0.643478260869566
0.643478260869566
0.556212560386473
0.337000313695966
Gen 223
0.643478260869565
0.582180312441182
0.643478260869566
0.643478260869566
0.643478260869566
0.398286467156032
Gen 224
0.643478260869565
0.607575130183825
0.643478260869566
0.643478260869566
0.643478260869566
0.499865738126608
Gen 225
0.643478260869565
0.604919631093544
0.643478260869566
0.643478260869566
0.643478260869566
0.489243741765481
Gen 226
0.643478260869565
0.594039023778154
0.643478260869566
0.643478260869566
0.643478260869566
0.445721312503921
Gen 227
0.643478260869565
0.588449965493443
0.643478260869566
0.643478260869566
0.643478260869566
0.423365079365079
Gen 228
0.643478260869565
0.60800614844093
0.643478260869566
0.643478260869566
0.643478260869566
0.501589811155028
Gen 229
0.643478260869565
0.585315766359244
0.643478260869566
0.643478260869566
0.643478260869566
0.410828282828283
Gen 230
0.643478260869565
0.624085952694648
0.643478260869566
0.643478260869566
0.643478260869566
0.565909028169898
Gen 231
0.643478260869565
0.600264382960035
0.643478260869566
0.643478260869566
0.643478260869566
0.470622749231445
Gen 232
0.643478260869565
0.606211556559382
0.643478260869566
0.643478260869566
0.643478260869566
0.494411443628835
Gen 233
0.643478260869565
0.611335466465901
0.643478260869566
0.643478260869566
0.643478260869566
0.514907083254909
Gen 234
0.643478260869565
0.626533157663592
0.643478260869566
0.643478260869566
0.643478260869566
0.575697848045674
Gen 235
0.643478260869565
0.632426877470355
0.643478260869566
0.643478260869566
0.643478260869566
0.599272727272728
Gen 236
0.643478260869565
0.600810590375807
0.643478260869566
0.643478260869566
0.643478260869566
0.472807578894535
Gen 237
0.643478260869565
0.613041847041846
0.643478260869566
0.643478260869566
0.643478260869566
0.521732605558693
Gen 238
0.643478260869565
0.614118702553485
0.643478260869566
0.643478260869566
0.643478260869566
0.526040027605245
Gen 239
0.643478260869565
0.60304824643955
0.643478260869566
0.643478260869566
0.643478260869566
0.481758203149507
Gen 240
0.643478260869565
0.603295564339042
0.643478260869566
0.643478260869566
0.643478260869566
0.482747474747475
Gen 241
0.643478260869565
0.594423489553924
0.643478260869566
0.643478260869566
0.643478260869566
0.447259175607002
Gen 242
0.643478260869565
0.615655185394315
0.643478260869566
0.643478260869566
0.643478260869566
0.532185958968568
Gen 243
0.643478260869565
0.620033502729154
0.643478260869566
0.643478260869566
0.643478260869566
0.549699228307924
Gen 244
0.643478260869565
0.597522178304786
0.643478260869566
0.643478260869566
0.643478260869566
0.459653930610452
Gen 245
0.643478260869565
0.59663492063492
0.643478260869566
0.643478260869566
0.643478260869566
0.456104899930987
Gen 246
0.643478260869565
0.616229876403789
0.643478260869566
0.643478260869566
0.643478260869566
0.534484723006462
Gen 247
0.643478260869565
0.603038082690256
0.643478260869566
0.643478260869566
0.643478260869566
0.481717548152331
Gen 248
0.643478260869565
0.606266014179057
0.643478260869566
0.643478260869566
0.643478260869566
0.494629274107535
Gen 249
0.643478260869565
0.599134073655812
0.643478260869566
0.643478260869566
0.643478260869566
0.466101512014555
Gen 250
0.643478260869565
0.58375431331953
0.643478260869566
0.643478260869566
0.643478260869566
0.404582470669427
Gen 251
0.643478260869565
0.596753748666792
0.643478260869566
0.643478260869566
0.643478260869566
0.456580212058473
Gen 252
0.643478260869565
0.607209988079553
0.643478260869566
0.643478260869566
0.643478260869566
0.498405169709518
Gen 253
0.643478260869565
0.620590501286153
0.643478260869566
0.643478260869566
0.643478260869566
0.551927222535918
Gen 254
0.643478260869565
0.611431708388229
0.643478260869566
0.643478260869566
0.643478260869566
0.515292050944225
Gen 255
0.643478260869565
0.61362820754125
0.643478260869566
0.643478260869566
0.643478260869566
0.524078047556308
Gen 256
0.643478260869565
0.60449438484221
0.643478260869566
0.643478260869566
0.643478260869566
0.487542756760148
Gen 257
0.643478260869565
0.611683919944789
0.643478260869566
0.643478260869566
0.643478260869566
0.516300897170462
Gen 258
0.643478260869565
0.591940397766484
0.643478260869566
0.643478260869566
0.643478260869566
0.437326808457243
Gen 259
0.643478260869565
0.625039337474119
0.643478260869566
0.643478260869566
0.643478260869566
0.569722567287785
Gen 260
0.643478260869565
0.621354790137398
0.643478260869566
0.643478260869566
0.643478260869566
0.5549843779409
Gen 261
0.643478260869565
0.622978480456741
0.643478260869566
0.643478260869566
0.643478260869566
0.56147913921827
Gen 262
0.643478260869565
0.613366710584101
0.643478260869566
0.643478260869566
0.643478260869566
0.523032059727712
Gen 263
0.643478260869565
0.597556182947487
0.643478260869566
0.643478260869566
0.643478260869566
0.459789949181253
Gen 264
0.643478260869565
0.606346822259865
0.643478260869566
0.643478260869566
0.643478260869566
0.494952506430767
Gen 265
0.643478260869565
0.618119706380575
0.643478260869566
0.643478260869566
0.643478260869566
0.542044042913608
Gen 266
0.643478260869565
0.590533785055524
0.643478260869566
0.643478260869566
0.643478260869566
0.431700357613401
Gen 267
0.643478260869565
0.60575054896794
0.643478260869566
0.643478260869566
0.643478260869566
0.492567413263065
Gen 268
0.643478260869565
0.620201016374929
0.643478260869566
0.643478260869566
0.643478260869566
0.550369282891022
Gen 269
0.643478260869565
0.586902816989773
0.643478260869566
0.643478260869566
0.643478260869566
0.417176485350398
Gen 270
0.643478260869565
0.619428696906957
0.643478260869566
0.643478260869566
0.643478260869566
0.547280005019136
Gen 271
0.643478260869565
0.589181128050693
0.643478260869566
0.643478260869566
0.643478260869566
0.426289729594077
Gen 272
0.643478260869565
0.632429512516468
0.643478260869566
0.643478260869566
0.643478260869566
0.599283267457181
Gen 273
0.643478260869565
0.579000313695965
0.643478260869566
0.643478260869566
0.643478260869566
0.385566472175168
Gen 274
0.643478260869565
0.591757826714348
0.643478260869566
0.643478260869566
0.643478260869566
0.436596524248698
Gen 275
0.643478260869565
0.624238032498901
0.643478260869566
0.643478260869566
0.643478260869566
0.566517347386913
Gen 276
0.643478260869565
0.608901311249137
0.643478260869566
0.643478260869566
0.643478260869566
0.505170462387854
Gen 277
0.643478260869565
0.624113934374803
0.643478260869566
0.643478260869566
0.643478260869566
0.56602095489052
Gen 278
0.643478260869565
0.624298262124348
0.643478260869566
0.643478260869566
0.643478260869566
0.566758265888701
Gen 279
0.643478260869565
0.615147123407992
0.643478260869566
0.643478260869566
0.643478260869566
0.530153711023276
Gen 280
0.643478260869565
0.60184641445511
0.643478260869566
0.643478260869566
0.643478260869566
0.476950875211745
Gen 281
0.643478260869565
0.609628333019637
0.643478260869566
0.643478260869566
0.643478260869566
0.508078549469854
Gen 282
0.643478260869565
0.607973649538866
0.643478260869566
0.643478260869566
0.643478260869566
0.501459815546772
Gen 283
0.643478260869565
0.610535792709705
0.643478260869566
0.643478260869566
0.643478260869566
0.511708388230127
Gen 284
0.643478260869565
0.609862977602108
0.643478260869566
0.643478260869566
0.643478260869566
0.509017127799736
Gen 285
0.643478260869565
0.612686994165255
0.643478260869566
0.643478260869566
0.643478260869566
0.520313194052325
Gen 286
0.643478260869565
0.614005521048999
0.643478260869566
0.643478260869566
0.643478260869566
0.525587301587302
Gen 287
0.643478260869565
0.622067632850241
0.643478260869566
0.643478260869566
0.643478260869566
0.557835748792271
Gen 288
0.643478260869565
0.62437894472677
0.643478260869566
0.643478260869566
0.643478260869566
0.567080996298388
Gen 289
0.643478260869565
0.589812284334023
0.643478260869566
0.643478260869566
0.643478260869566
0.428814354727398
Gen 290
0.643478260869565
0.632946357989836
0.643478260869566
0.643478260869566
0.643478260869566
0.60135064935065
Gen 291
0.643478260869565
0.631474496517974
0.643478260869566
0.643478260869566
0.643478260869566
0.595463203463204
Gen 292
0.643478260869565
0.59972306920133
0.643478260869566
0.643478260869566
0.643478260869566
0.468457494196625
Gen 293
0.643478260869565
0.624913984566158
0.643478260869566
0.643478260869566
0.643478260869566
0.569221155655938
Gen 294
0.643478260869565
0.6235588179936
0.643478260869566
0.643478260869566
0.643478260869566
0.563800489365707
Gen 295
0.643478260869565
0.623017755191668
0.643478260869566
0.643478260869566
0.643478260869566
0.561636238157977
Gen 296
0.643478260869565
0.597871384653993
0.643478260869566
0.643478260869566
0.643478260869566
0.461050756007278
Gen 297
0.643478260869565
0.620760148064495
0.643478260869566
0.643478260869566
0.643478260869566
0.552605809649288
Gen 298
0.643478260869565
0.595516280820628
0.643478260869566
0.643478260869566
0.643478260869566
0.451630340673819
Gen 299
0.643478260869565
0.605596837944663
0.643478260869566
0.643478260869566
0.643478260869566
0.491952569169961
Gen 300
0.643478260869565
0.618750235271974
0.643478260869566
0.643478260869566
0.643478260869566
0.544566158479202
Gen 301
0.643478260869565
0.611612522742957
0.643478260869566
0.643478260869566
0.643478260869566
0.516015308363135
Gen 302
0.643478260869565
0.606999058912102
0.643478260869566
0.643478260869566
0.643478260869566
0.497561453039714
Gen 303
0.643478260869565
0.631169082125603
0.643478260869566
0.643478260869566
0.643478260869566
0.59424154589372
Gen 304
0.643478260869565
0.605899491812535
0.643478260869566
0.643478260869566
0.643478260869566
0.493163184641446
Gen 305
0.643478260869565
0.609906644080557
0.643478260869566
0.643478260869566
0.643478260869566
0.509191793713533
Gen 306
0.643478260869565
0.603465462074157
0.643478260869566
0.643478260869566
0.643478260869566
0.483427065687935
Gen 307
0.643478260869565
0.614998682476943
0.643478260869566
0.643478260869566
0.643478260869566
0.529559947299078
Gen 308
0.643478260869565
0.604618733923081
0.643478260869566
0.643478260869566
0.643478260869566
0.488040153083631
Gen 309
0.643478260869565
0.621646652864044
0.643478260869566
0.643478260869566
0.643478260869566
0.556151828847481
Gen 310
0.643478260869565
0.614203274985883
0.643478260869566
0.643478260869566
0.643478260869566
0.526378317334839
Gen 311
0.643478260869565
0.638384591254156
0.643478260869566
0.643478260869566
0.643478260869566
0.62310358240793
Gen 312
0.643478260869565
0.61991718426501
0.643478260869566
0.643478260869566
0.643478260869566
0.549233954451346
Gen 313
0.643478260869565
0.617210615471484
0.643478260869566
0.643478260869566
0.643478260869566
0.538407679277245
Gen 314
0.643478260869565
0.608029738377564
0.643478260869566
0.643478260869566
0.643478260869566
0.501684170901562
Gen 315
0.643478260869565
0.592987263943785
0.643478260869566
0.643478260869566
0.643478260869566
0.441514273166447
Gen 316
0.643478260869565
0.611565091912917
0.643478260869566
0.643478260869566
0.643478260869566
0.515825585042976
Gen 317
0.643478260869565
0.63421368969195
0.643478260869566
0.643478260869566
0.643478260869566
0.606419976159107
Gen 318
0.643478260869565
0.605789196310935
0.643478260869566
0.643478260869566
0.643478260869566
0.492722002635046
Gen 319
0.643478260869565
0.606102264884873
0.643478260869566
0.643478260869566
0.643478260869566
0.493974276930799
Gen 320
0.643478260869565
0.590921387790952
0.643478260869566
0.643478260869566
0.643478260869566
0.433250768555116
Gen 321
0.643478260869565
0.601113369722065
0.643478260869566
0.643478260869566
0.643478260869566
0.474018696279566
Gen 322
0.643478260869565
0.595987201204592
0.643478260869566
0.643478260869566
0.643478260869566
0.453514022209674
Gen 323
0.643478260869565
0.630282577326055
0.643478260869566
0.643478260869566
0.643478260869566
0.590695526695527
Gen 324
0.643478260869565
0.583860969947926
0.643478260869566
0.643478260869566
0.643478260869566
0.40500909718301
Gen 325
0.643478260869565
0.604159232072275
0.643478260869566
0.643478260869566
0.643478260869566
0.486202145680407
Gen 326
0.643478260869565
0.61270330635548
0.643478260869566
0.643478260869566
0.643478260869566
0.520378442813226
Gen 327
0.643478260869565
0.60684622623753
0.643478260869566
0.643478260869566
0.643478260869566
0.496950122341427
Gen 328
0.643478260869565
0.61611782420478
0.643478260869566
0.643478260869566
0.643478260869566
0.534036514210427
Gen 329
0.643478260869565
0.613758830541439
0.643478260869566
0.643478260869566
0.643478260869566
0.524600539557061
Gen 330
0.643478260869565
0.617445134575569
0.643478260869566
0.643478260869566
0.643478260869566
0.539345755693582
Gen 331
0.643478260869565
0.606912729782294
0.643478260869566
0.643478260869566
0.643478260869566
0.497216136520484
Gen 332
0.643478260869565
0.590348955392433
0.643478260869566
0.643478260869566
0.643478260869566
0.430961038961039
Gen 333
0.643478260869565
0.588677708764665
0.643478260869566
0.643478260869566
0.643478260869566
0.424276052449965
Gen 334
0.643478260869565
0.582473053516531
0.643478260869566
0.643478260869566
0.643478260869566
0.399457431457431
Gen 335
0.643478260869565
0.617927849927849
0.643478260869566
0.643478260869566
0.643478260869566
0.541276617102704
Gen 336
0.643478260869565
0.596383336470292
0.643478260869566
0.643478260869566
0.643478260869566
0.455098563272476
Gen 337
0.643478260869565
0.597247506117071
0.643478260869566
0.643478260869566
0.643478260869566
0.45855524185959
Gen 338
0.643478260869565
0.633739757826714
0.643478260869566
0.643478260869566
0.643478260869566
0.604524248698162
Gen 339
0.643478260869565
0.617572871572871
0.643478260869566
0.643478260869566
0.643478260869566
0.539856703682791
Gen 340
0.643478260869565
0.604760273542882
0.643478260869566
0.643478260869566
0.643478260869566
0.488606311562833
Gen 341
0.643478260869565
0.627888198757763
0.643478260869566
0.643478260869566
0.643478260869566
0.58111801242236
Gen 342
0.643478260869565
0.624608570173787
0.643478260869566
0.643478260869566
0.643478260869566
0.567999498086455
Gen 343
0.643478260869565
0.601840015057406
0.643478260869566
0.643478260869566
0.643478260869566
0.47692527762093
Gen 344
0.643478260869565
0.601378505552418
0.643478260869566
0.643478260869566
0.643478260869566
0.475079239600979
Gen 345
0.643478260869565
0.614960537047493
0.643478260869566
0.643478260869566
0.643478260869566
0.529407365581279
Gen 346
0.643478260869565
0.632797164188468
0.643478260869566
0.643478260869566
0.643478260869566
0.600753874145179
Gen 347
0.643478260869565
0.615997992345818
0.643478260869566
0.643478260869566
0.643478260869566
0.533557186774578
Gen 348
0.643478260869565
0.620829914047305
0.643478260869566
0.643478260869566
0.643478260869566
0.552884873580526
Gen 349
0.643478260869565
0.615950310559006
0.643478260869566
0.643478260869566
0.643478260869566
0.533366459627329
Gen 350
0.643478260869565
0.607630591630591
0.643478260869566
0.643478260869566
0.643478260869566
0.500087583913671
Gen 351
0.643478260869565
0.601531589183762
0.643478260869566
0.643478260869566
0.643478260869566
0.475691574126357
Gen 352
0.643478260869565
0.594266641570989
0.643478260869566
0.643478260869566
0.643478260869566
0.446631783675262
Gen 353
0.643478260869565
0.615925465838509
0.643478260869566
0.643478260869566
0.643478260869566
0.533267080745342
Gen 354
0.643478260869565
0.598930673191542
0.643478260869566
0.643478260869566
0.643478260869566
0.465287910157475
Gen 355
0.643478260869565
0.606178806700545
0.643478260869566
0.643478260869566
0.643478260869566
0.494280444193488
Gen 356
0.643478260869565
0.596080055210489
0.643478260869566
0.643478260869566
0.643478260869566
0.453885438233264
Gen 357
0.643478260869565
0.597844155844155
0.643478260869566
0.643478260869566
0.643478260869566
0.460941840767928
Gen 358
0.823188405797101
0.620872576698663
0.650666666666667
0.643478260869566
0.643478260869566
0.545867118388858
Gen 359
0.823188405797101
0.629108601543384
0.657855072463768
0.643478260869566
0.643478260869566
0.571622811970638
Gen 360
0.823188405797101
0.607557939644896
0.657855072463768
0.643478260869566
0.643478260869566
0.485420164376686
Gen 361
0.823188405797101
0.638531400966183
0.672231884057971
0.643478260869566
0.643478260869566
0.594937198067633
Gen 362
0.823188405797101
0.635994353472614
0.686608695652174
0.643478260869566
0.643478260869566
0.570412196499153
Gen 363
0.823188405797101
0.636976598280945
0.743729468599034
0.643478260869566
0.643478260869566
0.51722040278562
Gen 364
0.823188405797101
0.665390425999121
0.823188405797101
0.693024154589372
0.643478260869566
0.501870882740448
Gen 365
0.823188405797101
0.718115189158668
0.823188405797101
0.823188405797101
0.685449275362319
0.540634669678148
Gen 366
0.823188405797101
0.756812848986763
0.823188405797101
0.823188405797101
0.768463768115942
0.612410816236903
Gen 367
0.823188405797101
0.75976058723885
0.823188405797101
0.823188405797101
0.823188405797101
0.569477131564088
Gen 368
0.823188405797101
0.785428947863732
0.823188405797101
0.823188405797101
0.823188405797101
0.672150574063618
Gen 369
0.823188405797101
0.788288098375056
0.823188405797101
0.823188405797101
0.823188405797101
0.683587176108915
Gen 370
0.823188405797101
0.803227053140097
0.823188405797101
0.823188405797101
0.823188405797101
0.743342995169082
Gen 371
0.823188405797101
0.793661710270406
0.823188405797101
0.823188405797101
0.823188405797101
0.705081623690319
Gen 372
0.823188405797101
0.767922328878851
0.823188405797101
0.823188405797101
0.823188405797101
0.602124098124098
Gen 373
0.823188405797101
0.78747637869377
0.823188405797101
0.823188405797101
0.823188405797101
0.680340297383776
Gen 374
0.823188405797101
0.793112365894975
0.823188405797101
0.823188405797101
0.823188405797101
0.702884246188594
Gen 375
0.823188405797101
0.787427065687936
0.823188405797101
0.823188405797101
0.823188405797101
0.680143045360437
Gen 376
0.823188405797101
0.784037768994291
0.823188405797101
0.823188405797101
0.823188405797101
0.666585858585858
Gen 377
0.823188405797101
0.786483970136144
0.823188405797101
0.823188405797101
0.823188405797101
0.676370663153272
Gen 378
0.823188405797101
0.775246251333208
0.823188405797101
0.823188405797101
0.823188405797101
0.631419787941527
Gen 379
0.823188405797101
0.788444444444445
0.823188405797101
0.823188405797101
0.823188405797101
0.684212560386473
Gen 380
0.823188405797101
0.787642512077295
0.823188405797101
0.823188405797101
0.823188405797101
0.681004830917874
Gen 381
0.823188405797101
0.788676328502416
0.823188405797101
0.823188405797101
0.823188405797101
0.685140096618357
Gen 382
0.823188405797101
0.773887445887446
0.823188405797101
0.823188405797101
0.823188405797101
0.625984566158479
Gen 383
0.823188405797101
0.805500345065563
0.823188405797101
0.823188405797101
0.823188405797101
0.752436162870945
Gen 384
0.823188405797101
0.773305728088337
0.823188405797101
0.823188405797101
0.823188405797101
0.623657694962043
Gen 385
0.823188405797101
0.782630779848171
0.823188405797101
0.823188405797101
0.823188405797101
0.66095790200138
Gen 386
0.823188405797101
0.758646966560011
0.823188405797101
0.823188405797101
0.823188405797101
0.565022648848736
Gen 387
0.82512077294686
0.760476817868123
0.823265700483092
0.823188405797101
0.823188405797101
0.572264759395194
Gen 388
0.82512077294686
0.820028985507247
0.823342995169082
0.823188405797101
0.823188405797101
0.8103961352657
Gen 389
0.82512077294686
0.804932304410566
0.823420289855072
0.823188405797101
0.823188405797101
0.749932116192986
Gen 390
0.82512077294686
0.775944914988394
0.823652173913043
0.823188405797101
0.823188405797101
0.633750674446326
Gen 391
0.82512077294686
0.7836038647343
0.824038647342995
0.823188405797101
0.823188405797101
0.664
Gen 392
0.82512077294686
0.770159357550663
0.824734299516908
0.823188405797101
0.823188405797101
0.609526319091536
Gen 393
0.82512077294686
0.808030742204656
0.82512077294686
0.823961352657005
0.823188405797101
0.759852437417655
Gen 394
0.82512077294686
0.762307547524939
0.82512077294686
0.82512077294686
0.823265700483092
0.575722943722944
Gen 395
0.82512077294686
0.788596775205471
0.82512077294686
0.82512077294686
0.824115942028985
0.680029612899178
Gen 396
0.82512077294686
0.770237656063743
0.82512077294686
0.82512077294686
0.824888888888889
0.605820189472363
Gen 397
0.82512077294686
0.78103281259803
0.82512077294686
0.82512077294686
0.82512077294686
0.64876893155154
Gen 398
0.82512077294686
0.801053140096618
0.82512077294686
0.82512077294686
0.82512077294686
0.728850241545894
Gen 399
0.82512077294686
0.755446389359433
0.82512077294686
0.82512077294686
0.82512077294686
0.546423238597152
Gen 400
0.82512077294686
0.785535228056967
0.82512077294686
0.82512077294686
0.82512077294686
0.666778593387289
Gen 401
0.82512077294686
0.800490871447394
0.82512077294686
0.82512077294686
0.82512077294686
0.726601166948993
Gen 402
0.82512077294686
0.800301650040781
0.82512077294686
0.82512077294686
0.82512077294686
0.725844281322542
Gen 403
0.82512077294686
0.765129932869064
0.82512077294686
0.82512077294686
0.82512077294686
0.585157412635674
Gen 404
0.82512077294686
0.791811405985319
0.82512077294686
0.82512077294686
0.82512077294686
0.691883305100697
Gen 405
0.82512077294686
0.786018947236339
0.82512077294686
0.82512077294686
0.82512077294686
0.668713470104775
Gen 406
0.82512077294686
0.800257983562332
0.82512077294686
0.82512077294686
0.82512077294686
0.725669615408746
Gen 407
0.82512077294686
0.795376121463078
0.82512077294686
0.82512077294686
0.82512077294686
0.706142167011732
Gen 408
0.844155844155844
0.800103394190351
0.82588217579522
0.82512077294686
0.82512077294686
0.724289855072464
Gen 409
0.844155844155844
0.793317272099881
0.826643578643579
0.82512077294686
0.82512077294686
0.696383963862225
Gen 410
0.844155844155844
0.787778279691323
0.828166384340298
0.82512077294686
0.82512077294686
0.672705188531276
Gen 411
0.844155844155844
0.772668799799235
0.830450592885376
0.82512077294686
0.82512077294686
0.609983060417843
Gen 412
0.844155844155844
0.810579835623314
0.835019009975532
0.82512077294686
0.82512077294686
0.757058786624004
Gen 413
0.844155844155844
0.807333207854947
0.844155844155844
0.82512077294686
0.82512077294686
0.734935441370224
Gen 414
0.844155844155844
0.802583599974904
0.844155844155844
0.839587427065688
0.82512077294686
0.701470355731226
Gen 415
0.844155844155844
0.802521488173662
0.844155844155844
0.844155844155844
0.830450592885376
0.691323671497585
Gen 416
0.844155844155844
0.790920509442248
0.844155844155844
0.844155844155844
0.835019009975532
0.640351339481774
Gen 417
0.844155844155844
0.806669929104711
0.844155844155844
0.844155844155844
0.838826024217329
0.69954200388983
Gen 418
0.844155844155844
0.779688060731539
0.844155844155844
0.844155844155844
0.841110232762407
0.589330321852061
Gen 419
0.844155844155844
0.789238471673254
0.844155844155844
0.844155844155844
0.844155844155844
0.624486354225485
Gen 420
0.863768115942029
0.790835686053077
0.844940335027291
0.844155844155844
0.844155844155844
0.63009072087333
Gen 421
0.863768115942029
0.780114938201894
0.845724825898739
0.844155844155844
0.844155844155844
0.586423238597152
Gen 422
0.863768115942029
0.824436664784491
0.846509316770186
0.844155844155844
0.844155844155844
0.762925654056089
Gen 423
0.863768115942029
0.818236777715039
0.848862789384528
0.844155844155844
0.844155844155844
0.735772633163938
Gen 424
0.863768115942029
0.836559884559885
0.852785243741765
0.844155844155844
0.844155844155844
0.805142606186085
Gen 425
0.863768115942029
0.818003262438045
0.862199134199134
0.844155844155844
0.844155844155844
0.721502227241358
Gen 426
0.863768115942029
0.765994353472615
0.863768115942029
0.853569734613213
0.844155844155844
0.502483719179372
Gen 427
0.863768115942029
0.80682702804442
0.863768115942029
0.863768115942029
0.848078298513081
0.651693581780539
Gen 428
0.863768115942029
0.802836062488237
0.863768115942029
0.863768115942029
0.85435422548466
0.629453792584228
Gen 429
0.863768115942029
0.80301223414267
0.863768115942029
0.863768115942029
0.862199134199134
0.622313570487484
Gen 430
0.863768115942029
0.812399774138905
0.863768115942029
0.863768115942029
0.863768115942029
0.658294748729531
Gen 431
0.863768115942029
0.810258234519105
0.863768115942029
0.863768115942029
0.863768115942029
0.649728590250329
Gen 432
0.863768115942029
0.812766798418973
0.863768115942029
0.863768115942029
0.863768115942029
0.659762845849802
Gen 433
0.863768115942029
0.852718614718614
0.863768115942029
0.863768115942029
0.863768115942029
0.819570111048372
Gen 434
0.863768115942029
0.810388481084133
0.863768115942029
0.863768115942029
0.863768115942029
0.650249576510446
Gen 435
0.863768115942029
0.819465336595771
0.863768115942029
0.863768115942029
0.863768115942029
0.686556998556999
Gen 436
0.863768115942029
0.814537800363887
0.863768115942029
0.863768115942029
0.863768115942029
0.666846853629463
Gen 437
0.863768115942029
0.840299140473053
0.863768115942029
0.863768115942029
0.863768115942029
0.769892214066127
Gen 438
0.863768115942029
0.822939833113746
0.863768115942029
0.863768115942029
0.863768115942029
0.700454984628898
Gen 439
0.863768115942029
0.802037141602359
0.863768115942029
0.863768115942029
0.863768115942029
0.616844218583349
Gen 440
0.863768115942029
0.801116883116883
0.863768115942029
0.863768115942029
0.863768115942029
0.613163184641446
Gen 441
0.863768115942029
0.863758454106279
0.863768115942029
0.863768115942029
0.863768115942029
0.863729468599034
Gen 442
0.863768115942029
0.818897170462387
0.863768115942029
0.863768115942029
0.863768115942029
0.684284334023465
Gen 443
0.863768115942029
0.818161365204843
0.863768115942029
0.863768115942029
0.863768115942029
0.681341112993287
Gen 444
0.863768115942029
0.810779095300834
0.863768115942029
0.863768115942029
0.863768115942029
0.651812033377251
Gen 445
0.863768115942029
0.82034632034632
0.863768115942029
0.863768115942029
0.863768115942029
0.690080933559194
Gen 446
0.863768115942029
0.814536922015182
0.863768115942029
0.863768115942029
0.863768115942029
0.666843340234645
Gen 447
0.863768115942029
0.817394064872325
0.863768115942029
0.863768115942029
0.863768115942029
0.678271911663216
Gen 448
0.863768115942029
0.810742581090407
0.863768115942029
0.863768115942029
0.863768115942029
0.651665976535542
Gen 449
0.863768115942029
0.802404416839199
0.863768115942029
0.863768115942029
0.863768115942029
0.618313319530711
Gen 450
0.863768115942029
0.818775707384403
0.863768115942029
0.863768115942029
0.863768115942029
0.683798481711525
Gen 451
0.883091787439613
0.830125603864734
0.864541062801933
0.863768115942029
0.863768115942029
0.728425120772947
Gen 452
0.883091787439613
0.818916996047431
0.865314009661836
0.863768115942029
0.863768115942029
0.68281774264383
Gen 453
0.883091787439613
0.81612058472928
0.865314009661836
0.863768115942029
0.863768115942029
0.671632097371228
Gen 454
0.883091787439613
0.822558755254407
0.867632850241546
0.863768115942029
0.863768115942029
0.695065938892026
Gen 455
0.883091787439613
0.845977037455298
0.86840579710145
0.863768115942029
0.863768115942029
0.787966120835686
Gen 456
0.883091787439613
0.821642386598908
0.87304347826087
0.863768115942029
0.863768115942029
0.685989836250706
Gen 457
0.883091787439613
0.840403413012108
0.881275362318841
0.863768115942029
0.863768115942029
0.752802057845536
Gen 458
0.883091787439613
0.822299391429826
0.883091787439614
0.870454106280194
0.863768115942029
0.671883556057469
Gen 459
0.883091787439613
0.834952129995607
0.883091787439614
0.879072463768116
0.863768115942029
0.713876152832675
Gen 460
0.883091787439613
0.823207227555052
0.883091787439614
0.883091787439614
0.866705314009662
0.659940021331326
Gen 461
0.883091787439613
0.829203337725075
0.883091787439614
0.883091787439614
0.883091787439614
0.667537988581467
Gen 462
0.883091787439613
0.836775707384401
0.883091787439614
0.883091787439614
0.883091787439614
0.697827467218772
Gen 463
0.883091787439613
0.84637204341552
0.883091787439614
0.883091787439614
0.883091787439614
0.736212811343246
Gen 464
0.883091787439613
0.863689315515401
0.883091787439614
0.883091787439614
0.883091787439614
0.80548189974277
Gen 465
0.883091787439613
0.811545015371101
0.883091787439614
0.883091787439614
0.883091787439614
0.596904699165569
Gen 466
0.883091787439613
0.843342493255535
0.883091787439614
0.883091787439614
0.883091787439614
0.724094610703307
Gen 467
0.883091787439613
0.837145617667355
0.883091787439614
0.883091787439614
0.883091787439614
0.699307108350587
Gen 468
0.883091787439613
0.810435410000626
0.883091787439614
0.883091787439614
0.883091787439614
0.592466277683669
Gen 469
0.883091787439613
0.842339544513456
0.883091787439614
0.883091787439614
0.883091787439614
0.72008281573499
Gen 470
0.883091787439613
0.846748102139405
0.883091787439614
0.883091787439614
0.883091787439614
0.737717046238786
Gen 471
0.883091787439613
0.848504046677958
0.883091787439614
0.883091787439614
0.883091787439614
0.744740824392998
Gen 472
0.883091787439613
0.803406989146118
0.883091787439614
0.883091787439614
0.883091787439614
0.564352594265638
Gen 473
0.883091787439613
0.852297760210802
0.883091787439614
0.883091787439614
0.883091787439614
0.759915678524375
Gen 474
0.883091787439613
0.847867118388856
0.883091787439614
0.883091787439614
0.883091787439614
0.74219311123659
Gen 475
0.883091787439613
0.873964113181503
0.883091787439614
0.883091787439614
0.883091787439614
0.846581090407178
Gen 476
0.883091787439613
0.847097308488612
0.883091787439614
0.883091787439614
0.883091787439614
0.739113871635611
Gen 477
0.883091787439613
0.793066942719116
0.883091787439614
0.883091787439614
0.883091787439614
0.522992408557626
Gen 478
0.883091787439613
0.84614116318464
0.883091787439614
0.883091787439614
0.883091787439614
0.735289290419725
Gen 479
0.883091787439613
0.838582470669426
0.883091787439614
0.883091787439614
0.883091787439614
0.705054520358868
Gen 480
0.883091787439613
0.873333333333332
0.883091787439614
0.883091787439614
0.883091787439614
0.844057971014493
Gen 481
0.883091787439613
0.832512077294685
0.883091787439614
0.883091787439614
0.883091787439614
0.680772946859904
Gen 482
0.883091787439613
0.806971704623878
0.883091787439614
0.883091787439614
0.883091787439614
0.578611456176674
Gen 483
0.883091787439613
0.856430641821945
0.883091787439614
0.883091787439614
0.883091787439614
0.776447204968944
Gen 484
0.883091787439613
0.859612773699729
0.883091787439614
0.883091787439614
0.883091787439614
0.789175732480081
Gen 485
0.883091787439613
0.809151766108287
0.883091787439614
0.883091787439614
0.883091787439614
0.587331702114311
Gen 486
0.883091787439613
0.867574879227052
0.883091787439614
0.883091787439614
0.883091787439614
0.821024154589372
Gen 487
0.883091787439613
0.833646527385657
0.883091787439614
0.883091787439614
0.883091787439614
0.685310747223791
Gen 488
0.883091787439613
0.864541062801931
0.883091787439614
0.883091787439614
0.883091787439614
0.808888888888889
Gen 489
0.883091787439613
0.859519668737059
0.883091787439614
0.883091787439614
0.883091787439614
0.7888033126294
Gen 490
0.883091787439613
0.864714222975091
0.883091787439614
0.883091787439614
0.883091787439614
0.80958152958153
Gen 491
0.883091787439613
0.834325616412572
0.883091787439614
0.883091787439614
0.883091787439614
0.688027103331451
Gen 492
0.883091787439613
0.855431959345002
0.883091787439614
0.883091787439614
0.883091787439614
0.772452475061171
Gen 493
0.883091787439613
0.840881987577638
0.883091787439614
0.883091787439614
0.883091787439614
0.714252587991719
Gen 494
0.883091787439613
0.821576886881234
0.883091787439614
0.883091787439614
0.883091787439614
0.637032185206098
Gen 495
0.883091787439613
0.862028232636927
0.883091787439614
0.883091787439614
0.883091787439614
0.798837568228873
Gen 496
0.883091787439613
0.840136645962732
0.883091787439614
0.883091787439614
0.883091787439614
0.711271221532091
Gen 497
0.883091787439613
0.844250454859149
0.883091787439614
0.883091787439614
0.883091787439614
0.727726457117762
Gen 498
0.883091787439613
0.820059978668673
0.883091787439614
0.883091787439614
0.883091787439614
0.630964552355857
Gen 499
0.883091787439613
0.846426375556809
0.883091787439614
0.883091787439614
0.883091787439614
0.736430139908401
Gen 500
0.883091787439613
0.848287847418281
0.883091787439614
0.883091787439614
0.883091787439614
0.743876027354289
Gen 501
0.883091787439613
0.864153083631343
0.883091787439614
0.883091787439614
0.883091787439614
0.807336972206538
Gen 502
0.883091787439613
0.847097308488612
0.883091787439614
0.883091787439614
0.883091787439614
0.739113871635611
Gen 503
0.883091787439613
0.847804881109228
0.883091787439614
0.883091787439614
0.883091787439614
0.741944162118075
Gen 504
0.883091787439613
0.833128929041971
0.883091787439614
0.883091787439614
0.883091787439614
0.683240353849049
Gen 505
0.883091787439613
0.863632097371226
0.883091787439614
0.883091787439614
0.883091787439614
0.805253027166071
Gen 506
0.883091787439613
0.856481586046802
0.883091787439614
0.883091787439614
0.883091787439614
0.776650981868373
Gen 507
0.883091787439613
0.869627203714159
0.883091787439614
0.883091787439614
0.883091787439614
0.829233452537801
Gen 508
0.883091787439613
0.869867745780788
0.883091787439614
0.883091787439614
0.883091787439614
0.830195620804317
Gen 509
0.883091787439613
0.808081811907898
0.883091787439614
0.883091787439614
0.883091787439614
0.583051885312755
Gen 510
0.883091787439613
0.85580136771441
0.883091787439614
0.883091787439614
0.883091787439614
0.773930108538805
Gen 511
0.883091787439613
0.811055649664344
0.883091787439614
0.883091787439614
0.883091787439614
0.594947236338541
Gen 512
0.883091787439613
0.813604366647844
0.883091787439614
0.883091787439614
0.883091787439614
0.605142104272539
Gen 513
0.883091787439613
0.840752493882927
0.883091787439614
0.883091787439614
0.883091787439614
0.713734613212874
Gen 514
0.883091787439613
0.839317648535039
0.883091787439614
0.883091787439614
0.883091787439614
0.707995231821319
Gen 515
0.883091787439613
0.874298764037893
0.883091787439614
0.883091787439614
0.883091787439614
0.847919693832738
Gen 516
0.883091787439613
0.810215320910972
0.883091787439614
0.883091787439614
0.883091787439614
0.591585921325052
Gen 517
0.883091787439613
0.845931614279439
0.883091787439614
0.883091787439614
0.883091787439614
0.734451094798921
Gen 518
0.883091787439613
0.845060668799798
0.883091787439614
0.883091787439614
0.883091787439614
0.730967312880356
Gen 519
0.883091787439613
0.839887445887445
0.883091787439614
0.883091787439614
0.883091787439614
0.710274421230943
Gen 520
0.883091787439613
0.875150636802809
0.883091787439614
0.883091787439614
0.883091787439614
0.851327184892403
Gen 521
0.883091787439613
0.848874333396071
0.883091787439614
0.883091787439614
0.883091787439614
0.74622197126545
Gen 522
0.883091787439613
0.790477821695212
0.883091787439614
0.883091787439614
0.883091787439614
0.512635924462012
Gen 523
0.883091787439613
0.861312629399585
0.883091787439614
0.883091787439614
0.883091787439614
0.795975155279503
Gen 524
0.883091787439613
0.861774515339731
0.883091787439614
0.883091787439614
0.883091787439614
0.797822699040091
Gen 525
0.883091787439613
0.840995796474056
0.883091787439614
0.883091787439614
0.883091787439614
0.714707823577389
Gen 526
0.883091787439613
0.856321601104209
0.883091787439614
0.883091787439614
0.883091787439614
0.776011042097999
Gen 527
0.883091787439613
0.847663843402973
0.883091787439614
0.883091787439614
0.883091787439614
0.741380011293055
Gen 528
0.883091787439613
0.84694962042788
0.883091787439614
0.883091787439614
0.883091787439614
0.738523119392685
Gen 529
0.883091787439613
0.863184766923896
0.883091787439614
0.883091787439614
0.883091787439614
0.803463705376749
Gen 530
0.883091787439613
0.820909216387476
0.883091787439614
0.883091787439614
0.883091787439614
0.634361503231069
Gen 531
0.883091787439613
0.871362318840578
0.883091787439614
0.883091787439614
0.883091787439614
0.836173913043478
Gen 532
0.883091787439613
0.807893343371603
0.883091787439614
0.883091787439614
0.883091787439614
0.582298011167577
Gen 533
0.883091787439613
0.84414768806073
0.883091787439614
0.883091787439614
0.883091787439614
0.727315389924086
Gen 534
0.883091787439613
0.856517221908525
0.883091787439614
0.883091787439614
0.883091787439614
0.776793525315265
Gen 535
0.883091787439613
0.837015747537486
0.883091787439614
0.883091787439614
0.883091787439614
0.698787627831106
Gen 536
0.883091787439613
0.811715791454921
0.883091787439614
0.883091787439614
0.883091787439614
0.597587803500847
Gen 537
0.883091787439613
0.853313382269903
0.883091787439614
0.883091787439614
0.883091787439614
0.763978166760776
Gen 538
0.883091787439613
0.829356170399648
0.883091787439614
0.883091787439614
0.883091787439614
0.668149319279754
Gen 539
0.883091787439613
0.828823389171214
0.883091787439614
0.883091787439614
0.883091787439614
0.66601819436602
Gen 540
0.883091787439613
0.803407491059664
0.883091787439614
0.883091787439614
0.883091787439614
0.564354601919819
Gen 541
0.883091787439613
0.857226927661709
0.883091787439614
0.883091787439614
0.883091787439614
0.779632348328001
Gen 542
0.883091787439613
0.835808770939204
0.883091787439614
0.883091787439614
0.883091787439614
0.693959721437983
Gen 543
0.883091787439613
0.846337536859275
0.883091787439614
0.883091787439614
0.883091787439614
0.736074785118264
Gen 544
0.883091787439613
0.828417843026537
0.883091787439614
0.883091787439614
0.883091787439614
0.664396009787314
Gen 545
0.883091787439613
0.817388167388166
0.883091787439614
0.883091787439614
0.883091787439614
0.620277307233829
Gen 546
0.883091787439613
0.832068636677331
0.883091787439614
0.883091787439614
0.883091787439614
0.678999184390489
Gen 547
0.883091787439613
0.83722931175105
0.883091787439614
0.883091787439614
0.883091787439614
0.699641884685363
Gen 548
0.883091787439613
0.774630905326556
0.883091787439614
0.883091787439614
0.883091787439614
0.449248258987389
Gen 549
0.883091787439613
0.816957400087834
0.883091787439614
0.883091787439614
0.883091787439614
0.618554238032499
Gen 550
0.883091787439613
0.802207039337473
0.883091787439614
0.883091787439614
0.883091787439614
0.559552795031056
Gen 551
0.883091787439613
0.845763598720119
0.883091787439614
0.883091787439614
0.883091787439614
0.733779032561641
Gen 552
0.883091787439613
0.827736997302214
0.883091787439614
0.883091787439614
0.883091787439614
0.661672626890018
Gen 553
0.883091787439613
0.842363887320408
0.883091787439614
0.883091787439614
0.883091787439614
0.720180186962796
Gen 554
0.883091787439613
0.850863542254845
0.883091787439614
0.883091787439614
0.883091787439614
0.754178806700546
Gen 555
0.883091787439613
0.847472488863792
0.883091787439614
0.883091787439614
0.883091787439614
0.740614593136332
Gen 556
0.883091787439613
0.799717673630716
0.883091787439614
0.883091787439614
0.883091787439614
0.549595332204028
Gen 557
0.883091787439613
0.857378254595644
0.883091787439614
0.883091787439614
0.883091787439614
0.780237656063743
Gen 558
0.883091787439613
0.829591567852436
0.883091787439614
0.883091787439614
0.883091787439614
0.669090909090909
Gen 559
0.883091787439613
0.848380952380951
0.883091787439614
0.883091787439614
0.883091787439614
0.744248447204969
Gen 560
0.883091787439613
0.816912980739066
0.883091787439614
0.883091787439614
0.883091787439614
0.61837656063743
Gen 561
0.883091787439613
0.827887069452285
0.883091787439614
0.883091787439614
0.883091787439614
0.662272915490307
Gen 562
0.883091787439613
0.821405734362255
0.883091787439614
0.883091787439614
0.883091787439614
0.636347575130184
Gen 563
0.883091787439613
0.822923395445133
0.883091787439614
0.883091787439614
0.883091787439614
0.642418219461698
Gen 564
0.883091787439613
0.863317272099879
0.883091787439614
0.883091787439614
0.883091787439614
0.803993726080683
Gen 565
0.883091787439613
0.816521362695274
0.883091787439614
0.883091787439614
0.883091787439614
0.616810088462262
Gen 566
0.883091787439613
0.860338666164752
0.883091787439614
0.883091787439614
0.883091787439614
0.792079302340172
Gen 567
0.883091787439613
0.791428696906957
0.883091787439614
0.883091787439614
0.883091787439614
0.51643942530899
Gen 568
0.883091787439613
0.86210301775519
0.883091787439614
0.883091787439614
0.883091787439614
0.799136708701926
Gen 569
0.883091787439613
0.831555555555554
0.883091787439614
0.883091787439614
0.883091787439614
0.676946859903382
Gen 570
0.883091787439613
0.837476629650541
0.883091787439614
0.883091787439614
0.883091787439614
0.70063115628333
Gen 571
0.883091787439613
0.845448020578454
0.883091787439614
0.883091787439614
0.883091787439614
0.732516719994981
Gen 572
0.883091787439613
0.832688750862663
0.883091787439614
0.883091787439614
0.883091787439614
0.681479641131815
Gen 573
0.883091787439613
0.86423188405797
0.883091787439614
0.883091787439614
0.883091787439614
0.807652173913043
Gen 574
0.883091787439613
0.818433276868058
0.883091787439614
0.883091787439614
0.883091787439614
0.624457745153397
Gen 575
0.883091787439613
0.839221908526255
0.883091787439614
0.883091787439614
0.883091787439614
0.707612271786185
Gen 576
0.883091787439613
0.858185958968566
0.883091787439614
0.883091787439614
0.883091787439614
0.78346847355543
Gen 577
0.883091787439613
0.821689942907333
0.883091787439614
0.883091787439614
0.883091787439614
0.637484409310496
Gen 578
0.883091787439613
0.837573122529643
0.883091787439614
0.883091787439614
0.883091787439614
0.701017127799737
Gen 579
0.883091787439613
0.851385532342053
0.883091787439614
0.883091787439614
0.883091787439614
0.756266767049376
Gen 580
0.883091787439613
0.831616914486478
0.883091787439614
0.883091787439614
0.883091787439614
0.677192295627079
Gen 581
0.883091787439613
0.853352531526443
0.883091787439614
0.883091787439614
0.883091787439614
0.764134763786938
Gen 582
0.883091787439613
0.848701173222911
0.883091787439614
0.883091787439614
0.883091787439614
0.745529330572809
Gen 583
0.883091787439613
0.840583599974903
0.883091787439614
0.883091787439614
0.883091787439614
0.713059037580777
Gen 584
0.883091787439613
0.847825208607816
0.883091787439614
0.883091787439614
0.883091787439614
0.742025472112429
Gen 585
0.883091787439613
0.84760825647782
0.883091787439614
0.883091787439614
0.883091787439614
0.741157663592447
Gen 586
0.883091787439613
0.871463328941589
0.883091787439614
0.883091787439614
0.883091787439614
0.836577953447519
Gen 587
0.883091787439613
0.830684233640754
0.883091787439614
0.883091787439614
0.883091787439614
0.673461572244181
Gen 588
0.883091787439613
0.861898864420602
0.883091787439614
0.883091787439614
0.883091787439614
0.798320095363574
Gen 589
0.883091787439613
0.847442875964614
0.883091787439614
0.883091787439614
0.883091787439614
0.74049614153962
Gen 590
0.883091787439613
0.805211870255347
0.883091787439614
0.883091787439614
0.883091787439614
0.571572118702554
Gen 591
0.883091787439613
0.804975218018695
0.883091787439614
0.883091787439614
0.883091787439614
0.570625509755945
Gen 592
0.883091787439613
0.856550348202521
0.883091787439614
0.883091787439614
0.883091787439614
0.776926030491248
Gen 593
0.883091787439613
0.831009975531713
0.883091787439614
0.883091787439614
0.883091787439614
0.674764539808018
Gen 594
0.883091787439613
0.849167701863353
0.883091787439614
0.883091787439614
0.883091787439614
0.747395445134576
Gen 595
0.883091787439613
0.870815358554488
0.883091787439614
0.883091787439614
0.883091787439614
0.833986071899116
Gen 596
0.883091787439613
0.874231884057969
0.883091787439614
0.883091787439614
0.883091787439614
0.847652173913044
Gen 597
0.883091787439613
0.830163874772569
0.883091787439614
0.883091787439614
0.883091787439614
0.671380136771441
Gen 598
0.883091787439613
0.865660706443314
0.883091787439614
0.883091787439614
0.883091787439614
0.81336746345442
Gen 599
0.883091787439613
0.820978605935126
0.883091787439614
0.883091787439614
0.883091787439614
0.63463906142167
Gen 600
0.883091787439613
0.858633665851056
0.883091787439614
0.883091787439614
0.883091787439614
0.785259301085388
Gen 601
0.883091787439613
0.84049024405546
0.883091787439614
0.883091787439614
0.883091787439614
0.712685613903005
Gen 602
0.883091787439613
0.82681460568417
0.883091787439614
0.883091787439614
0.883091787439614
0.657983060417843
Gen 603
0.883091787439613
0.859362318840578
0.883091787439614
0.883091787439614
0.883091787439614
0.788173913043479
Gen 604
0.883091787439613
0.840888512453728
0.883091787439614
0.883091787439614
0.883091787439614
0.714278687496079
Gen 605
0.883091787439613
0.849071961854569
0.883091787439614
0.883091787439614
0.883091787439614
0.747012485099442
Gen 606
0.883091787439613
0.823118388857518
0.883091787439614
0.883091787439614
0.883091787439614
0.643198193111237
Gen 607
0.883091787439613
0.812429261559695
0.883091787439614
0.883091787439614
0.883091787439614
0.600441683919945
Gen 608
0.883091787439613
0.841535855448898
0.883091787439614
0.883091787439614
0.883091787439614
0.716868059476755
Gen 609
0.883091787439613
0.817437103958842
0.883091787439614
0.883091787439614
0.883091787439614
0.620473053516532
Gen 610
0.883091787439613
0.826127611518914
0.883091787439614
0.883091787439614
0.883091787439614
0.655235083756823
Gen 611
0.883091787439613
0.834897044984
0.883091787439614
0.883091787439614
0.883091787439614
0.690312817617166
Gen 612
0.883091787439613
0.811523182131877
0.883091787439614
0.883091787439614
0.883091787439614
0.596817366208671
Gen 613
0.883091787439613
0.82227002948742
0.883091787439614
0.883091787439614
0.883091787439614
0.639804755630843
Gen 614
0.883091787439613
0.845232197753936
0.883091787439614
0.883091787439614
0.883091787439614
0.731653428696907
Gen 615
0.883091787439613
0.854298011167575
0.883091787439614
0.883091787439614
0.883091787439614
0.767916682351465
Gen 616
0.883091787439613
0.847677771503857
0.883091787439614
0.883091787439614
0.883091787439614
0.741435723696593
Gen 617
0.883091787439613
0.86174879227053
0.883091787439614
0.883091787439614
0.883091787439614
0.797719806763285
Gen 618
0.883091787439613
0.829624819624818
0.883091787439614
0.883091787439614
0.883091787439614
0.669223916180438
Gen 619
0.883091787439613
0.842359119141726
0.883091787439614
0.883091787439614
0.883091787439614
0.720161114248071
Gen 620
0.883091787439613
0.864688750862663
0.883091787439614
0.883091787439614
0.883091787439614
0.809479641131815
Gen 621
0.883091787439613
0.821226802183323
0.883091787439614
0.883091787439614
0.883091787439614
0.635631846414455
Gen 622
0.883091787439613
0.835373109981804
0.883091787439614
0.883091787439614
0.883091787439614
0.692217077608382
Gen 623
0.883091787439613
0.813247631595456
0.883091787439614
0.883091787439614
0.883091787439614
0.60371516406299
Gen 624
0.883091787439613
0.836737436476566
0.883091787439614
0.883091787439614
0.883091787439614
0.697674383587427
Gen 625
0.883091787439613
0.830713219148
0.883091787439614
0.883091787439614
0.883091787439614
0.673577514273167
Gen 626
0.883091787439613
0.818885500972456
0.883091787439614
0.883091787439614
0.883091787439614
0.62626664157099
Gen 627
0.883091787439613
0.834338164251206
0.883091787439614
0.883091787439614
0.883091787439614
0.688077294685991
Gen 628
0.883091787439613
0.825862224731789
0.883091787439614
0.883091787439614
0.883091787439614
0.654173536608319
Gen 629
0.883091787439613
0.830475563084258
0.883091787439614
0.883091787439614
0.883091787439614
0.672626890018194
Gen 630
0.883091787439613
0.841465587552543
0.883091787439614
0.883091787439614
0.883091787439614
0.716586987891336
Gen 631
0.883091787439613
0.865706004140785
0.883091787439614
0.883091787439614
0.883091787439614
0.813548654244307
Gen 632
0.883091787439613
0.854910596649726
0.883091787439614
0.883091787439614
0.883091787439614
0.770367024280068
Gen 633
0.883091787439613
0.828179057657317
0.883091787439614
0.883091787439614
0.883091787439614
0.663440868310434
Gen 634
0.883091787439613
0.802383085513519
0.883091787439614
0.883091787439614
0.883091787439614
0.560256979735241
Gen 635
0.883091787439613
0.857248384465774
0.883091787439614
0.883091787439614
0.883091787439614
0.779718175544263
Gen 636
0.883091787439613
0.834307045611392
0.883091787439614
0.883091787439614
0.883091787439614
0.687952820126733
Gen 637
0.883091787439613
0.857519041345127
0.883091787439614
0.883091787439614
0.883091787439614
0.780800803061673
Gen 638
0.883091787439613
0.862125603864733
0.883091787439614
0.883091787439614
0.883091787439614
0.799227053140097
Gen 639
0.883091787439613
0.837454796411317
0.883091787439614
0.883091787439614
0.883091787439614
0.700543823326432
Gen 640
0.883091787439613
0.855518915866741
0.883091787439614
0.883091787439614
0.883091787439614
0.772800301148127
Gen 641
0.883091787439613
0.840519229562706
0.883091787439614
0.883091787439614
0.883091787439614
0.712801555931991
Gen 642
0.883091787439613
0.839152142543446
0.883091787439614
0.883091787439614
0.883091787439614
0.707333207854947
Gen 643
0.883091787439613
0.848893657067569
0.883091787439614
0.883091787439614
0.883091787439614
0.74629926595144
Gen 644
0.883091787439613
0.874737060041406
0.883091787439614
0.883091787439614
0.883091787439614
0.849672877846791
Gen 645
0.883091787439613
0.832574314574313
0.883091787439614
0.883091787439614
0.883091787439614
0.681021895978418
Gen 646
0.883091787439613
0.850625258799171
0.883091787439614
0.883091787439614
0.883091787439614
0.753225672877847
