Gen 1
0,133333333333333
0,011324549846289
0,0452981993851559
0
0
0
Gen 2
0,133333333333333
0,0493837756446452
0,104692640692641
0,07742518351214
0,0154172783738001
0
Gen 3
0,133333333333333
0,0930285463328943
0,133333333333333
0,121350649350649
0,0928138528138528
0,0246163498337411
Gen 4
0,133333333333333
0,124028358115315
0,133333333333333
0,133333333333333
0,133333333333333
0,0961134324612585
Gen 5
0,133333333333333
0,13247619047619
0,133333333333333
0,133333333333333
0,133333333333333
0,129904761904762
Gen 6
0,133333333333333
0,131603990212686
0,133333333333333
0,133333333333333
0,133333333333333
0,126415960850743
Gen 7
0,19047619047619
0,131613526570048
0,136739820565908
0,133333333333333
0,133333333333333
0,123047619047619
Gen 8
0,19047619047619
0,14018244557375
0,165024154589372
0,133333333333333
0,133333333333333
0,129038961038961
Gen 9
0,19047619047619
0,170449965493443
0,190476190476191
0,190476190476191
0,166012422360248
0,134835058661146
Gen 10
0,19047619047619
0,188528138528138
0,190476190476191
0,190476190476191
0,190476190476191
0,182683982683983
Gen 11
0,19047619047619
0,187532467532467
0,190476190476191
0,190476190476191
0,190476190476191
0,178701298701299
Gen 12
0,19047619047619
0,186796536796537
0,190476190476191
0,190476190476191
0,190476190476191
0,175757575757576
Gen 13
0,19047619047619
0,189065687935253
0,190476190476191
0,190476190476191
0,190476190476191
0,184834180312441
Gen 14
0,19047619047619
0,18415220528264
0,190476190476191
0,190476190476191
0,190476190476191
0,165180249701989
Gen 15
0,19047619047619
0,189953071083506
0,190476190476191
0,190476190476191
0,190476190476191
0,188383712905452
Gen 16
0,19047619047619
0,185627705627705
0,190476190476191
0,190476190476191
0,190476190476191
0,171082251082251
Gen 17
0,203463203463203
0,183633226676705
0,190995670995671
0,190476190476191
0,190476190476191
0,162584854758768
Gen 18
0,203463203463203
0,186666666666666
0,195670995670996
0,190476190476191
0,190476190476191
0,17004329004329
Gen 19
0,203463203463203
0,194978354978355
0,203463203463203
0,203463203463203
0,192034632034632
0,180952380952381
Gen 20
0,203463203463203
0,198374552983249
0,203463203463203
0,203463203463203
0,203463203463203
0,183108601543384
