Gen 1
0,0476190476190476
0
0
0
0
0
0
0
0
0
0
0
0
0
0
0
0
0
0
0
Gen 2
0,0476190476190476
0,0476190476190476
0,0476190476190476
0,0476190476190476
0,0476190476190476
0
0
0
0
0
0
0
0
0
0
0
0
0
0
0
Gen 3
0,0476190476190476
0,0476190476190476
0,0476190476190476
0,0476190476190476
0,0476190476190476
0,0476190476190476
0,0476190476190476
0,0476190476190476
0,0476190476190476
0,0476190476190476
0,0476190476190476
0,0476190476190476
0,0476190476190476
0,0476190476190476
0,0476190476190476
0,0476190476190476
0
0
0
0
Gen 4
0,0476190476190476
0,0476190476190476
0,0476190476190476
0,0476190476190476
0,0476190476190476
0,0476190476190476
0,0476190476190476
0,0476190476190476
0,0476190476190476
0,0476190476190476
0,0476190476190476
0,0476190476190476
0,0476190476190476
0,0476190476190476
0,0476190476190476
0,0476190476190476
0,0476190476190476
0,0476190476190476
0,0476190476190476
0,0476190476190476
Gen 5
0,0476190476190476
0,0476190476190476
0,0476190476190476
0,0476190476190476
0,0476190476190476
0,0476190476190476
0,0476190476190476
0,0476190476190476
0,0476190476190476
0,0476190476190476
0,0476190476190476
0,0476190476190476
0,0476190476190476
0,0476190476190476
0,0476190476190476
0,0476190476190476
0,0476190476190476
0,0476190476190476
0,0476190476190476
0,0476190476190476
Gen 6
0,0476190476190476
0,0476190476190476
0,0476190476190476
0,0476190476190476
0,0476190476190476
0,0476190476190476
0,0476190476190476
0,0476190476190476
0,0476190476190476
0,0476190476190476
0,0476190476190476
0,0476190476190476
0,0476190476190476
0,0476190476190476
0,0476190476190476
0,0476190476190476
0,0476190476190476
0,0476190476190476
0
0
Gen 7
0,0476190476190476
0,0476190476190476
0,0476190476190476
0,0476190476190476
0,0476190476190476
0,0476190476190476
0,0476190476190476
0,0476190476190476
0,0476190476190476
0,0476190476190476
0,0476190476190476
0,0476190476190476
0,0476190476190476
0,0476190476190476
0,0476190476190476
0,0476190476190476
0,0476190476190476
0,0476190476190476
0,0476190476190476
0,0476190476190476
Gen 8
0,0476190476190476
0,0476190476190476
0,0476190476190476
0,0476190476190476
0,0476190476190476
0,0476190476190476
0,0476190476190476
0,0476190476190476
0,0476190476190476
0,0476190476190476
0,0476190476190476
0,0476190476190476
0,0476190476190476
0,0476190476190476
0,0476190476190476
0,0476190476190476
0,0476190476190476
0,0476190476190476
0,0476190476190476
0
Gen 9
0,0476190476190476
0,0476190476190476
0,0476190476190476
0,0476190476190476
0,0476190476190476
0,0476190476190476
0,0476190476190476
0,0476190476190476
0,0476190476190476
0,0476190476190476
0,0476190476190476
0,0476190476190476
0,0476190476190476
0,0476190476190476
0,0476190476190476
0,0476190476190476
0,0476190476190476
0,0476190476190476
0,0476190476190476
0,0476190476190476
Gen 10
0,0476190476190476
0,0476190476190476
0,0476190476190476
0,0476190476190476
0,0476190476190476
0,0476190476190476
0,0476190476190476
0,0476190476190476
0,0476190476190476
0,0476190476190476
0,0476190476190476
0,0476190476190476
0,0476190476190476
0,0476190476190476
0,0476190476190476
0,0476190476190476
0,0476190476190476
0,0476190476190476
0,0476190476190476
0,0476190476190476
Gen 11
0,0476190476190476
0,0476190476190476
0,0476190476190476
0,0476190476190476
0,0476190476190476
0,0476190476190476
0,0476190476190476
0,0476190476190476
0,0476190476190476
0,0476190476190476
0,0476190476190476
0,0476190476190476
0,0476190476190476
0,0476190476190476
0,0476190476190476
0,0476190476190476
0,0476190476190476
0,0476190476190476
0,0476190476190476
0,0476190476190476
Gen 12
0,0476190476190476
0,0476190476190476
0,0476190476190476
0,0476190476190476
0,0476190476190476
0,0476190476190476
0,0476190476190476
0,0476190476190476
0,0476190476190476
0,0476190476190476
0,0476190476190476
0,0476190476190476
0,0476190476190476
0,0476190476190476
0,0476190476190476
0,0476190476190476
0,0476190476190476
0,0476190476190476
0,0476190476190476
0,0476190476190476
Gen 13
0,0476190476190476
0,0476190476190476
0,0476190476190476
0,0476190476190476
0,0476190476190476
0,0476190476190476
0,0476190476190476
0,0476190476190476
0,0476190476190476
0,0476190476190476
0,0476190476190476
0,0476190476190476
0,0476190476190476
0,0476190476190476
0,0476190476190476
0,0476190476190476
0,0476190476190476
0,0476190476190476
0,0476190476190476
0,0476190476190476
Gen 14
0,0476190476190476
0,0476190476190476
0,0476190476190476
0,0476190476190476
0,0476190476190476
0,0476190476190476
0,0476190476190476
0,0476190476190476
0,0476190476190476
0,0476190476190476
0,0476190476190476
0,0476190476190476
0,0476190476190476
0,0476190476190476
0,0476190476190476
0,0476190476190476
0,0476190476190476
0,0476190476190476
0
0
Gen 15
0,0476190476190476
0,0476190476190476
0,0476190476190476
0,0476190476190476
0,0476190476190476
0,0476190476190476
0,0476190476190476
0,0476190476190476
0,0476190476190476
0,0476190476190476
0,0476190476190476
0,0476190476190476
0,0476190476190476
0,0476190476190476
0,0476190476190476
0,0476190476190476
0,0476190476190476
0,0476190476190476
0,0476190476190476
0,0476190476190476
Gen 16
0,0476190476190476
0,0476190476190476
0,0476190476190476
0,0476190476190476
0,0476190476190476
0,0476190476190476
0,0476190476190476
0,0476190476190476
0,0476190476190476
0,0476190476190476
0,0476190476190476
0,0476190476190476
0,0476190476190476
0,0476190476190476
0,0476190476190476
0,0476190476190476
0,0476190476190476
0,0476190476190476
0,0476190476190476
0,0476190476190476
Gen 17
0,0476190476190476
0,0476190476190476
0,0476190476190476
0,0476190476190476
0,0476190476190476
0,0476190476190476
0,0476190476190476
0,0476190476190476
0,0476190476190476
0,0476190476190476
0,0476190476190476
0,0476190476190476
0,0476190476190476
0,0476190476190476
0,0476190476190476
0,0476190476190476
0,0476190476190476
0,0476190476190476
0,0476190476190476
0
Gen 18
0,0476190476190476
0,0476190476190476
0,0476190476190476
0,0476190476190476
0,0476190476190476
0,0476190476190476
0,0476190476190476
0,0476190476190476
0,0476190476190476
0,0476190476190476
0,0476190476190476
0,0476190476190476
0,0476190476190476
0,0476190476190476
0,0476190476190476
0,0476190476190476
0,0476190476190476
0,0476190476190476
0,0476190476190476
0,0476190476190476
Gen 19
0,0476190476190476
0,0476190476190476
0,0476190476190476
0,0476190476190476
0,0476190476190476
0,0476190476190476
0,0476190476190476
0,0476190476190476
0,0476190476190476
0,0476190476190476
0,0476190476190476
0,0476190476190476
0,0476190476190476
0,0476190476190476
0,0476190476190476
0,0476190476190476
0,0476190476190476
0,0476190476190476
0,0476190476190476
0,0183574879227053
Gen 20
0,0476190476190476
0,0476190476190476
0,0476190476190476
0,0476190476190476
0,0476190476190476
0,0476190476190476
0,0476190476190476
0,0476190476190476
0,0476190476190476
0,0476190476190476
0,0476190476190476
0,0476190476190476
0,0476190476190476
0,0476190476190476
0,0476190476190476
0,0476190476190476
0,0476190476190476
0,0476190476190476
0,0476190476190476
0,0476190476190476
Gen 21
0,0476190476190476
0,0476190476190476
0,0476190476190476
0,0476190476190476
0,0476190476190476
0,0476190476190476
0,0476190476190476
0,0476190476190476
0,0476190476190476
0,0476190476190476
0,0476190476190476
0,0476190476190476
0,0476190476190476
0,0476190476190476
0,0476190476190476
0,0476190476190476
0,0476190476190476
0,0476190476190476
0,0476190476190476
0,0476190476190476
Gen 22
0,0476190476190476
0,0476190476190476
0,0476190476190476
0,0476190476190476
0,0476190476190476
0,0476190476190476
0,0476190476190476
0,0476190476190476
0,0476190476190476
0,0476190476190476
0,0476190476190476
0,0476190476190476
0,0476190476190476
0,0476190476190476
0,0476190476190476
0,0476190476190476
0,0476190476190476
0,0476190476190476
0,0183574879227053
0
Gen 23
0,0476190476190476
0,0476190476190476
0,0476190476190476
0,0476190476190476
0,0476190476190476
0,0476190476190476
0,0476190476190476
0,0476190476190476
0,0476190476190476
0,0476190476190476
0,0476190476190476
0,0476190476190476
0,0476190476190476
0,0476190476190476
0,0476190476190476
0,0476190476190476
0,0476190476190476
0,0476190476190476
0,0476190476190476
0,0476190476190476
Gen 24
0,0476190476190476
0,0476190476190476
0,0476190476190476
0,0476190476190476
0,0476190476190476
0,0476190476190476
0,0476190476190476
0,0476190476190476
0,0476190476190476
0,0476190476190476
0,0476190476190476
0,0476190476190476
0,0476190476190476
0,0476190476190476
0,0476190476190476
0,0476190476190476
0,0476190476190476
0,0476190476190476
0,0476190476190476
0,0476190476190476
Gen 25
0,0476190476190476
0,0476190476190476
0,0476190476190476
0,0476190476190476
0,0476190476190476
0,0476190476190476
0,0476190476190476
0,0476190476190476
0,0476190476190476
0,0476190476190476
0,0476190476190476
0,0476190476190476
0,0476190476190476
0,0476190476190476
0,0476190476190476
0,0476190476190476
0,0476190476190476
0,0476190476190476
0,0476190476190476
0,0476190476190476
Gen 26
0,0476190476190476
0,0476190476190476
0,0476190476190476
0,0476190476190476
0,0476190476190476
0,0476190476190476
0,0476190476190476
0,0476190476190476
0,0476190476190476
0,0476190476190476
0,0476190476190476
0,0476190476190476
0,0476190476190476
0,0476190476190476
0,0476190476190476
0,0476190476190476
0,0476190476190476
0,0476190476190476
0,0476190476190476
0,0476190476190476
Gen 27
0,0476190476190476
0,0476190476190476
0,0476190476190476
0,0476190476190476
0,0476190476190476
0,0476190476190476
0,0476190476190476
0,0476190476190476
0,0476190476190476
0,0476190476190476
0,0476190476190476
0,0476190476190476
0,0476190476190476
0,0476190476190476
0,0476190476190476
0,0476190476190476
0,0476190476190476
0,0476190476190476
0,0476190476190476
0,0476190476190476
Gen 28
0,0476190476190476
0,0476190476190476
0,0476190476190476
0,0476190476190476
0,0476190476190476
0,0476190476190476
0,0476190476190476
0,0476190476190476
0,0476190476190476
0,0476190476190476
0,0476190476190476
0,0476190476190476
0,0476190476190476
0,0476190476190476
0,0476190476190476
0,0476190476190476
0,0476190476190476
0,0476190476190476
0
0
Gen 29
0,0476190476190476
0,0476190476190476
0,0476190476190476
0,0476190476190476
0,0476190476190476
0,0476190476190476
0,0476190476190476
0,0476190476190476
0,0476190476190476
0,0476190476190476
0,0476190476190476
0,0476190476190476
0,0476190476190476
0,0476190476190476
0,0476190476190476
0,0476190476190476
0,0476190476190476
0,0476190476190476
0,0476190476190476
0,0476190476190476
Gen 30
0,0476190476190476
0,0476190476190476
0,0476190476190476
0,0476190476190476
0,0476190476190476
0,0476190476190476
0,0476190476190476
0,0476190476190476
0,0476190476190476
0,0476190476190476
0,0476190476190476
0,0476190476190476
0,0476190476190476
0,0476190476190476
0,0476190476190476
0,0476190476190476
0,0476190476190476
0,0476190476190476
0,0476190476190476
0,0476190476190476
Gen 31
0,0865800865800866
0,0476190476190476
0,0476190476190476
0,0476190476190476
0,0476190476190476
0,0476190476190476
0,0476190476190476
0,0476190476190476
0,0476190476190476
0,0476190476190476
0,0476190476190476
0,0476190476190476
0,0476190476190476
0,0476190476190476
0,0476190476190476
0,0476190476190476
0,0476190476190476
0,0476190476190476
0,0476190476190476
0,0476190476190476
Gen 32
0,0865800865800866
0,0865800865800866
0,0865800865800866
0,0865800865800866
0,0865800865800866
0,0865800865800866
0,0865800865800866
0,0476190476190476
0,0476190476190476
0,0476190476190476
0,0476190476190476
0,0476190476190476
0,0476190476190476
0,0476190476190476
0,0476190476190476
0,0476190476190476
0,0476190476190476
0,0476190476190476
0,0476190476190476
0,0476190476190476
Gen 33
0,0865800865800866
0,0865800865800866
0,0865800865800866
0,0865800865800866
0,0865800865800866
0,0865800865800866
0,0865800865800866
0,0865800865800866
0,0865800865800866
0,0865800865800866
0,0865800865800866
0,0865800865800866
0,0865800865800866
0,0865800865800866
0,0865800865800866
0,0865800865800866
0,0865800865800866
0,0865800865800866
0,0865800865800866
0,0865800865800866
Gen 34
0,0865800865800866
0,0865800865800866
0,0865800865800866
0,0865800865800866
0,0865800865800866
0,0865800865800866
0,0865800865800866
0,0865800865800866
0,0865800865800866
0,0865800865800866
0,0865800865800866
0,0865800865800866
0,0865800865800866
0,0865800865800866
0,0865800865800866
0,0865800865800866
0,0865800865800866
0,0865800865800866
0,0865800865800866
0,0865800865800866
Gen 35
0,0865800865800866
0,0865800865800866
0,0865800865800866
0,0865800865800866
0,0865800865800866
0,0865800865800866
0,0865800865800866
0,0865800865800866
0,0865800865800866
0,0865800865800866
0,0865800865800866
0,0865800865800866
0,0865800865800866
0,0865800865800866
0,0865800865800866
0,0865800865800866
0,0865800865800866
0,0865800865800866
0,0865800865800866
0,0476190476190476
Gen 36
0,0865800865800866
0,0865800865800866
0,0865800865800866
0,0865800865800866
0,0865800865800866
0,0865800865800866
0,0865800865800866
0,0865800865800866
0,0865800865800866
0,0865800865800866
0,0865800865800866
0,0865800865800866
0,0865800865800866
0,0865800865800866
0,0865800865800866
0,0865800865800866
0,0865800865800866
0,0865800865800866
0,0865800865800866
0,0865800865800866
Gen 37
0,0865800865800866
0,0865800865800866
0,0865800865800866
0,0865800865800866
0,0865800865800866
0,0865800865800866
0,0865800865800866
0,0865800865800866
0,0865800865800866
0,0865800865800866
0,0865800865800866
0,0865800865800866
0,0865800865800866
0,0865800865800866
0,0865800865800866
0,0865800865800866
0,0865800865800866
0,0865800865800866
0,0865800865800866
0,0865800865800866
Gen 38
0,0865800865800866
0,0865800865800866
0,0865800865800866
0,0865800865800866
0,0865800865800866
0,0865800865800866
0,0865800865800866
0,0865800865800866
0,0865800865800866
0,0865800865800866
0,0865800865800866
0,0865800865800866
0,0865800865800866
0,0865800865800866
0,0865800865800866
0,0865800865800866
0,0865800865800866
0,0865800865800866
0,0865800865800866
0,0541062801932367
Gen 39
0,0865800865800866
0,0865800865800866
0,0865800865800866
0,0865800865800866
0,0865800865800866
0,0865800865800866
0,0865800865800866
0,0865800865800866
0,0865800865800866
0,0865800865800866
0,0865800865800866
0,0865800865800866
0,0865800865800866
0,0865800865800866
0,0865800865800866
0,0865800865800866
0,0865800865800866
0,0865800865800866
0,0865800865800866
0,0865800865800866
Gen 40
0,0865800865800866
0,0865800865800866
0,0865800865800866
0,0865800865800866
0,0865800865800866
0,0865800865800866
0,0865800865800866
0,0865800865800866
0,0865800865800866
0,0865800865800866
0,0865800865800866
0,0865800865800866
0,0865800865800866
0,0865800865800866
0,0865800865800866
0,0865800865800866
0,0865800865800866
0,0865800865800866
0,0865800865800866
0,0865800865800866
Gen 41
0,0865800865800866
0,0865800865800866
0,0865800865800866
0,0865800865800866
0,0865800865800866
0,0865800865800866
0,0865800865800866
0,0865800865800866
0,0865800865800866
0,0865800865800866
0,0865800865800866
0,0865800865800866
0,0865800865800866
0,0865800865800866
0,0865800865800866
0,0865800865800866
0,0865800865800866
0,0865800865800866
0,0865800865800866
0
Gen 42
0,0865800865800866
0,0865800865800866
0,0865800865800866
0,0865800865800866
0,0865800865800866
0,0865800865800866
0,0865800865800866
0,0865800865800866
0,0865800865800866
0,0865800865800866
0,0865800865800866
0,0865800865800866
0,0865800865800866
0,0865800865800866
0,0865800865800866
0,0865800865800866
0,0865800865800866
0,0865800865800866
0,0865800865800866
0,0865800865800866
Gen 43
0,0865800865800866
0,0865800865800866
0,0865800865800866
0,0865800865800866
0,0865800865800866
0,0865800865800866
0,0865800865800866
0,0865800865800866
0,0865800865800866
0,0865800865800866
0,0865800865800866
0,0865800865800866
0,0865800865800866
0,0865800865800866
0,0865800865800866
0,0865800865800866
0,0865800865800866
0,0865800865800866
0,0865800865800866
0,0865800865800866
Gen 44
0,0865800865800866
0,0865800865800866
0,0865800865800866
0,0865800865800866
0,0865800865800866
0,0865800865800866
0,0865800865800866
0,0865800865800866
0,0865800865800866
0,0865800865800866
0,0865800865800866
0,0865800865800866
0,0865800865800866
0,0865800865800866
0,0865800865800866
0,0865800865800866
0,0865800865800866
0,0865800865800866
0,0865800865800866
0
Gen 45
0,0865800865800866
0,0865800865800866
0,0865800865800866
0,0865800865800866
0,0865800865800866
0,0865800865800866
0,0865800865800866
0,0865800865800866
0,0865800865800866
0,0865800865800866
0,0865800865800866
0,0865800865800866
0,0865800865800866
0,0865800865800866
0,0865800865800866
0,0865800865800866
0,0865800865800866
0,0865800865800866
0,0865800865800866
0,0649350649350649
Gen 46
0,0865800865800866
0,0865800865800866
0,0865800865800866
0,0865800865800866
0,0865800865800866
0,0865800865800866
0,0865800865800866
0,0865800865800866
0,0865800865800866
0,0865800865800866
0,0865800865800866
0,0865800865800866
0,0865800865800866
0,0865800865800866
0,0865800865800866
0,0865800865800866
0,0865800865800866
0,0865800865800866
0,0865800865800866
0,0865800865800866
Gen 47
0,0865800865800866
0,0865800865800866
0,0865800865800866
0,0865800865800866
0,0865800865800866
0,0865800865800866
0,0865800865800866
0,0865800865800866
0,0865800865800866
0,0865800865800866
0,0865800865800866
0,0865800865800866
0,0865800865800866
0,0865800865800866
0,0865800865800866
0,0865800865800866
0,0865800865800866
0,0865800865800866
0,0649350649350649
0,0476190476190476
Gen 48
0,0865800865800866
0,0865800865800866
0,0865800865800866
0,0865800865800866
0,0865800865800866
0,0865800865800866
0,0865800865800866
0,0865800865800866
0,0865800865800866
0,0865800865800866
0,0865800865800866
0,0865800865800866
0,0865800865800866
0,0865800865800866
0,0865800865800866
0,0865800865800866
0,0865800865800866
0,0865800865800866
0,0865800865800866
0,0865800865800866
Gen 49
0,0865800865800866
0,0865800865800866
0,0865800865800866
0,0865800865800866
0,0865800865800866
0,0865800865800866
0,0865800865800866
0,0865800865800866
0,0865800865800866
0,0865800865800866
0,0865800865800866
0,0865800865800866
0,0865800865800866
0,0865800865800866
0,0865800865800866
0,0865800865800866
0,0865800865800866
0,0865800865800866
0,0865800865800866
0,0865800865800866
Gen 50
0,0865800865800866
0,0865800865800866
0,0865800865800866
0,0865800865800866
0,0865800865800866
0,0865800865800866
0,0865800865800866
0,0865800865800866
0,0865800865800866
0,0865800865800866
0,0865800865800866
0,0865800865800866
0,0865800865800866
0,0865800865800866
0,0865800865800866
0,0865800865800866
0,0865800865800866
0,0865800865800866
0,0865800865800866
0,0606060606060606
Gen 51
0,0865800865800866
0,0865800865800866
0,0865800865800866
0,0865800865800866
0,0865800865800866
0,0865800865800866
0,0865800865800866
0,0865800865800866
0,0865800865800866
0,0865800865800866
0,0865800865800866
0,0865800865800866
0,0865800865800866
0,0865800865800866
0,0865800865800866
0,0865800865800866
0,0865800865800866
0,0865800865800866
0,0865800865800866
0,0865800865800866
Gen 52
0,0865800865800866
0,0865800865800866
0,0865800865800866
0,0865800865800866
0,0865800865800866
0,0865800865800866
0,0865800865800866
0,0865800865800866
0,0865800865800866
0,0865800865800866
0,0865800865800866
0,0865800865800866
0,0865800865800866
0,0865800865800866
0,0865800865800866
0,0865800865800866
0,0865800865800866
0,0865800865800866
0,0865800865800866
0,0541062801932367
Gen 53
0,0865800865800866
0,0865800865800866
0,0865800865800866
0,0865800865800866
0,0865800865800866
0,0865800865800866
0,0865800865800866
0,0865800865800866
0,0865800865800866
0,0865800865800866
0,0865800865800866
0,0865800865800866
0,0865800865800866
0,0865800865800866
0,0865800865800866
0,0865800865800866
0,0865800865800866
0,0865800865800866
0,0865800865800866
0,0865800865800866
Gen 54
0,0909090909090909
0,0865800865800866
0,0865800865800866
0,0865800865800866
0,0865800865800866
0,0865800865800866
0,0865800865800866
0,0865800865800866
0,0865800865800866
0,0865800865800866
0,0865800865800866
0,0865800865800866
0,0865800865800866
0,0865800865800866
0,0865800865800866
0,0865800865800866
0,0865800865800866
0,0865800865800866
0,0865800865800866
0,0541062801932367
Gen 55
0,0909090909090909
0,0909090909090909
0,0909090909090909
0,0909090909090909
0,0909090909090909
0,0909090909090909
0,0909090909090909
0,0909090909090909
0,0909090909090909
0,0909090909090909
0,0909090909090909
0,0865800865800866
0,0865800865800866
0,0865800865800866
0,0865800865800866
0,0865800865800866
0,0865800865800866
0,0865800865800866
0,0865800865800866
0,0865800865800866
Gen 56
0,0909090909090909
0,0909090909090909
0,0909090909090909
0,0909090909090909
0,0909090909090909
0,0909090909090909
0,0909090909090909
0,0909090909090909
0,0909090909090909
0,0909090909090909
0,0909090909090909
0,0909090909090909
0,0909090909090909
0,0909090909090909
0,0909090909090909
0,0909090909090909
0,0909090909090909
0,0909090909090909
0,0909090909090909
0,0909090909090909
Gen 57
0,0909090909090909
0,0909090909090909
0,0909090909090909
0,0909090909090909
0,0909090909090909
0,0909090909090909
0,0909090909090909
0,0909090909090909
0,0909090909090909
0,0909090909090909
0,0909090909090909
0,0909090909090909
0,0909090909090909
0,0909090909090909
0,0909090909090909
0,0909090909090909
0,0909090909090909
0,0909090909090909
0,0909090909090909
0,0909090909090909
Gen 58
0,0909090909090909
0,0909090909090909
0,0909090909090909
0,0909090909090909
0,0909090909090909
0,0909090909090909
0,0909090909090909
0,0909090909090909
0,0909090909090909
0,0909090909090909
0,0909090909090909
0,0909090909090909
0,0909090909090909
0,0909090909090909
0,0909090909090909
0,0909090909090909
0,0909090909090909
0,0909090909090909
0,0909090909090909
0
Gen 59
0,0909090909090909
0,0909090909090909
0,0909090909090909
0,0909090909090909
0,0909090909090909
0,0909090909090909
0,0909090909090909
0,0909090909090909
0,0909090909090909
0,0909090909090909
0,0909090909090909
0,0909090909090909
0,0909090909090909
0,0909090909090909
0,0909090909090909
0,0909090909090909
0,0909090909090909
0,0909090909090909
0,0909090909090909
0,0909090909090909
Gen 60
0,0909090909090909
0,0909090909090909
0,0909090909090909
0,0909090909090909
0,0909090909090909
0,0909090909090909
0,0909090909090909
0,0909090909090909
0,0909090909090909
0,0909090909090909
0,0909090909090909
0,0909090909090909
0,0909090909090909
0,0909090909090909
0,0909090909090909
0,0909090909090909
0,0909090909090909
0,0909090909090909
0,0909090909090909
0,0865800865800866
Gen 61
0,0909090909090909
0,0909090909090909
0,0909090909090909
0,0909090909090909
0,0909090909090909
0,0909090909090909
0,0909090909090909
0,0909090909090909
0,0909090909090909
0,0909090909090909
0,0909090909090909
0,0909090909090909
0,0909090909090909
0,0909090909090909
0,0909090909090909
0,0909090909090909
0,0909090909090909
0,0909090909090909
0,0909090909090909
0,0144927536231884
Gen 62
0,0909090909090909
0,0909090909090909
0,0909090909090909
0,0909090909090909
0,0909090909090909
0,0909090909090909
0,0909090909090909
0,0909090909090909
0,0909090909090909
0,0909090909090909
0,0909090909090909
0,0909090909090909
0,0909090909090909
0,0909090909090909
0,0909090909090909
0,0909090909090909
0,0909090909090909
0,0909090909090909
0,0909090909090909
0,0909090909090909
Gen 63
0,0909090909090909
0,0909090909090909
0,0909090909090909
0,0909090909090909
0,0909090909090909
0,0909090909090909
0,0909090909090909
0,0909090909090909
0,0909090909090909
0,0909090909090909
0,0909090909090909
0,0909090909090909
0,0909090909090909
0,0909090909090909
0,0909090909090909
0,0909090909090909
0,0909090909090909
0,0909090909090909
0,0909090909090909
0,0570048309178744
Gen 64
0,0909090909090909
0,0909090909090909
0,0909090909090909
0,0909090909090909
0,0909090909090909
0,0909090909090909
0,0909090909090909
0,0909090909090909
0,0909090909090909
0,0909090909090909
0,0909090909090909
0,0909090909090909
0,0909090909090909
0,0909090909090909
0,0909090909090909
0,0909090909090909
0,0909090909090909
0,0909090909090909
0,0909090909090909
0,0909090909090909
Gen 65
0,0909090909090909
0,0909090909090909
0,0909090909090909
0,0909090909090909
0,0909090909090909
0,0909090909090909
0,0909090909090909
0,0909090909090909
0,0909090909090909
0,0909090909090909
0,0909090909090909
0,0909090909090909
0,0909090909090909
0,0909090909090909
0,0909090909090909
0,0909090909090909
0,0909090909090909
0,0909090909090909
0,0909090909090909
0,0909090909090909
Gen 66
0,0909090909090909
0,0909090909090909
0,0909090909090909
0,0909090909090909
0,0909090909090909
0,0909090909090909
0,0909090909090909
0,0909090909090909
0,0909090909090909
0,0909090909090909
0,0909090909090909
0,0909090909090909
0,0909090909090909
0,0909090909090909
0,0909090909090909
0,0909090909090909
0,0909090909090909
0,0909090909090909
0,0909090909090909
0
Gen 67
0,0909090909090909
0,0909090909090909
0,0909090909090909
0,0909090909090909
0,0909090909090909
0,0909090909090909
0,0909090909090909
0,0909090909090909
0,0909090909090909
0,0909090909090909
0,0909090909090909
0,0909090909090909
0,0909090909090909
0,0909090909090909
0,0909090909090909
0,0909090909090909
0,0909090909090909
0,0909090909090909
0,0909090909090909
0,0909090909090909
Gen 68
0,0909090909090909
0,0909090909090909
0,0909090909090909
0,0909090909090909
0,0909090909090909
0,0909090909090909
0,0909090909090909
0,0909090909090909
0,0909090909090909
0,0909090909090909
0,0909090909090909
0,0909090909090909
0,0909090909090909
0,0909090909090909
0,0909090909090909
0,0909090909090909
0,0909090909090909
0,0909090909090909
0,0476190476190476
0,0144927536231884
Gen 69
0,0909090909090909
0,0909090909090909
0,0909090909090909
0,0909090909090909
0,0909090909090909
0,0909090909090909
0,0909090909090909
0,0909090909090909
0,0909090909090909
0,0909090909090909
0,0909090909090909
0,0909090909090909
0,0909090909090909
0,0909090909090909
0,0909090909090909
0,0909090909090909
0,0909090909090909
0,0909090909090909
0,0909090909090909
0,0909090909090909
Gen 70
0,0909090909090909
0,0909090909090909
0,0909090909090909
0,0909090909090909
0,0909090909090909
0,0909090909090909
0,0909090909090909
0,0909090909090909
0,0909090909090909
0,0909090909090909
0,0909090909090909
0,0909090909090909
0,0909090909090909
0,0909090909090909
0,0909090909090909
0,0909090909090909
0,0909090909090909
0,0909090909090909
0,0909090909090909
0,0865800865800866
Gen 71
0,0909090909090909
0,0909090909090909
0,0909090909090909
0,0909090909090909
0,0909090909090909
0,0909090909090909
0,0909090909090909
0,0909090909090909
0,0909090909090909
0,0909090909090909
0,0909090909090909
0,0909090909090909
0,0909090909090909
0,0909090909090909
0,0909090909090909
0,0909090909090909
0,0909090909090909
0,0909090909090909
0,0909090909090909
0,00966183574879227
Gen 72
0,0909090909090909
0,0909090909090909
0,0909090909090909
0,0909090909090909
0,0909090909090909
0,0909090909090909
0,0909090909090909
0,0909090909090909
0,0909090909090909
0,0909090909090909
0,0909090909090909
0,0909090909090909
0,0909090909090909
0,0909090909090909
0,0909090909090909
0,0909090909090909
0,0909090909090909
0,0909090909090909
0,0909090909090909
0,0909090909090909
Gen 73
0,0909090909090909
0,0909090909090909
0,0909090909090909
0,0909090909090909
0,0909090909090909
0,0909090909090909
0,0909090909090909
0,0909090909090909
0,0909090909090909
0,0909090909090909
0,0909090909090909
0,0909090909090909
0,0909090909090909
0,0909090909090909
0,0909090909090909
0,0909090909090909
0,0909090909090909
0,0909090909090909
0,0909090909090909
0,0865800865800866
Gen 74
0,0909090909090909
0,0909090909090909
0,0909090909090909
0,0909090909090909
0,0909090909090909
0,0909090909090909
0,0909090909090909
0,0909090909090909
0,0909090909090909
0,0909090909090909
0,0909090909090909
0,0909090909090909
0,0909090909090909
0,0909090909090909
0,0909090909090909
0,0909090909090909
0,0909090909090909
0,0909090909090909
0,0909090909090909
0,0909090909090909
Gen 75
0,0909090909090909
0,0909090909090909
0,0909090909090909
0,0909090909090909
0,0909090909090909
0,0909090909090909
0,0909090909090909
0,0909090909090909
0,0909090909090909
0,0909090909090909
0,0909090909090909
0,0909090909090909
0,0909090909090909
0,0909090909090909
0,0909090909090909
0,0909090909090909
0,0909090909090909
0,0909090909090909
0,0909090909090909
0,0241545893719807
Gen 76
0,0909090909090909
0,0909090909090909
0,0909090909090909
0,0909090909090909
0,0909090909090909
0,0909090909090909
0,0909090909090909
0,0909090909090909
0,0909090909090909
0,0909090909090909
0,0909090909090909
0,0909090909090909
0,0909090909090909
0,0909090909090909
0,0909090909090909
0,0909090909090909
0,0909090909090909
0,0909090909090909
0,0909090909090909
0,0909090909090909
Gen 77
0,0909090909090909
0,0909090909090909
0,0909090909090909
0,0909090909090909
0,0909090909090909
0,0909090909090909
0,0909090909090909
0,0909090909090909
0,0909090909090909
0,0909090909090909
0,0909090909090909
0,0909090909090909
0,0909090909090909
0,0909090909090909
0,0909090909090909
0,0909090909090909
0,0909090909090909
0,0909090909090909
0,0909090909090909
0,0570048309178744
Gen 78
0,0909090909090909
0,0909090909090909
0,0909090909090909
0,0909090909090909
0,0909090909090909
0,0909090909090909
0,0909090909090909
0,0909090909090909
0,0909090909090909
0,0909090909090909
0,0909090909090909
0,0909090909090909
0,0909090909090909
0,0909090909090909
0,0909090909090909
0,0909090909090909
0,0909090909090909
0,0909090909090909
0,0909090909090909
0,0909090909090909
Gen 79
0,0909090909090909
0,0909090909090909
0,0909090909090909
0,0909090909090909
0,0909090909090909
0,0909090909090909
0,0909090909090909
0,0909090909090909
0,0909090909090909
0,0909090909090909
0,0909090909090909
0,0909090909090909
0,0909090909090909
0,0909090909090909
0,0909090909090909
0,0909090909090909
0,0909090909090909
0,0909090909090909
0,0909090909090909
0
Gen 80
0,0909090909090909
0,0909090909090909
0,0909090909090909
0,0909090909090909
0,0909090909090909
0,0909090909090909
0,0909090909090909
0,0909090909090909
0,0909090909090909
0,0909090909090909
0,0909090909090909
0,0909090909090909
0,0909090909090909
0,0909090909090909
0,0909090909090909
0,0909090909090909
0,0909090909090909
0,0909090909090909
0,0909090909090909
0,0241545893719807
Gen 81
0,0909090909090909
0,0909090909090909
0,0909090909090909
0,0909090909090909
0,0909090909090909
0,0909090909090909
0,0909090909090909
0,0909090909090909
0,0909090909090909
0,0909090909090909
0,0909090909090909
0,0909090909090909
0,0909090909090909
0,0909090909090909
0,0909090909090909
0,0909090909090909
0,0909090909090909
0,0909090909090909
0,0909090909090909
0,0521739130434783
Gen 82
0,0909090909090909
0,0909090909090909
0,0909090909090909
0,0909090909090909
0,0909090909090909
0,0909090909090909
0,0909090909090909
0,0909090909090909
0,0909090909090909
0,0909090909090909
0,0909090909090909
0,0909090909090909
0,0909090909090909
0,0909090909090909
0,0909090909090909
0,0909090909090909
0,0909090909090909
0,0909090909090909
0,0909090909090909
0,0909090909090909
Gen 83
0,0909090909090909
0,0909090909090909
0,0909090909090909
0,0909090909090909
0,0909090909090909
0,0909090909090909
0,0909090909090909
0,0909090909090909
0,0909090909090909
0,0909090909090909
0,0909090909090909
0,0909090909090909
0,0909090909090909
0,0909090909090909
0,0909090909090909
0,0909090909090909
0,0909090909090909
0,0909090909090909
0,0909090909090909
0,0476190476190476
Gen 84
0,0909090909090909
0,0909090909090909
0,0909090909090909
0,0909090909090909
0,0909090909090909
0,0909090909090909
0,0909090909090909
0,0909090909090909
0,0909090909090909
0,0909090909090909
0,0909090909090909
0,0909090909090909
0,0909090909090909
0,0909090909090909
0,0909090909090909
0,0909090909090909
0,0909090909090909
0,0909090909090909
0,0909090909090909
0,0909090909090909
Gen 85
0,0909090909090909
0,0909090909090909
0,0909090909090909
0,0909090909090909
0,0909090909090909
0,0909090909090909
0,0909090909090909
0,0909090909090909
0,0909090909090909
0,0909090909090909
0,0909090909090909
0,0909090909090909
0,0909090909090909
0,0909090909090909
0,0909090909090909
0,0909090909090909
0,0909090909090909
0,0909090909090909
0,0909090909090909
0,0909090909090909
Gen 86
0,0909090909090909
0,0909090909090909
0,0909090909090909
0,0909090909090909
0,0909090909090909
0,0909090909090909
0,0909090909090909
0,0909090909090909
0,0909090909090909
0,0909090909090909
0,0909090909090909
0,0909090909090909
0,0909090909090909
0,0909090909090909
0,0909090909090909
0,0909090909090909
0,0909090909090909
0,0909090909090909
0,0909090909090909
0
Gen 87
0,0909090909090909
0,0909090909090909
0,0909090909090909
0,0909090909090909
0,0909090909090909
0,0909090909090909
0,0909090909090909
0,0909090909090909
0,0909090909090909
0,0909090909090909
0,0909090909090909
0,0909090909090909
0,0909090909090909
0,0909090909090909
0,0909090909090909
0,0909090909090909
0,0909090909090909
0,0909090909090909
0,0909090909090909
0,0909090909090909
Gen 88
0,0909090909090909
0,0909090909090909
0,0909090909090909
0,0909090909090909
0,0909090909090909
0,0909090909090909
0,0909090909090909
0,0909090909090909
0,0909090909090909
0,0909090909090909
0,0909090909090909
0,0909090909090909
0,0909090909090909
0,0909090909090909
0,0909090909090909
0,0909090909090909
0,0909090909090909
0,0909090909090909
0
0
Gen 89
0,0909090909090909
0,0909090909090909
0,0909090909090909
0,0909090909090909
0,0909090909090909
0,0909090909090909
0,0909090909090909
0,0909090909090909
0,0909090909090909
0,0909090909090909
0,0909090909090909
0,0909090909090909
0,0909090909090909
0,0909090909090909
0,0909090909090909
0,0909090909090909
0,0909090909090909
0,0909090909090909
0,0909090909090909
0,0909090909090909
Gen 90
0,0909090909090909
0,0909090909090909
0,0909090909090909
0,0909090909090909
0,0909090909090909
0,0909090909090909
0,0909090909090909
0,0909090909090909
0,0909090909090909
0,0909090909090909
0,0909090909090909
0,0909090909090909
0,0909090909090909
0,0909090909090909
0,0909090909090909
0,0909090909090909
0,0909090909090909
0,0909090909090909
0,0570048309178744
0,0216450216450216
Gen 91
0,0909090909090909
0,0909090909090909
0,0909090909090909
0,0909090909090909
0,0909090909090909
0,0909090909090909
0,0909090909090909
0,0909090909090909
0,0909090909090909
0,0909090909090909
0,0909090909090909
0,0909090909090909
0,0909090909090909
0,0909090909090909
0,0909090909090909
0,0909090909090909
0,0909090909090909
0,0909090909090909
0,0909090909090909
0,0909090909090909
Gen 92
0,0909090909090909
0,0909090909090909
0,0909090909090909
0,0909090909090909
0,0909090909090909
0,0909090909090909
0,0909090909090909
0,0909090909090909
0,0909090909090909
0,0909090909090909
0,0909090909090909
0,0909090909090909
0,0909090909090909
0,0909090909090909
0,0909090909090909
0,0909090909090909
0,0909090909090909
0,0909090909090909
0,0909090909090909
0
Gen 93
0,0909090909090909
0,0909090909090909
0,0909090909090909
0,0909090909090909
0,0909090909090909
0,0909090909090909
0,0909090909090909
0,0909090909090909
0,0909090909090909
0,0909090909090909
0,0909090909090909
0,0909090909090909
0,0909090909090909
0,0909090909090909
0,0909090909090909
0,0909090909090909
0,0909090909090909
0,0909090909090909
0,0909090909090909
0,0216450216450216
Gen 94
0,0909090909090909
0,0909090909090909
0,0909090909090909
0,0909090909090909
0,0909090909090909
0,0909090909090909
0,0909090909090909
0,0909090909090909
0,0909090909090909
0,0909090909090909
0,0909090909090909
0,0909090909090909
0,0909090909090909
0,0909090909090909
0,0909090909090909
0,0909090909090909
0,0909090909090909
0,0909090909090909
0,0216450216450216
0
Gen 95
0,0909090909090909
0,0909090909090909
0,0909090909090909
0,0909090909090909
0,0909090909090909
0,0909090909090909
0,0909090909090909
0,0909090909090909
0,0909090909090909
0,0909090909090909
0,0909090909090909
0,0909090909090909
0,0909090909090909
0,0909090909090909
0,0909090909090909
0,0909090909090909
0,0909090909090909
0,0909090909090909
0,0909090909090909
0,0909090909090909
Gen 96
0,0909090909090909
0,0909090909090909
0,0909090909090909
0,0909090909090909
0,0909090909090909
0,0909090909090909
0,0909090909090909
0,0909090909090909
0,0909090909090909
0,0909090909090909
0,0909090909090909
0,0909090909090909
0,0909090909090909
0,0909090909090909
0,0909090909090909
0,0909090909090909
0,0909090909090909
0,0909090909090909
0,0521739130434783
0
Gen 97
0,0909090909090909
0,0909090909090909
0,0909090909090909
0,0909090909090909
0,0909090909090909
0,0909090909090909
0,0909090909090909
0,0909090909090909
0,0909090909090909
0,0909090909090909
0,0909090909090909
0,0909090909090909
0,0909090909090909
0,0909090909090909
0,0909090909090909
0,0909090909090909
0,0909090909090909
0,0909090909090909
0,0909090909090909
0,0909090909090909
Gen 98
0,0909090909090909
0,0909090909090909
0,0909090909090909
0,0909090909090909
0,0909090909090909
0,0909090909090909
0,0909090909090909
0,0909090909090909
0,0909090909090909
0,0909090909090909
0,0909090909090909
0,0909090909090909
0,0909090909090909
0,0909090909090909
0,0909090909090909
0,0909090909090909
0,0909090909090909
0,0909090909090909
0,0909090909090909
0,0909090909090909
Gen 99
0,0909090909090909
0,0909090909090909
0,0909090909090909
0,0909090909090909
0,0909090909090909
0,0909090909090909
0,0909090909090909
0,0909090909090909
0,0909090909090909
0,0909090909090909
0,0909090909090909
0,0909090909090909
0,0909090909090909
0,0909090909090909
0,0909090909090909
0,0909090909090909
0,0909090909090909
0,0909090909090909
0,0909090909090909
0,0909090909090909
Gen 100
0,0909090909090909
0,0909090909090909
0,0909090909090909
0,0909090909090909
0,0909090909090909
0,0909090909090909
0,0909090909090909
0,0909090909090909
0,0909090909090909
0,0909090909090909
0,0909090909090909
0,0909090909090909
0,0909090909090909
0,0909090909090909
0,0909090909090909
0,0909090909090909
0,0909090909090909
0,0909090909090909
0,0865800865800866
0
Gen 101
0,0909090909090909
0,0909090909090909
0,0909090909090909
0,0909090909090909
0,0909090909090909
0,0909090909090909
0,0909090909090909
0,0909090909090909
0,0909090909090909
0,0909090909090909
0,0909090909090909
0,0909090909090909
0,0909090909090909
0,0909090909090909
0,0909090909090909
0,0909090909090909
0,0909090909090909
0,0909090909090909
0,0570048309178744
0,0216450216450216
Gen 102
0,0909090909090909
0,0909090909090909
0,0909090909090909
0,0909090909090909
0,0909090909090909
0,0909090909090909
0,0909090909090909
0,0909090909090909
0,0909090909090909
0,0909090909090909
0,0909090909090909
0,0909090909090909
0,0909090909090909
0,0909090909090909
0,0909090909090909
0,0909090909090909
0,0909090909090909
0,0909090909090909
0,0909090909090909
0,0909090909090909
Gen 103
0,0909090909090909
0,0909090909090909
0,0909090909090909
0,0909090909090909
0,0909090909090909
0,0909090909090909
0,0909090909090909
0,0909090909090909
0,0909090909090909
0,0909090909090909
0,0909090909090909
0,0909090909090909
0,0909090909090909
0,0909090909090909
0,0909090909090909
0,0909090909090909
0,0909090909090909
0,0909090909090909
0,0909090909090909
0,0909090909090909
Gen 104
0,0909090909090909
0,0909090909090909
0,0909090909090909
0,0909090909090909
0,0909090909090909
0,0909090909090909
0,0909090909090909
0,0909090909090909
0,0909090909090909
0,0909090909090909
0,0909090909090909
0,0909090909090909
0,0909090909090909
0,0909090909090909
0,0909090909090909
0,0909090909090909
0,0909090909090909
0,0909090909090909
0,0909090909090909
0,0909090909090909
Gen 105
0,0909090909090909
0,0909090909090909
0,0909090909090909
0,0909090909090909
0,0909090909090909
0,0909090909090909
0,0909090909090909
0,0909090909090909
0,0909090909090909
0,0909090909090909
0,0909090909090909
0,0909090909090909
0,0909090909090909
0,0909090909090909
0,0909090909090909
0,0909090909090909
0,0909090909090909
0,0909090909090909
0,0909090909090909
0
Gen 106
0,0909090909090909
0,0909090909090909
0,0909090909090909
0,0909090909090909
0,0909090909090909
0,0909090909090909
0,0909090909090909
0,0909090909090909
0,0909090909090909
0,0909090909090909
0,0909090909090909
0,0909090909090909
0,0909090909090909
0,0909090909090909
0,0909090909090909
0,0909090909090909
0,0909090909090909
0,0909090909090909
0,0570048309178744
0
Gen 107
0,0909090909090909
0,0909090909090909
0,0909090909090909
0,0909090909090909
0,0909090909090909
0,0909090909090909
0,0909090909090909
0,0909090909090909
0,0909090909090909
0,0909090909090909
0,0909090909090909
0,0909090909090909
0,0909090909090909
0,0909090909090909
0,0909090909090909
0,0909090909090909
0,0909090909090909
0,0909090909090909
0,0865800865800866
0
Gen 108
0,0909090909090909
0,0909090909090909
0,0909090909090909
0,0909090909090909
0,0909090909090909
0,0909090909090909
0,0909090909090909
0,0909090909090909
0,0909090909090909
0,0909090909090909
0,0909090909090909
0,0909090909090909
0,0909090909090909
0,0909090909090909
0,0909090909090909
0,0909090909090909
0,0909090909090909
0,0909090909090909
0
0
Gen 109
0,0909090909090909
0,0909090909090909
0,0909090909090909
0,0909090909090909
0,0909090909090909
0,0909090909090909
0,0909090909090909
0,0909090909090909
0,0909090909090909
0,0909090909090909
0,0909090909090909
0,0909090909090909
0,0909090909090909
0,0909090909090909
0,0909090909090909
0,0909090909090909
0,0909090909090909
0,0909090909090909
0,0909090909090909
0,0909090909090909
Gen 110
0,0909090909090909
0,0909090909090909
0,0909090909090909
0,0909090909090909
0,0909090909090909
0,0909090909090909
0,0909090909090909
0,0909090909090909
0,0909090909090909
0,0909090909090909
0,0909090909090909
0,0909090909090909
0,0909090909090909
0,0909090909090909
0,0909090909090909
0,0909090909090909
0,0909090909090909
0,0909090909090909
0,0909090909090909
0
Gen 111
0,0909090909090909
0,0909090909090909
0,0909090909090909
0,0909090909090909
0,0909090909090909
0,0909090909090909
0,0909090909090909
0,0909090909090909
0,0909090909090909
0,0909090909090909
0,0909090909090909
0,0909090909090909
0,0909090909090909
0,0909090909090909
0,0909090909090909
0,0909090909090909
0,0909090909090909
0,0909090909090909
0,0909090909090909
0
Gen 112
0,0909090909090909
0,0909090909090909
0,0909090909090909
0,0909090909090909
0,0909090909090909
0,0909090909090909
0,0909090909090909
0,0909090909090909
0,0909090909090909
0,0909090909090909
0,0909090909090909
0,0909090909090909
0,0909090909090909
0,0909090909090909
0,0909090909090909
0,0909090909090909
0,0909090909090909
0,0909090909090909
0,0909090909090909
0
Gen 113
0,108225108225108
0,0909090909090909
0,0909090909090909
0,0909090909090909
0,0909090909090909
0,0909090909090909
0,0909090909090909
0,0909090909090909
0,0909090909090909
0,0909090909090909
0,0909090909090909
0,0909090909090909
0,0909090909090909
0,0909090909090909
0,0909090909090909
0,0909090909090909
0,0909090909090909
0,0909090909090909
0,0909090909090909
0
Gen 114
0,108225108225108
0,108225108225108
0,108225108225108
0,108225108225108
0,108225108225108
0,108225108225108
0,108225108225108
0,108225108225108
0,108225108225108
0,0909090909090909
0,0909090909090909
0,0909090909090909
0,0909090909090909
0,0909090909090909
0,0909090909090909
0,0909090909090909
0,0909090909090909
0,0909090909090909
0,0909090909090909
0,0865800865800866
Gen 115
0,108225108225108
0,108225108225108
0,108225108225108
0,108225108225108
0,108225108225108
0,108225108225108
0,108225108225108
0,108225108225108
0,108225108225108
0,108225108225108
0,108225108225108
0,108225108225108
0,108225108225108
0,108225108225108
0,108225108225108
0,108225108225108
0,108225108225108
0,108225108225108
0,108225108225108
0
Gen 116
0,116883116883117
0,108225108225108
0,108225108225108
0,108225108225108
0,108225108225108
0,108225108225108
0,108225108225108
0,108225108225108
0,108225108225108
0,108225108225108
0,108225108225108
0,108225108225108
0,108225108225108
0,108225108225108
0,108225108225108
0,108225108225108
0,108225108225108
0,108225108225108
0,108225108225108
0
Gen 117
0,116883116883117
0,116883116883117
0,116883116883117
0,116883116883117
0,108225108225108
0,108225108225108
0,108225108225108
0,108225108225108
0,108225108225108
0,108225108225108
0,108225108225108
0,108225108225108
0,108225108225108
0,108225108225108
0,108225108225108
0,108225108225108
0,108225108225108
0,108225108225108
0,108225108225108
0,0476190476190476
Gen 118
0,116883116883117
0,116883116883117
0,116883116883117
0,116883116883117
0,116883116883117
0,116883116883117
0,116883116883117
0,116883116883117
0,116883116883117
0,116883116883117
0,116883116883117
0,116883116883117
0,116883116883117
0,116883116883117
0,116883116883117
0,116883116883117
0,112554112554113
0,108225108225108
0,108225108225108
0,108225108225108
Gen 119
0,116883116883117
0,116883116883117
0,116883116883117
0,116883116883117
0,116883116883117
0,116883116883117
0,116883116883117
0,116883116883117
0,116883116883117
0,116883116883117
0,116883116883117
0,116883116883117
0,116883116883117
0,116883116883117
0,116883116883117
0,116883116883117
0,116883116883117
0,116883116883117
0,116883116883117
0,116883116883117
Gen 120
0,116883116883117
0,116883116883117
0,116883116883117
0,116883116883117
0,116883116883117
0,116883116883117
0,116883116883117
0,116883116883117
0,116883116883117
0,116883116883117
0,116883116883117
0,116883116883117
0,116883116883117
0,116883116883117
0,116883116883117
0,116883116883117
0,116883116883117
0,116883116883117
0,0521739130434783
0,0328502415458937
Gen 121
0,116883116883117
0,116883116883117
0,116883116883117
0,116883116883117
0,116883116883117
0,116883116883117
0,116883116883117
0,116883116883117
0,116883116883117
0,116883116883117
0,116883116883117
0,116883116883117
0,116883116883117
0,116883116883117
0,116883116883117
0,116883116883117
0,116883116883117
0,116883116883117
0,116883116883117
0,116883116883117
Gen 122
0,116883116883117
0,116883116883117
0,116883116883117
0,116883116883117
0,116883116883117
0,116883116883117
0,116883116883117
0,116883116883117
0,116883116883117
0,116883116883117
0,116883116883117
0,116883116883117
0,116883116883117
0,116883116883117
0,116883116883117
0,116883116883117
0,116883116883117
0,116883116883117
0,116883116883117
0,116883116883117
Gen 123
0,151515151515152
0,116883116883117
0,116883116883117
0,116883116883117
0,116883116883117
0,116883116883117
0,116883116883117
0,116883116883117
0,116883116883117
0,116883116883117
0,116883116883117
0,116883116883117
0,116883116883117
0,116883116883117
0,116883116883117
0,116883116883117
0,116883116883117
0,116883116883117
0,116883116883117
0,0476190476190476
Gen 124
0,151515151515152
0,151515151515152
0,151515151515152
0,151515151515152
0,151515151515152
0,121212121212121
0,116883116883117
0,116883116883117
0,116883116883117
0,116883116883117
0,116883116883117
0,116883116883117
0,116883116883117
0,116883116883117
0,116883116883117
0,116883116883117
0,116883116883117
0,116883116883117
0,108225108225108
0,0476190476190476
Gen 125
0,151515151515152
0,151515151515152
0,151515151515152
0,151515151515152
0,151515151515152
0,151515151515152
0,151515151515152
0,151515151515152
0,151515151515152
0,151515151515152
0,151515151515152
0,151515151515152
0,151515151515152
0,151515151515152
0,151515151515152
0,151515151515152
0,151515151515152
0,151515151515152
0,151515151515152
0,116883116883117
Gen 126
0,151515151515152
0,151515151515152
0,151515151515152
0,151515151515152
0,151515151515152
0,151515151515152
0,151515151515152
0,151515151515152
0,151515151515152
0,151515151515152
0,151515151515152
0,151515151515152
0,151515151515152
0,151515151515152
0,151515151515152
0,151515151515152
0,151515151515152
0,151515151515152
0,151515151515152
0,151515151515152
Gen 127
0,151515151515152
0,151515151515152
0,151515151515152
0,151515151515152
0,151515151515152
0,151515151515152
0,151515151515152
0,151515151515152
0,151515151515152
0,151515151515152
0,151515151515152
0,151515151515152
0,151515151515152
0,151515151515152
0,151515151515152
0,151515151515152
0,151515151515152
0,151515151515152
0,151515151515152
0,0476190476190476
Gen 128
0,151515151515152
0,151515151515152
0,151515151515152
0,151515151515152
0,151515151515152
0,151515151515152
0,151515151515152
0,151515151515152
0,151515151515152
0,151515151515152
0,151515151515152
0,151515151515152
0,151515151515152
0,151515151515152
0,151515151515152
0,151515151515152
0,151515151515152
0,151515151515152
0,151515151515152
0,151515151515152
Gen 129
0,151515151515152
0,151515151515152
0,151515151515152
0,151515151515152
0,151515151515152
0,151515151515152
0,151515151515152
0,151515151515152
0,151515151515152
0,151515151515152
0,151515151515152
0,151515151515152
0,151515151515152
0,151515151515152
0,151515151515152
0,151515151515152
0,151515151515152
0,151515151515152
0,151515151515152
0,0432900432900433
Gen 130
0,151515151515152
0,151515151515152
0,151515151515152
0,151515151515152
0,151515151515152
0,151515151515152
0,151515151515152
0,151515151515152
0,151515151515152
0,151515151515152
0,151515151515152
0,151515151515152
0,151515151515152
0,151515151515152
0,151515151515152
0,151515151515152
0,151515151515152
0,151515151515152
0,151515151515152
0,151515151515152
Gen 131
0,151515151515152
0,151515151515152
0,151515151515152
0,151515151515152
0,151515151515152
0,151515151515152
0,151515151515152
0,151515151515152
0,151515151515152
0,151515151515152
0,151515151515152
0,151515151515152
0,151515151515152
0,151515151515152
0,151515151515152
0,151515151515152
0,151515151515152
0,151515151515152
0,151515151515152
0,151515151515152
Gen 132
0,151515151515152
0,151515151515152
0,151515151515152
0,151515151515152
0,151515151515152
0,151515151515152
0,151515151515152
0,151515151515152
0,151515151515152
0,151515151515152
0,151515151515152
0,151515151515152
0,151515151515152
0,151515151515152
0,151515151515152
0,151515151515152
0,151515151515152
0,151515151515152
0,151515151515152
0,0657004830917874
Gen 133
0,151515151515152
0,151515151515152
0,151515151515152
0,151515151515152
0,151515151515152
0,151515151515152
0,151515151515152
0,151515151515152
0,151515151515152
0,151515151515152
0,151515151515152
0,151515151515152
0,151515151515152
0,151515151515152
0,151515151515152
0,151515151515152
0,151515151515152
0,151515151515152
0,151515151515152
0,151515151515152
Gen 134
0,151515151515152
0,151515151515152
0,151515151515152
0,151515151515152
0,151515151515152
0,151515151515152
0,151515151515152
0,151515151515152
0,151515151515152
0,151515151515152
0,151515151515152
0,151515151515152
0,151515151515152
0,151515151515152
0,151515151515152
0,151515151515152
0,151515151515152
0,151515151515152
0,151515151515152
0,151515151515152
Gen 135
0,151515151515152
0,151515151515152
0,151515151515152
0,151515151515152
0,151515151515152
0,151515151515152
0,151515151515152
0,151515151515152
0,151515151515152
0,151515151515152
0,151515151515152
0,151515151515152
0,151515151515152
0,151515151515152
0,151515151515152
0,151515151515152
0,151515151515152
0,151515151515152
0,151515151515152
0,151515151515152
Gen 136
0,151515151515152
0,151515151515152
0,151515151515152
0,151515151515152
0,151515151515152
0,151515151515152
0,151515151515152
0,151515151515152
0,151515151515152
0,151515151515152
0,151515151515152
0,151515151515152
0,151515151515152
0,151515151515152
0,151515151515152
0,151515151515152
0,151515151515152
0,151515151515152
0,151515151515152
0,0735930735930736
Gen 137
0,151515151515152
0,151515151515152
0,151515151515152
0,151515151515152
0,151515151515152
0,151515151515152
0,151515151515152
0,151515151515152
0,151515151515152
0,151515151515152
0,151515151515152
0,151515151515152
0,151515151515152
0,151515151515152
0,151515151515152
0,151515151515152
0,151515151515152
0,151515151515152
0,151515151515152
0,151515151515152
Gen 138
0,16017316017316
0,151515151515152
0,151515151515152
0,151515151515152
0,151515151515152
0,151515151515152
0,151515151515152
0,151515151515152
0,151515151515152
0,151515151515152
0,151515151515152
0,151515151515152
0,151515151515152
0,151515151515152
0,151515151515152
0,151515151515152
0,151515151515152
0,151515151515152
0,151515151515152
0,151515151515152
Gen 139
0,16017316017316
0,16017316017316
0,16017316017316
0,16017316017316
0,16017316017316
0,16017316017316
0,16017316017316
0,16017316017316
0,151515151515152
0,151515151515152
0,151515151515152
0,151515151515152
0,151515151515152
0,151515151515152
0,151515151515152
0,151515151515152
0,151515151515152
0,151515151515152
0,151515151515152
0,0328502415458937
Gen 140
0,16017316017316
0,16017316017316
0,16017316017316
0,16017316017316
0,16017316017316
0,16017316017316
0,16017316017316
0,16017316017316
0,16017316017316
0,16017316017316
0,16017316017316
0,16017316017316
0,16017316017316
0,16017316017316
0,16017316017316
0,16017316017316
0,16017316017316
0,16017316017316
0,16017316017316
0,0657004830917874
Gen 141
0,16017316017316
0,16017316017316
0,16017316017316
0,16017316017316
0,16017316017316
0,16017316017316
0,16017316017316
0,16017316017316
0,16017316017316
0,16017316017316
0,16017316017316
0,16017316017316
0,16017316017316
0,16017316017316
0,16017316017316
0,16017316017316
0,16017316017316
0,16017316017316
0,16017316017316
0,16017316017316
Gen 142
0,16017316017316
0,16017316017316
0,16017316017316
0,16017316017316
0,16017316017316
0,16017316017316
0,16017316017316
0,16017316017316
0,16017316017316
0,16017316017316
0,16017316017316
0,16017316017316
0,16017316017316
0,16017316017316
0,16017316017316
0,16017316017316
0,16017316017316
0,16017316017316
0,16017316017316
0,16017316017316
Gen 143
0,16017316017316
0,16017316017316
0,16017316017316
0,16017316017316
0,16017316017316
0,16017316017316
0,16017316017316
0,16017316017316
0,16017316017316
0,16017316017316
0,16017316017316
0,16017316017316
0,16017316017316
0,16017316017316
0,16017316017316
0,16017316017316
0,16017316017316
0,16017316017316
0,16017316017316
0,16017316017316
Gen 144
0,16017316017316
0,16017316017316
0,16017316017316
0,16017316017316
0,16017316017316
0,16017316017316
0,16017316017316
0,16017316017316
0,16017316017316
0,16017316017316
0,16017316017316
0,16017316017316
0,16017316017316
0,16017316017316
0,16017316017316
0,16017316017316
0,16017316017316
0,16017316017316
0,16017316017316
0,116883116883117
Gen 145
0,16017316017316
0,16017316017316
0,16017316017316
0,16017316017316
0,16017316017316
0,16017316017316
0,16017316017316
0,16017316017316
0,16017316017316
0,16017316017316
0,16017316017316
0,16017316017316
0,16017316017316
0,16017316017316
0,16017316017316
0,16017316017316
0,16017316017316
0,16017316017316
0,16017316017316
0,16017316017316
Gen 146
0,16017316017316
0,16017316017316
0,16017316017316
0,16017316017316
0,16017316017316
0,16017316017316
0,16017316017316
0,16017316017316
0,16017316017316
0,16017316017316
0,16017316017316
0,16017316017316
0,16017316017316
0,16017316017316
0,16017316017316
0,16017316017316
0,16017316017316
0,16017316017316
0,16017316017316
0,16017316017316
Gen 147
0,16017316017316
0,16017316017316
0,16017316017316
0,16017316017316
0,16017316017316
0,16017316017316
0,16017316017316
0,16017316017316
0,16017316017316
0,16017316017316
0,16017316017316
0,16017316017316
0,16017316017316
0,16017316017316
0,16017316017316
0,16017316017316
0,16017316017316
0,16017316017316
0,0657004830917874
0,0606060606060606
Gen 148
0,16017316017316
0,16017316017316
0,16017316017316
0,16017316017316
0,16017316017316
0,16017316017316
0,16017316017316
0,16017316017316
0,16017316017316
0,16017316017316
0,16017316017316
0,16017316017316
0,16017316017316
0,16017316017316
0,16017316017316
0,16017316017316
0,16017316017316
0,16017316017316
0,16017316017316
0,16017316017316
Gen 149
0,16017316017316
0,16017316017316
0,16017316017316
0,16017316017316
0,16017316017316
0,16017316017316
0,16017316017316
0,16017316017316
0,16017316017316
0,16017316017316
0,16017316017316
0,16017316017316
0,16017316017316
0,16017316017316
0,16017316017316
0,16017316017316
0,16017316017316
0,16017316017316
0,16017316017316
0,151515151515152
Gen 150
0,168831168831169
0,16017316017316
0,16017316017316
0,16017316017316
0,16017316017316
0,16017316017316
0,16017316017316
0,16017316017316
0,16017316017316
0,16017316017316
0,16017316017316
0,16017316017316
0,16017316017316
0,16017316017316
0,16017316017316
0,16017316017316
0,16017316017316
0,16017316017316
0,16017316017316
0,16017316017316
Gen 151
0,168831168831169
0,168831168831169
0,168831168831169
0,168831168831169
0,168831168831169
0,168831168831169
0,168831168831169
0,168831168831169
0,168831168831169
0,168831168831169
0,16017316017316
0,16017316017316
0,16017316017316
0,16017316017316
0,16017316017316
0,16017316017316
0,16017316017316
0,16017316017316
0,16017316017316
0,16017316017316
Gen 152
0,168831168831169
0,168831168831169
0,168831168831169
0,168831168831169
0,168831168831169
0,168831168831169
0,168831168831169
0,168831168831169
0,168831168831169
0,168831168831169
0,168831168831169
0,168831168831169
0,168831168831169
0,168831168831169
0,168831168831169
0,168831168831169
0,168831168831169
0,168831168831169
0,168831168831169
0,125541125541126
Gen 153
0,168831168831169
0,168831168831169
0,168831168831169
0,168831168831169
0,168831168831169
0,168831168831169
0,168831168831169
0,168831168831169
0,168831168831169
0,168831168831169
0,168831168831169
0,168831168831169
0,168831168831169
0,168831168831169
0,168831168831169
0,168831168831169
0,168831168831169
0,168831168831169
0,168831168831169
0,168831168831169
Gen 154
0,168831168831169
0,168831168831169
0,168831168831169
0,168831168831169
0,168831168831169
0,168831168831169
0,168831168831169
0,168831168831169
0,168831168831169
0,168831168831169
0,168831168831169
0,168831168831169
0,168831168831169
0,168831168831169
0,168831168831169
0,168831168831169
0,168831168831169
0,168831168831169
0,168831168831169
0,168831168831169
Gen 155
0,168831168831169
0,168831168831169
0,168831168831169
0,168831168831169
0,168831168831169
0,168831168831169
0,168831168831169
0,168831168831169
0,168831168831169
0,168831168831169
0,168831168831169
0,168831168831169
0,168831168831169
0,168831168831169
0,168831168831169
0,168831168831169
0,168831168831169
0,168831168831169
0,168831168831169
0,168831168831169
Gen 156
0,168831168831169
0,168831168831169
0,168831168831169
0,168831168831169
0,168831168831169
0,168831168831169
0,168831168831169
0,168831168831169
0,168831168831169
0,168831168831169
0,168831168831169
0,168831168831169
0,168831168831169
0,168831168831169
0,168831168831169
0,168831168831169
0,168831168831169
0,168831168831169
0,168831168831169
0,168831168831169
Gen 157
0,168831168831169
0,168831168831169
0,168831168831169
0,168831168831169
0,168831168831169
0,168831168831169
0,168831168831169
0,168831168831169
0,168831168831169
0,168831168831169
0,168831168831169
0,168831168831169
0,168831168831169
0,168831168831169
0,168831168831169
0,168831168831169
0,168831168831169
0,168831168831169
0,168831168831169
0,168831168831169
Gen 158
0,183574879227053
0,168831168831169
0,168831168831169
0,168831168831169
0,168831168831169
0,168831168831169
0,168831168831169
0,168831168831169
0,168831168831169
0,168831168831169
0,168831168831169
0,168831168831169
0,168831168831169
0,168831168831169
0,168831168831169
0,168831168831169
0,168831168831169
0,168831168831169
0,168831168831169
0,0657004830917874
Gen 159
0,183574879227053
0,183574879227053
0,183574879227053
0,183574879227053
0,183574879227053
0,168831168831169
0,168831168831169
0,168831168831169
0,168831168831169
0,168831168831169
0,168831168831169
0,168831168831169
0,168831168831169
0,168831168831169
0,168831168831169
0,168831168831169
0,168831168831169
0,168831168831169
0,168831168831169
0,168831168831169
Gen 160
0,183574879227053
0,183574879227053
0,183574879227053
0,183574879227053
0,183574879227053
0,183574879227053
0,183574879227053
0,183574879227053
0,183574879227053
0,183574879227053
0,183574879227053
0,183574879227053
0,183574879227053
0,183574879227053
0,183574879227053
0,183574879227053
0,183574879227053
0,168831168831169
0,168831168831169
0,168831168831169
Gen 161
0,183574879227053
0,183574879227053
0,183574879227053
0,183574879227053
0,183574879227053
0,183574879227053
0,183574879227053
0,183574879227053
0,183574879227053
0,183574879227053
0,183574879227053
0,183574879227053
0,183574879227053
0,183574879227053
0,183574879227053
0,183574879227053
0,183574879227053
0,183574879227053
0,173913043478261
0,0952380952380952
Gen 162
0,183574879227053
0,183574879227053
0,183574879227053
0,183574879227053
0,183574879227053
0,183574879227053
0,183574879227053
0,183574879227053
0,183574879227053
0,183574879227053
0,183574879227053
0,183574879227053
0,183574879227053
0,183574879227053
0,183574879227053
0,183574879227053
0,183574879227053
0,183574879227053
0,183574879227053
0
Gen 163
0,183574879227053
0,183574879227053
0,183574879227053
0,183574879227053
0,183574879227053
0,183574879227053
0,183574879227053
0,183574879227053
0,183574879227053
0,183574879227053
0,183574879227053
0,183574879227053
0,183574879227053
0,183574879227053
0,183574879227053
0,183574879227053
0,183574879227053
0,183574879227053
0,183574879227053
0,0434782608695652
Gen 164
0,183574879227053
0,183574879227053
0,183574879227053
0,183574879227053
0,183574879227053
0,183574879227053
0,183574879227053
0,183574879227053
0,183574879227053
0,183574879227053
0,183574879227053
0,183574879227053
0,183574879227053
0,183574879227053
0,183574879227053
0,183574879227053
0,183574879227053
0,183574879227053
0,183574879227053
0,183574879227053
Gen 165
0,183574879227053
0,183574879227053
0,183574879227053
0,183574879227053
0,183574879227053
0,183574879227053
0,183574879227053
0,183574879227053
0,183574879227053
0,183574879227053
0,183574879227053
0,183574879227053
0,183574879227053
0,183574879227053
0,183574879227053
0,183574879227053
0,183574879227053
0,183574879227053
0,183574879227053
0,183574879227053
Gen 166
0,183574879227053
0,183574879227053
0,183574879227053
0,183574879227053
0,183574879227053
0,183574879227053
0,183574879227053
0,183574879227053
0,183574879227053
0,183574879227053
0,183574879227053
0,183574879227053
0,183574879227053
0,183574879227053
0,183574879227053
0,183574879227053
0,183574879227053
0,183574879227053
0,183574879227053
0,183574879227053
Gen 167
0,183574879227053
0,183574879227053
0,183574879227053
0,183574879227053
0,183574879227053
0,183574879227053
0,183574879227053
0,183574879227053
0,183574879227053
0,183574879227053
0,183574879227053
0,183574879227053
0,183574879227053
0,183574879227053
0,183574879227053
0,183574879227053
0,183574879227053
0,183574879227053
0,183574879227053
0,125541125541126
Gen 168
0,183574879227053
0,183574879227053
0,183574879227053
0,183574879227053
0,183574879227053
0,183574879227053
0,183574879227053
0,183574879227053
0,183574879227053
0,183574879227053
0,183574879227053
0,183574879227053
0,183574879227053
0,183574879227053
0,183574879227053
0,183574879227053
0,183574879227053
0,183574879227053
0,183574879227053
0,0476190476190476
Gen 169
0,183574879227053
0,183574879227053
0,183574879227053
0,183574879227053
0,183574879227053
0,183574879227053
0,183574879227053
0,183574879227053
0,183574879227053
0,183574879227053
0,183574879227053
0,183574879227053
0,183574879227053
0,183574879227053
0,183574879227053
0,183574879227053
0,183574879227053
0,183574879227053
0,183574879227053
0,183574879227053
Gen 170
0,183574879227053
0,183574879227053
0,183574879227053
0,183574879227053
0,183574879227053
0,183574879227053
0,183574879227053
0,183574879227053
0,183574879227053
0,183574879227053
0,183574879227053
0,183574879227053
0,183574879227053
0,183574879227053
0,183574879227053
0,183574879227053
0,183574879227053
0,183574879227053
0,183574879227053
0,183574879227053
Gen 171
0,183574879227053
0,183574879227053
0,183574879227053
0,183574879227053
0,183574879227053
0,183574879227053
0,183574879227053
0,183574879227053
0,183574879227053
0,183574879227053
0,183574879227053
0,183574879227053
0,183574879227053
0,183574879227053
0,183574879227053
0,183574879227053
0,183574879227053
0,183574879227053
0,183574879227053
0
Gen 172
0,183574879227053
0,183574879227053
0,183574879227053
0,183574879227053
0,183574879227053
0,183574879227053
0,183574879227053
0,183574879227053
0,183574879227053
0,183574879227053
0,183574879227053
0,183574879227053
0,183574879227053
0,183574879227053
0,183574879227053
0,183574879227053
0,183574879227053
0,183574879227053
0,183574879227053
0,183574879227053
Gen 173
0,183574879227053
0,183574879227053
0,183574879227053
0,183574879227053
0,183574879227053
0,183574879227053
0,183574879227053
0,183574879227053
0,183574879227053
0,183574879227053
0,183574879227053
0,183574879227053
0,183574879227053
0,183574879227053
0,183574879227053
0,183574879227053
0,183574879227053
0,183574879227053
0,183574879227053
0,101449275362319
Gen 174
0,183574879227053
0,183574879227053
0,183574879227053
0,183574879227053
0,183574879227053
0,183574879227053
0,183574879227053
0,183574879227053
0,183574879227053
0,183574879227053
0,183574879227053
0,183574879227053
0,183574879227053
0,183574879227053
0,183574879227053
0,183574879227053
0,183574879227053
0,183574879227053
0,183574879227053
0,183574879227053
Gen 175
0,183574879227053
0,183574879227053
0,183574879227053
0,183574879227053
0,183574879227053
0,183574879227053
0,183574879227053
0,183574879227053
0,183574879227053
0,183574879227053
0,183574879227053
0,183574879227053
0,183574879227053
0,183574879227053
0,183574879227053
0,183574879227053
0,183574879227053
0,183574879227053
0,183574879227053
0,183574879227053
Gen 176
0,183574879227053
0,183574879227053
0,183574879227053
0,183574879227053
0,183574879227053
0,183574879227053
0,183574879227053
0,183574879227053
0,183574879227053
0,183574879227053
0,183574879227053
0,183574879227053
0,183574879227053
0,183574879227053
0,183574879227053
0,183574879227053
0,183574879227053
0,183574879227053
0,183574879227053
0,0434782608695652
Gen 177
0,183574879227053
0,183574879227053
0,183574879227053
0,183574879227053
0,183574879227053
0,183574879227053
0,183574879227053
0,183574879227053
0,183574879227053
0,183574879227053
0,183574879227053
0,183574879227053
0,183574879227053
0,183574879227053
0,183574879227053
0,183574879227053
0,183574879227053
0,183574879227053
0,183574879227053
0,183574879227053
Gen 178
0,183574879227053
0,183574879227053
0,183574879227053
0,183574879227053
0,183574879227053
0,183574879227053
0,183574879227053
0,183574879227053
0,183574879227053
0,183574879227053
0,183574879227053
0,183574879227053
0,183574879227053
0,183574879227053
0,183574879227053
0,183574879227053
0,183574879227053
0,183574879227053
0,183574879227053
0,183574879227053
Gen 179
0,183574879227053
0,183574879227053
0,183574879227053
0,183574879227053
0,183574879227053
0,183574879227053
0,183574879227053
0,183574879227053
0,183574879227053
0,183574879227053
0,183574879227053
0,183574879227053
0,183574879227053
0,183574879227053
0,183574879227053
0,183574879227053
0,183574879227053
0,183574879227053
0,183574879227053
0,183574879227053
Gen 180
0,183574879227053
0,183574879227053
0,183574879227053
0,183574879227053
0,183574879227053
0,183574879227053
0,183574879227053
0,183574879227053
0,183574879227053
0,183574879227053
0,183574879227053
0,183574879227053
0,183574879227053
0,183574879227053
0,183574879227053
0,183574879227053
0,183574879227053
0,183574879227053
0,183574879227053
0
Gen 181
0,183574879227053
0,183574879227053
0,183574879227053
0,183574879227053
0,183574879227053
0,183574879227053
0,183574879227053
0,183574879227053
0,183574879227053
0,183574879227053
0,183574879227053
0,183574879227053
0,183574879227053
0,183574879227053
0,183574879227053
0,183574879227053
0,183574879227053
0,183574879227053
0,183574879227053
0,0865800865800866
Gen 182
0,183574879227053
0,183574879227053
0,183574879227053
0,183574879227053
0,183574879227053
0,183574879227053
0,183574879227053
0,183574879227053
0,183574879227053
0,183574879227053
0,183574879227053
0,183574879227053
0,183574879227053
0,183574879227053
0,183574879227053
0,183574879227053
0,183574879227053
0,183574879227053
0,183574879227053
0,0865800865800866
Gen 183
0,188405797101449
0,183574879227053
0,183574879227053
0,183574879227053
0,183574879227053
0,183574879227053
0,183574879227053
0,183574879227053
0,183574879227053
0,183574879227053
0,183574879227053
0,183574879227053
0,183574879227053
0,183574879227053
0,183574879227053
0,183574879227053
0,183574879227053
0,183574879227053
0,183574879227053
0
Gen 184
0,188405797101449
0,188405797101449
0,188405797101449
0,188405797101449
0,188405797101449
0,188405797101449
0,183574879227053
0,183574879227053
0,183574879227053
0,183574879227053
0,183574879227053
0,183574879227053
0,183574879227053
0,183574879227053
0,183574879227053
0,183574879227053
0,183574879227053
0,183574879227053
0,183574879227053
0,183574879227053
Gen 185
0,188405797101449
0,188405797101449
0,188405797101449
0,188405797101449
0,188405797101449
0,188405797101449
0,188405797101449
0,188405797101449
0,188405797101449
0,188405797101449
0,188405797101449
0,188405797101449
0,188405797101449
0,188405797101449
0,188405797101449
0,188405797101449
0,188405797101449
0,188405797101449
0,188405797101449
0,183574879227053
Gen 186
0,188405797101449
0,188405797101449
0,188405797101449
0,188405797101449
0,188405797101449
0,188405797101449
0,188405797101449
0,188405797101449
0,188405797101449
0,188405797101449
0,188405797101449
0,188405797101449
0,188405797101449
0,188405797101449
0,188405797101449
0,188405797101449
0,188405797101449
0,188405797101449
0,188405797101449
0,188405797101449
Gen 187
0,188405797101449
0,188405797101449
0,188405797101449
0,188405797101449
0,188405797101449
0,188405797101449
0,188405797101449
0,188405797101449
0,188405797101449
0,188405797101449
0,188405797101449
0,188405797101449
0,188405797101449
0,188405797101449
0,188405797101449
0,188405797101449
0,188405797101449
0,188405797101449
0,188405797101449
0,0606060606060606
Gen 188
0,188405797101449
0,188405797101449
0,188405797101449
0,188405797101449
0,188405797101449
0,188405797101449
0,188405797101449
0,188405797101449
0,188405797101449
0,188405797101449
0,188405797101449
0,188405797101449
0,188405797101449
0,188405797101449
0,188405797101449
0,188405797101449
0,188405797101449
0,188405797101449
0,188405797101449
0,188405797101449
Gen 189
0,188405797101449
0,188405797101449
0,188405797101449
0,188405797101449
0,188405797101449
0,188405797101449
0,188405797101449
0,188405797101449
0,188405797101449
0,188405797101449
0,188405797101449
0,188405797101449
0,188405797101449
0,188405797101449
0,188405797101449
0,188405797101449
0,188405797101449
0,188405797101449
0,188405797101449
0,188405797101449
Gen 190
0,188405797101449
0,188405797101449
0,188405797101449
0,188405797101449
0,188405797101449
0,188405797101449
0,188405797101449
0,188405797101449
0,188405797101449
0,188405797101449
0,188405797101449
0,188405797101449
0,188405797101449
0,188405797101449
0,188405797101449
0,188405797101449
0,188405797101449
0,188405797101449
0,188405797101449
0,188405797101449
Gen 191
0,188405797101449
0,188405797101449
0,188405797101449
0,188405797101449
0,188405797101449
0,188405797101449
0,188405797101449
0,188405797101449
0,188405797101449
0,188405797101449
0,188405797101449
0,188405797101449
0,188405797101449
0,188405797101449
0,188405797101449
0,188405797101449
0,188405797101449
0,188405797101449
0,188405797101449
0,188405797101449
Gen 192
0,188405797101449
0,188405797101449
0,188405797101449
0,188405797101449
0,188405797101449
0,188405797101449
0,188405797101449
0,188405797101449
0,188405797101449
0,188405797101449
0,188405797101449
0,188405797101449
0,188405797101449
0,188405797101449
0,188405797101449
0,188405797101449
0,188405797101449
0,188405797101449
0,188405797101449
0,0476190476190476
Gen 193
0,188405797101449
0,188405797101449
0,188405797101449
0,188405797101449
0,188405797101449
0,188405797101449
0,188405797101449
0,188405797101449
0,188405797101449
0,188405797101449
0,188405797101449
0,188405797101449
0,188405797101449
0,188405797101449
0,188405797101449
0,188405797101449
0,188405797101449
0,188405797101449
0,188405797101449
0,0952380952380952
Gen 194
0,188405797101449
0,188405797101449
0,188405797101449
0,188405797101449
0,188405797101449
0,188405797101449
0,188405797101449
0,188405797101449
0,188405797101449
0,188405797101449
0,188405797101449
0,188405797101449
0,188405797101449
0,188405797101449
0,188405797101449
0,188405797101449
0,188405797101449
0,188405797101449
0,0476190476190476
0
Gen 195
0,188405797101449
0,188405797101449
0,188405797101449
0,188405797101449
0,188405797101449
0,188405797101449
0,188405797101449
0,188405797101449
0,188405797101449
0,188405797101449
0,188405797101449
0,188405797101449
0,188405797101449
0,188405797101449
0,188405797101449
0,188405797101449
0,188405797101449
0,188405797101449
0,025974025974026
0
Gen 196
0,188405797101449
0,188405797101449
0,188405797101449
0,188405797101449
0,188405797101449
0,188405797101449
0,188405797101449
0,188405797101449
0,188405797101449
0,188405797101449
0,188405797101449
0,188405797101449
0,188405797101449
0,188405797101449
0,188405797101449
0,188405797101449
0,188405797101449
0,188405797101449
0,188405797101449
0,188405797101449
Gen 197
0,188405797101449
0,188405797101449
0,188405797101449
0,188405797101449
0,188405797101449
0,188405797101449
0,188405797101449
0,188405797101449
0,188405797101449
0,188405797101449
0,188405797101449
0,188405797101449
0,188405797101449
0,188405797101449
0,188405797101449
0,188405797101449
0,188405797101449
0,188405797101449
0,188405797101449
0,188405797101449
Gen 198
0,188405797101449
0,188405797101449
0,188405797101449
0,188405797101449
0,188405797101449
0,188405797101449
0,188405797101449
0,188405797101449
0,188405797101449
0,188405797101449
0,188405797101449
0,188405797101449
0,188405797101449
0,188405797101449
0,188405797101449
0,188405797101449
0,188405797101449
0,188405797101449
0,188405797101449
0,188405797101449
Gen 199
0,188405797101449
0,188405797101449
0,188405797101449
0,188405797101449
0,188405797101449
0,188405797101449
0,188405797101449
0,188405797101449
0,188405797101449
0,188405797101449
0,188405797101449
0,188405797101449
0,188405797101449
0,188405797101449
0,188405797101449
0,188405797101449
0,188405797101449
0,188405797101449
0,188405797101449
0,188405797101449
Gen 200
0,188405797101449
0,188405797101449
0,188405797101449
0,188405797101449
0,188405797101449
0,188405797101449
0,188405797101449
0,188405797101449
0,188405797101449
0,188405797101449
0,188405797101449
0,188405797101449
0,188405797101449
0,188405797101449
0,188405797101449
0,188405797101449
0,188405797101449
0,188405797101449
0,188405797101449
0,188405797101449
Gen 201
0,188405797101449
0,188405797101449
0,188405797101449
0,188405797101449
0,188405797101449
0,188405797101449
0,188405797101449
0,188405797101449
0,188405797101449
0,188405797101449
0,188405797101449
0,188405797101449
0,188405797101449
0,188405797101449
0,188405797101449
0,188405797101449
0,188405797101449
0,188405797101449
0,188405797101449
0,188405797101449
Gen 202
0,188405797101449
0,188405797101449
0,188405797101449
0,188405797101449
0,188405797101449
0,188405797101449
0,188405797101449
0,188405797101449
0,188405797101449
0,188405797101449
0,188405797101449
0,188405797101449
0,188405797101449
0,188405797101449
0,188405797101449
0,188405797101449
0,188405797101449
0,188405797101449
0,188405797101449
0,188405797101449
Gen 203
0,188405797101449
0,188405797101449
0,188405797101449
0,188405797101449
0,188405797101449
0,188405797101449
0,188405797101449
0,188405797101449
0,188405797101449
0,188405797101449
0,188405797101449
0,188405797101449
0,188405797101449
0,188405797101449
0,188405797101449
0,188405797101449
0,188405797101449
0,188405797101449
0,188405797101449
0,188405797101449
Gen 204
0,188405797101449
0,188405797101449
0,188405797101449
0,188405797101449
0,188405797101449
0,188405797101449
0,188405797101449
0,188405797101449
0,188405797101449
0,188405797101449
0,188405797101449
0,188405797101449
0,188405797101449
0,188405797101449
0,188405797101449
0,188405797101449
0,188405797101449
0,188405797101449
0
0
Gen 205
0,188405797101449
0,188405797101449
0,188405797101449
0,188405797101449
0,188405797101449
0,188405797101449
0,188405797101449
0,188405797101449
0,188405797101449
0,188405797101449
0,188405797101449
0,188405797101449
0,188405797101449
0,188405797101449
0,188405797101449
0,188405797101449
0,188405797101449
0,188405797101449
0,188405797101449
0,188405797101449
Gen 206
0,188405797101449
0,188405797101449
0,188405797101449
0,188405797101449
0,188405797101449
0,188405797101449
0,188405797101449
0,188405797101449
0,188405797101449
0,188405797101449
0,188405797101449
0,188405797101449
0,188405797101449
0,188405797101449
0,188405797101449
0,188405797101449
0,188405797101449
0,188405797101449
0,188405797101449
0
Gen 207
0,188405797101449
0,188405797101449
0,188405797101449
0,188405797101449
0,188405797101449
0,188405797101449
0,188405797101449
0,188405797101449
0,188405797101449
0,188405797101449
0,188405797101449
0,188405797101449
0,188405797101449
0,188405797101449
0,188405797101449
0,188405797101449
0,188405797101449
0,188405797101449
0,188405797101449
0
Gen 208
0,188405797101449
0,188405797101449
0,188405797101449
0,188405797101449
0,188405797101449
0,188405797101449
0,188405797101449
0,188405797101449
0,188405797101449
0,188405797101449
0,188405797101449
0,188405797101449
0,188405797101449
0,188405797101449
0,188405797101449
0,188405797101449
0,188405797101449
0,188405797101449
0,188405797101449
0,188405797101449
Gen 209
0,188405797101449
0,188405797101449
0,188405797101449
0,188405797101449
0,188405797101449
0,188405797101449
0,188405797101449
0,188405797101449
0,188405797101449
0,188405797101449
0,188405797101449
0,188405797101449
0,188405797101449
0,188405797101449
0,188405797101449
0,188405797101449
0,188405797101449
0,188405797101449
0,188405797101449
0,188405797101449
Gen 210
0,376623376623377
0,188405797101449
0,188405797101449
0,188405797101449
0,188405797101449
0,188405797101449
0,188405797101449
0,188405797101449
0,188405797101449
0,188405797101449
0,188405797101449
0,188405797101449
0,188405797101449
0,188405797101449
0,188405797101449
0,188405797101449
0,188405797101449
0,188405797101449
0,188405797101449
0,188405797101449
Gen 211
0,376623376623377
0,376623376623377
0,376623376623377
0,376623376623377
0,188405797101449
0,188405797101449
0,188405797101449
0,188405797101449
0,188405797101449
0,188405797101449
0,188405797101449
0,188405797101449
0,188405797101449
0,188405797101449
0,188405797101449
0,188405797101449
0,188405797101449
0,188405797101449
0,188405797101449
0,188405797101449
Gen 212
0,376623376623377
0,376623376623377
0,376623376623377
0,376623376623377
0,376623376623377
0,376623376623377
0,376623376623377
0,376623376623377
0,376623376623377
0,376623376623377
0,376623376623377
0,376623376623377
0,376623376623377
0,376623376623377
0,376623376623377
0,376623376623377
0,376623376623377
0,188405797101449
0,188405797101449
0,188405797101449
Gen 213
0,376623376623377
0,376623376623377
0,376623376623377
0,376623376623377
0,376623376623377
0,376623376623377
0,376623376623377
0,376623376623377
0,376623376623377
0,376623376623377
0,376623376623377
0,376623376623377
0,376623376623377
0,376623376623377
0,376623376623377
0,376623376623377
0,376623376623377
0,376623376623377
0,376623376623377
0,376623376623377
Gen 214
0,376623376623377
0,376623376623377
0,376623376623377
0,376623376623377
0,376623376623377
0,376623376623377
0,376623376623377
0,376623376623377
0,376623376623377
0,376623376623377
0,376623376623377
0,376623376623377
0,376623376623377
0,376623376623377
0,376623376623377
0,376623376623377
0,376623376623377
0,376623376623377
0,376623376623377
0
Gen 215
0,376623376623377
0,376623376623377
0,376623376623377
0,376623376623377
0,376623376623377
0,376623376623377
0,376623376623377
0,376623376623377
0,376623376623377
0,376623376623377
0,376623376623377
0,376623376623377
0,376623376623377
0,376623376623377
0,376623376623377
0,376623376623377
0,376623376623377
0,376623376623377
0,376623376623377
0,376623376623377
Gen 216
0,376623376623377
0,376623376623377
0,376623376623377
0,376623376623377
0,376623376623377
0,376623376623377
0,376623376623377
0,376623376623377
0,376623376623377
0,376623376623377
0,376623376623377
0,376623376623377
0,376623376623377
0,376623376623377
0,376623376623377
0,376623376623377
0,376623376623377
0,376623376623377
0,376623376623377
0,0606060606060606
Gen 217
0,376623376623377
0,376623376623377
0,376623376623377
0,376623376623377
0,376623376623377
0,376623376623377
0,376623376623377
0,376623376623377
0,376623376623377
0,376623376623377
0,376623376623377
0,376623376623377
0,376623376623377
0,376623376623377
0,376623376623377
0,376623376623377
0,376623376623377
0,376623376623377
0,376623376623377
0,376623376623377
Gen 218
0,376623376623377
0,376623376623377
0,376623376623377
0,376623376623377
0,376623376623377
0,376623376623377
0,376623376623377
0,376623376623377
0,376623376623377
0,376623376623377
0,376623376623377
0,376623376623377
0,376623376623377
0,376623376623377
0,376623376623377
0,376623376623377
0,376623376623377
0,376623376623377
0,106280193236715
0,0476190476190476
Gen 219
0,376623376623377
0,376623376623377
0,376623376623377
0,376623376623377
0,376623376623377
0,376623376623377
0,376623376623377
0,376623376623377
0,376623376623377
0,376623376623377
0,376623376623377
0,376623376623377
0,376623376623377
0,376623376623377
0,376623376623377
0,376623376623377
0,376623376623377
0,376623376623377
0,0476190476190476
0,0476190476190476
Gen 220
0,376623376623377
0,376623376623377
0,376623376623377
0,376623376623377
0,376623376623377
0,376623376623377
0,376623376623377
0,376623376623377
0,376623376623377
0,376623376623377
0,376623376623377
0,376623376623377
0,376623376623377
0,376623376623377
0,376623376623377
0,376623376623377
0,376623376623377
0,376623376623377
0,376623376623377
0,376623376623377
Gen 221
0,376623376623377
0,376623376623377
0,376623376623377
0,376623376623377
0,376623376623377
0,376623376623377
0,376623376623377
0,376623376623377
0,376623376623377
0,376623376623377
0,376623376623377
0,376623376623377
0,376623376623377
0,376623376623377
0,376623376623377
0,376623376623377
0,376623376623377
0,376623376623377
0,0476190476190476
0
Gen 222
0,376623376623377
0,376623376623377
0,376623376623377
0,376623376623377
0,376623376623377
0,376623376623377
0,376623376623377
0,376623376623377
0,376623376623377
0,376623376623377
0,376623376623377
0,376623376623377
0,376623376623377
0,376623376623377
0,376623376623377
0,376623376623377
0,376623376623377
0,376623376623377
0,376623376623377
0,376623376623377
Gen 223
0,376623376623377
0,376623376623377
0,376623376623377
0,376623376623377
0,376623376623377
0,376623376623377
0,376623376623377
0,376623376623377
0,376623376623377
0,376623376623377
0,376623376623377
0,376623376623377
0,376623376623377
0,376623376623377
0,376623376623377
0,376623376623377
0,376623376623377
0,376623376623377
0
0
Gen 224
0,376623376623377
0,376623376623377
0,376623376623377
0,376623376623377
0,376623376623377
0,376623376623377
0,376623376623377
0,376623376623377
0,376623376623377
0,376623376623377
0,376623376623377
0,376623376623377
0,376623376623377
0,376623376623377
0,376623376623377
0,376623376623377
0,376623376623377
0,376623376623377
0,376623376623377
0,0606060606060606
Gen 225
0,376623376623377
0,376623376623377
0,376623376623377
0,376623376623377
0,376623376623377
0,376623376623377
0,376623376623377
0,376623376623377
0,376623376623377
0,376623376623377
0,376623376623377
0,376623376623377
0,376623376623377
0,376623376623377
0,376623376623377
0,376623376623377
0,376623376623377
0,376623376623377
0,376623376623377
0,188405797101449
Gen 226
0,376623376623377
0,376623376623377
0,376623376623377
0,376623376623377
0,376623376623377
0,376623376623377
0,376623376623377
0,376623376623377
0,376623376623377
0,376623376623377
0,376623376623377
0,376623376623377
0,376623376623377
0,376623376623377
0,376623376623377
0,376623376623377
0,376623376623377
0,376623376623377
0,376623376623377
0,376623376623377
Gen 227
0,376623376623377
0,376623376623377
0,376623376623377
0,376623376623377
0,376623376623377
0,376623376623377
0,376623376623377
0,376623376623377
0,376623376623377
0,376623376623377
0,376623376623377
0,376623376623377
0,376623376623377
0,376623376623377
0,376623376623377
0,376623376623377
0,376623376623377
0,376623376623377
0,376623376623377
0,376623376623377
Gen 228
0,376623376623377
0,376623376623377
0,376623376623377
0,376623376623377
0,376623376623377
0,376623376623377
0,376623376623377
0,376623376623377
0,376623376623377
0,376623376623377
0,376623376623377
0,376623376623377
0,376623376623377
0,376623376623377
0,376623376623377
0,376623376623377
0,376623376623377
0,376623376623377
0,376623376623377
0,376623376623377
Gen 229
0,376623376623377
0,376623376623377
0,376623376623377
0,376623376623377
0,376623376623377
0,376623376623377
0,376623376623377
0,376623376623377
0,376623376623377
0,376623376623377
0,376623376623377
0,376623376623377
0,376623376623377
0,376623376623377
0,376623376623377
0,376623376623377
0,376623376623377
0,376623376623377
0,376623376623377
0,0606060606060606
Gen 230
0,376623376623377
0,376623376623377
0,376623376623377
0,376623376623377
0,376623376623377
0,376623376623377
0,376623376623377
0,376623376623377
0,376623376623377
0,376623376623377
0,376623376623377
0,376623376623377
0,376623376623377
0,376623376623377
0,376623376623377
0,376623376623377
0,376623376623377
0,376623376623377
0,376623376623377
0,376623376623377
Gen 231
0,376623376623377
0,376623376623377
0,376623376623377
0,376623376623377
0,376623376623377
0,376623376623377
0,376623376623377
0,376623376623377
0,376623376623377
0,376623376623377
0,376623376623377
0,376623376623377
0,376623376623377
0,376623376623377
0,376623376623377
0,376623376623377
0,376623376623377
0,376623376623377
0,376623376623377
0,376623376623377
Gen 232
0,376623376623377
0,376623376623377
0,376623376623377
0,376623376623377
0,376623376623377
0,376623376623377
0,376623376623377
0,376623376623377
0,376623376623377
0,376623376623377
0,376623376623377
0,376623376623377
0,376623376623377
0,376623376623377
0,376623376623377
0,376623376623377
0,376623376623377
0,376623376623377
0,376623376623377
0
Gen 233
0,376623376623377
0,376623376623377
0,376623376623377
0,376623376623377
0,376623376623377
0,376623376623377
0,376623376623377
0,376623376623377
0,376623376623377
0,376623376623377
0,376623376623377
0,376623376623377
0,376623376623377
0,376623376623377
0,376623376623377
0,376623376623377
0,376623376623377
0,376623376623377
0,376623376623377
0,376623376623377
Gen 234
0,376623376623377
0,376623376623377
0,376623376623377
0,376623376623377
0,376623376623377
0,376623376623377
0,376623376623377
0,376623376623377
0,376623376623377
0,376623376623377
0,376623376623377
0,376623376623377
0,376623376623377
0,376623376623377
0,376623376623377
0,376623376623377
0,376623376623377
0,376623376623377
0,125541125541126
0,106280193236715
Gen 235
0,376623376623377
0,376623376623377
0,376623376623377
0,376623376623377
0,376623376623377
0,376623376623377
0,376623376623377
0,376623376623377
0,376623376623377
0,376623376623377
0,376623376623377
0,376623376623377
0,376623376623377
0,376623376623377
0,376623376623377
0,376623376623377
0,376623376623377
0,376623376623377
0,0476190476190476
0
Gen 236
0,376623376623377
0,376623376623377
0,376623376623377
0,376623376623377
0,376623376623377
0,376623376623377
0,376623376623377
0,376623376623377
0,376623376623377
0,376623376623377
0,376623376623377
0,376623376623377
0,376623376623377
0,376623376623377
0,376623376623377
0,376623376623377
0,376623376623377
0,376623376623377
0,376623376623377
0,0606060606060606
Gen 237
0,376623376623377
0,376623376623377
0,376623376623377
0,376623376623377
0,376623376623377
0,376623376623377
0,376623376623377
0,376623376623377
0,376623376623377
0,376623376623377
0,376623376623377
0,376623376623377
0,376623376623377
0,376623376623377
0,376623376623377
0,376623376623377
0,376623376623377
0,376623376623377
0,376623376623377
0,376623376623377
Gen 238
0,376623376623377
0,376623376623377
0,376623376623377
0,376623376623377
0,376623376623377
0,376623376623377
0,376623376623377
0,376623376623377
0,376623376623377
0,376623376623377
0,376623376623377
0,376623376623377
0,376623376623377
0,376623376623377
0,376623376623377
0,376623376623377
0,376623376623377
0,376623376623377
0,376623376623377
0,376623376623377
Gen 239
0,376623376623377
0,376623376623377
0,376623376623377
0,376623376623377
0,376623376623377
0,376623376623377
0,376623376623377
0,376623376623377
0,376623376623377
0,376623376623377
0,376623376623377
0,376623376623377
0,376623376623377
0,376623376623377
0,376623376623377
0,376623376623377
0,376623376623377
0,376623376623377
0,376623376623377
0,376623376623377
Gen 240
0,376623376623377
0,376623376623377
0,376623376623377
0,376623376623377
0,376623376623377
0,376623376623377
0,376623376623377
0,376623376623377
0,376623376623377
0,376623376623377
0,376623376623377
0,376623376623377
0,376623376623377
0,376623376623377
0,376623376623377
0,376623376623377
0,376623376623377
0,376623376623377
0,376623376623377
0,376623376623377
Gen 241
0,376623376623377
0,376623376623377
0,376623376623377
0,376623376623377
0,376623376623377
0,376623376623377
0,376623376623377
0,376623376623377
0,376623376623377
0,376623376623377
0,376623376623377
0,376623376623377
0,376623376623377
0,376623376623377
0,376623376623377
0,376623376623377
0,376623376623377
0,376623376623377
0,122705314009662
0
Gen 242
0,376623376623377
0,376623376623377
0,376623376623377
0,376623376623377
0,376623376623377
0,376623376623377
0,376623376623377
0,376623376623377
0,376623376623377
0,376623376623377
0,376623376623377
0,376623376623377
0,376623376623377
0,376623376623377
0,376623376623377
0,376623376623377
0,376623376623377
0,376623376623377
0,376623376623377
0
Gen 243
0,376623376623377
0,376623376623377
0,376623376623377
0,376623376623377
0,376623376623377
0,376623376623377
0,376623376623377
0,376623376623377
0,376623376623377
0,376623376623377
0,376623376623377
0,376623376623377
0,376623376623377
0,376623376623377
0,376623376623377
0,376623376623377
0,376623376623377
0,376623376623377
0,376623376623377
0,0606060606060606
Gen 244
0,376623376623377
0,376623376623377
0,376623376623377
0,376623376623377
0,376623376623377
0,376623376623377
0,376623376623377
0,376623376623377
0,376623376623377
0,376623376623377
0,376623376623377
0,376623376623377
0,376623376623377
0,376623376623377
0,376623376623377
0,376623376623377
0,376623376623377
0,376623376623377
0,329004329004329
0
Gen 245
0,376623376623377
0,376623376623377
0,376623376623377
0,376623376623377
0,376623376623377
0,376623376623377
0,376623376623377
0,376623376623377
0,376623376623377
0,376623376623377
0,376623376623377
0,376623376623377
0,376623376623377
0,376623376623377
0,376623376623377
0,376623376623377
0,376623376623377
0,376623376623377
0,376623376623377
0,376623376623377
Gen 246
0,376623376623377
0,376623376623377
0,376623376623377
0,376623376623377
0,376623376623377
0,376623376623377
0,376623376623377
0,376623376623377
0,376623376623377
0,376623376623377
0,376623376623377
0,376623376623377
0,376623376623377
0,376623376623377
0,376623376623377
0,376623376623377
0,376623376623377
0,376623376623377
0,376623376623377
0,376623376623377
Gen 247
0,376623376623377
0,376623376623377
0,376623376623377
0,376623376623377
0,376623376623377
0,376623376623377
0,376623376623377
0,376623376623377
0,376623376623377
0,376623376623377
0,376623376623377
0,376623376623377
0,376623376623377
0,376623376623377
0,376623376623377
0,376623376623377
0,376623376623377
0,376623376623377
0,376623376623377
0,376623376623377
Gen 248
0,376623376623377
0,376623376623377
0,376623376623377
0,376623376623377
0,376623376623377
0,376623376623377
0,376623376623377
0,376623376623377
0,376623376623377
0,376623376623377
0,376623376623377
0,376623376623377
0,376623376623377
0,376623376623377
0,376623376623377
0,376623376623377
0,376623376623377
0,376623376623377
0,0865800865800866
0,0476190476190476
Gen 249
0,376623376623377
0,376623376623377
0,376623376623377
0,376623376623377
0,376623376623377
0,376623376623377
0,376623376623377
0,376623376623377
0,376623376623377
0,376623376623377
0,376623376623377
0,376623376623377
0,376623376623377
0,376623376623377
0,376623376623377
0,376623376623377
0,376623376623377
0,376623376623377
0,376623376623377
0,376623376623377
Gen 250
0,376623376623377
0,376623376623377
0,376623376623377
0,376623376623377
0,376623376623377
0,376623376623377
0,376623376623377
0,376623376623377
0,376623376623377
0,376623376623377
0,376623376623377
0,376623376623377
0,376623376623377
0,376623376623377
0,376623376623377
0,376623376623377
0,376623376623377
0,376623376623377
0,376623376623377
0,376623376623377
Gen 251
0,376623376623377
0,376623376623377
0,376623376623377
0,376623376623377
0,376623376623377
0,376623376623377
0,376623376623377
0,376623376623377
0,376623376623377
0,376623376623377
0,376623376623377
0,376623376623377
0,376623376623377
0,376623376623377
0,376623376623377
0,376623376623377
0,376623376623377
0,376623376623377
0,376623376623377
0,0865800865800866
Gen 252
0,376623376623377
0,376623376623377
0,376623376623377
0,376623376623377
0,376623376623377
0,376623376623377
0,376623376623377
0,376623376623377
0,376623376623377
0,376623376623377
0,376623376623377
0,376623376623377
0,376623376623377
0,376623376623377
0,376623376623377
0,376623376623377
0,376623376623377
0,376623376623377
0,376623376623377
0,376623376623377
Gen 253
0,376623376623377
0,376623376623377
0,376623376623377
0,376623376623377
0,376623376623377
0,376623376623377
0,376623376623377
0,376623376623377
0,376623376623377
0,376623376623377
0,376623376623377
0,376623376623377
0,376623376623377
0,376623376623377
0,376623376623377
0,376623376623377
0,376623376623377
0,376623376623377
0,376623376623377
0,281385281385281
Gen 254
0,376623376623377
0,376623376623377
0,376623376623377
0,376623376623377
0,376623376623377
0,376623376623377
0,376623376623377
0,376623376623377
0,376623376623377
0,376623376623377
0,376623376623377
0,376623376623377
0,376623376623377
0,376623376623377
0,376623376623377
0,376623376623377
0,376623376623377
0,376623376623377
0,376623376623377
0,376623376623377
Gen 255
0,376623376623377
0,376623376623377
0,376623376623377
0,376623376623377
0,376623376623377
0,376623376623377
0,376623376623377
0,376623376623377
0,376623376623377
0,376623376623377
0,376623376623377
0,376623376623377
0,376623376623377
0,376623376623377
0,376623376623377
0,376623376623377
0,376623376623377
0,376623376623377
0,0608695652173913
0
Gen 256
0,376623376623377
0,376623376623377
0,376623376623377
0,376623376623377
0,376623376623377
0,376623376623377
0,376623376623377
0,376623376623377
0,376623376623377
0,376623376623377
0,376623376623377
0,376623376623377
0,376623376623377
0,376623376623377
0,376623376623377
0,376623376623377
0,376623376623377
0,376623376623377
0,376623376623377
0,376623376623377
Gen 257
0,376623376623377
0,376623376623377
0,376623376623377
0,376623376623377
0,376623376623377
0,376623376623377
0,376623376623377
0,376623376623377
0,376623376623377
0,376623376623377
0,376623376623377
0,376623376623377
0,376623376623377
0,376623376623377
0,376623376623377
0,376623376623377
0,376623376623377
0,376623376623377
0,376623376623377
0,376623376623377
Gen 258
0,376623376623377
0,376623376623377
0,376623376623377
0,376623376623377
0,376623376623377
0,376623376623377
0,376623376623377
0,376623376623377
0,376623376623377
0,376623376623377
0,376623376623377
0,376623376623377
0,376623376623377
0,376623376623377
0,376623376623377
0,376623376623377
0,376623376623377
0,376623376623377
0,376623376623377
0,0135265700483092
Gen 259
0,376623376623377
0,376623376623377
0,376623376623377
0,376623376623377
0,376623376623377
0,376623376623377
0,376623376623377
0,376623376623377
0,376623376623377
0,376623376623377
0,376623376623377
0,376623376623377
0,376623376623377
0,376623376623377
0,376623376623377
0,376623376623377
0,376623376623377
0,376623376623377
0,376623376623377
0,0135265700483092
Gen 260
0,376623376623377
0,376623376623377
0,376623376623377
0,376623376623377
0,376623376623377
0,376623376623377
0,376623376623377
0,376623376623377
0,376623376623377
0,376623376623377
0,376623376623377
0,376623376623377
0,376623376623377
0,376623376623377
0,376623376623377
0,376623376623377
0,376623376623377
0,376623376623377
0,376623376623377
0,106280193236715
