Gen 1
0,127536231884058
0,00248309178743961
0,00993236714975845
0
0
0
Gen 2
0,127536231884058
0,0115748792270531
0,0462995169082125
0
0
0
Gen 3
0,127536231884058
0,0185024154589372
0,0740096618357488
0
0
0
Gen 4
0,127536231884058
0,0260289855072464
0,104115942028986
0
0
0
Gen 5
0,127536231884058
0,032695652173913
0,125603864734299
0,00517874396135266
0
0
Gen 6
0,127536231884058
0,0440772946859903
0,127536231884058
0,0487729468599034
0
0
Gen 7
0,127536231884058
0,0399227053140096
0,127536231884058
0,0321545893719807
0
0
Gen 8
0,127536231884058
0,0322537172971955
0,12659062676454
0,00242424242424242
0
0
Gen 9
0,127536231884058
0,0313236714975845
0,123864734299517
0,00142995169082126
0
0
Gen 10
0,127536231884058
0,038975845410628
0,127536231884058
0,0283671497584541
0
0
Gen 11
0,127536231884058
0,0334726143421795
0,117613401091662
0,0162770562770563
0
0
Gen 12
0,127536231884058
0,0307053140096619
0,116173913043478
0,00664734299516909
0
0
Gen 13
0,127536231884058
0,0405883681535855
0,12659062676454
0,0357628458498024
0
0
Gen 14
0,127536231884058
0,0449535102578581
0,127536231884058
0,0522778091473744
0
0
Gen 15
0,127536231884058
0,0352840203274986
0,12659062676454
0,0145454545454545
0
0
Gen 16
0,127536231884058
0,037256038647343
0,127536231884058
0,021487922705314
0
0
Gen 17
0,127536231884058
0,0442119329945417
0,127536231884058
0,0493115000941088
0
0
Gen 18
0,127536231884058
0,0233140096618358
0,093256038647343
0
0
0
Gen 19
0,127536231884058
0,0404505928853755
0,127536231884058
0,034266139657444
0
0
Gen 20
0,127536231884058
0,0182125603864734
0,0728502415458937
0
0
0
Gen 21
0,127536231884058
0,0331594202898551
0,127536231884058
0,00510144927536232
0
0
Gen 22
0,127536231884058
0,042532279314888
0,127536231884058
0,0425928853754941
0
0
Gen 23
0,127536231884058
0,0156618357487923
0,0626473429951691
0
0
0
Gen 24
0,127536231884058
0,0292562896041157
0,116947863730472
7,72946859903382E-05
0
0
Gen 25
0,127536231884058
0,0424167137210615
0,127536231884058
0,0421306230001882
0
0
Gen 26
0,127536231884058
0,0280579710144927
0,112231884057971
0
0
0
Gen 27
0,127536231884058
0,0320175669740887
0,117317774013426
0,0107524938829287
0
0
Gen 28
0,127536231884058
0,0358035008469791
0,12659062676454
0,0166233766233766
0
0
Gen 29
0,127536231884058
0,0318242047807265
0,122794654620742
0,0045021645021645
0
0
Gen 30
0,127536231884058
0,0288405797101449
0,11536231884058
0
0
0
Gen 31
0,127536231884058
0,0616171654432524
0,127536231884058
0,116508187464709
0,00242424242424242
0
Gen 32
0,127536231884058
0,0434556747600226
0,127536231884058
0,0462864671560324
0
0
Gen 33
0,127536231884058
0,0435923207227555
0,127536231884058
0,0468330510069641
0
0
Gen 34
0,127536231884058
0,0360063993977037
0,124339544513458
0,0196860530773574
0
0
Gen 35
0,127536231884058
0,0255072463768116
0,102028985507246
0
0
0
Gen 36
0,127536231884058
0,0348944099378882
0,1267637869377
0,0128138528138528
0
0
Gen 37
0,127536231884058
0,0452753623188405
0,127536231884058
0,0535652173913043
0
0
Gen 38
0,127536231884058
0,0387005458309806
0,127536231884058
0,0272659514398645
0
0
Gen 39
0,127536231884058
0,0245024154589372
0,0980096618357488
0
0
0
Gen 40
0,127536231884058
0,0292836438923396
0,117134575569358
0
0
0
Gen 41
0,127536231884058
0,0464468285337851
0,127536231884058
0,0582510822510823
0
0
Gen 42
0,127536231884058
0,0408212560386473
0,127536231884058
0,0357487922705314
0
0
Gen 43
0,127536231884058
0,0433623188405797
0,127536231884058
0,0459130434782609
0
0
Gen 44
0,12987012987013
0,0370394629525064
0,121955957086392
0,0262018947236339
0
0
Gen 45
0,12987012987013
0,0334959533220403
0,124979484283832
0,009004329004329
0
0
Gen 46
0,12987012987013
0,0619755317146621
0,128936570675701
0,111045360436665
0,0079201957462827
0
Gen 47
0,12987012987013
0,0364502164502164
0,12987012987013
0,0159307359307359
0
0
Gen 48
0,199134199134199
0,0342569797352406
0,11841194554238
0,0186159733985821
0
0
Gen 49
0,199134199134199
0,0355411255411255
0,13974025974026
0,00242424242424242
0
0
Gen 50
0,199134199134199
0,0774025974025974
0,199134199134199
0,11047619047619
0
0
Gen 51
0,199134199134199
0,030995670995671
0,123982683982684
0
0
0
Gen 52
0,199134199134199
0,0856709956709956
0,199134199134199
0,143549783549784
0
0
Gen 53
0,199134199134199
0,046949494949495
0,166958529393312
0,0208394504046678
0
0
Gen 54
0,199134199134199
0,0563636363636364
0,199134199134199
0,0263203463203463
0
0
Gen 55
0,199134199134199
0,0642156973461321
0,199134199134199
0,0577285902503294
0
0
Gen 56
0,199134199134199
0,0675324675324675
0,199134199134199
0,070995670995671
0
0
Gen 57
0,199134199134199
0,0612861534600665
0,199134199134199
0,0460104147060669
0
0
Gen 58
0,199134199134199
0,0668398268398268
0,199134199134199
0,0682251082251082
0
0
Gen 59
0,199134199134199
0,0401166948993036
0,160466779597214
0
0
0
Gen 60
0,199134199134199
0,0623809523809524
0,199134199134199
0,0503896103896104
0
0
Gen 61
0,199134199134199
0,0216428885124537
0,0865715540498149
0
0
0
Gen 62
0,199134199134199
0,051856829161177
0,199134199134199
0,00829311751050882
0
0
Gen 63
0,199134199134199
0,0557575757575757
0,199134199134199
0,0238961038961039
0
0
Gen 64
0,199134199134199
0,0285357927097058
0,114143170838823
0
0
0
Gen 65
0,199134199134199
0,0390629274107535
0,152889390802434
0,00336231884057971
0
0
Gen 66
0,199134199134199
0,0772294372294372
0,199134199134199
0,10978354978355
0
0
Gen 67
0,199134199134199
0,0653841520798042
0,199134199134199
0,0624024091850179
0
0
Gen 68
0,199134199134199
0,0420277307233829
0,157985319028797
0,0101256038647343
0
0
Gen 69
0,199134199134199
0,0616533032185206
0,199134199134199
0,0474790137398833
0
0
Gen 70
0,199134199134199
0,064592508940335
0,199134199134199
0,059235836627141
0
0
Gen 71
0,199134199134199
0,0509090909090909
0,195324675324675
0,00831168831168831
0
0
Gen 72
0,199134199134199
0,0654037267080745
0,199134199134199
0,062480707698099
0
0
Gen 73
0,199134199134199
0,0665367965367965
0,199134199134199
0,067012987012987
0
0
Gen 74
0,199134199134199
0,0605615157789071
0,199134199134199
0,0431118639814292
0
0
Gen 75
0,199134199134199
0,0677056277056277
0,199134199134199
0,0716883116883117
0
0
Gen 76
0,199134199134199
0,0801731601731601
0,199134199134199
0,121558441558442
0
0
Gen 77
0,199134199134199
0,0650216450216451
0,182683982683983
0,0774025974025974
0
0
Gen 78
0,199134199134199
0,0349806135893092
0,139922454357237
0
0
0
Gen 79
0,199134199134199
0,0597402597402597
0,199134199134199
0,0398268398268398
0
0
Gen 80
0,199134199134199
0,0248236401279879
0,0992945605119518
0
0
0
Gen 81
0,199134199134199
0,041991341991342
0,167965367965368
0
0
0
Gen 82
0,199134199134199
0,0554978354978355
0,195324675324675
0,0266666666666667
0
0
Gen 83
0,199134199134199
0,0699567099567099
0,199134199134199
0,0806926406926407
0
0
Gen 84
0,199134199134199
0,0404379195683544
0,161751678273417
0
0
0
Gen 85
0,199134199134199
0,0632900432900433
0,199134199134199
0,054025974025974
0
0
Gen 86
0,199134199134199
0,0465808394504047
0,172467532467533
0,0138558253340862
0
0
Gen 87
0,199134199134199
0,0568010540184453
0,199134199134199
0,0280700169395822
0
0
Gen 88
0,199134199134199
0,0605035447644143
0,199134199134199
0,0428799799234582
0
0
Gen 89
0,199134199134199
0,0757106468410816
0,199134199134199
0,0989934123847168
0,00471497584541063
0
Gen 90
0,199134199134199
0,0678944726770813
0,199134199134199
0,0712456239412761
0,00119806763285024
0
Gen 91
0,199134199134199
0,0795245623941276
0,199134199134199
0,118964050442311
0
0
Gen 92
0,199134199134199
0,0506493506493507
0,193939393939394
0,00865800865800866
0
0
Gen 93
0,199134199134199
0,073802747976661
0,199134199134199
0,0960767927724449
0
0
Gen 94
0,199134199134199
0,0613852813852814
0,199134199134199
0,0464069264069264
0
0
Gen 95
0,199134199134199
0,0621645021645022
0,199134199134199
0,0495238095238095
0
0
Gen 96
0,199134199134199
0,0495670995670996
0,195670995670996
0,0025974025974026
0
0
Gen 97
0,199134199134199
0,0454112554112554
0,177835497835498
0,00380952380952381
0
0
