Gen 1
0.451612903225806
0.0087683284457478
0.0350733137829912
0
0
0
Gen 2
0.451612903225806
0.073805941603978
0.250883590462833
0.0429325513196481
0.00140762463343108
0
Gen 3
0.451612903225806
0.272580645161291
0.451612903225806
0.451612903225806
0.168680351906158
0.01841642228739
Gen 4
0.548387096774194
0.427126099706746
0.455483870967742
0.451612903225806
0.451612903225806
0.349794721407624
Gen 5
0.548387096774194
0.446774193548388
0.486451612903226
0.451612903225806
0.451612903225806
0.397419354838709
Gen 6
0.548387096774194
0.50258064516129
0.548387096774194
0.548387096774194
0.498064516129032
0.415483870967742
Gen 7
0.580645161290323
0.532580645161289
0.549677419354839
0.548387096774194
0.548387096774194
0.483870967741936
Gen 8
0.580645161290323
0.53032258064516
0.563870967741936
0.548387096774194
0.548387096774194
0.460645161290323
Gen 9
0.580645161290323
0.553753665689149
0.580645161290322
0.580645161290322
0.569032258064516
0.484692082111437
Gen 10
0.580645161290323
0.545483870967741
0.580645161290322
0.580645161290322
0.580645161290322
0.44
Gen 11
0.580645161290323
0.580645161290322
0.580645161290322
0.580645161290322
0.580645161290322
0.580645161290322
Gen 12
0.580645161290323
0.567419354838709
0.580645161290322
0.580645161290322
0.580645161290322
0.527741935483871
Gen 13
0.580645161290323
0.574516129032257
0.580645161290322
0.580645161290322
0.580645161290322
0.556129032258064
Gen 14
0.580645161290323
0.57516129032258
0.580645161290322
0.580645161290322
0.580645161290322
0.558709677419355
Gen 15
0.580645161290323
0.573782991202345
0.580645161290322
0.580645161290322
0.580645161290322
0.553196480938416
Gen 16
0.580645161290323
0.557419354838709
0.580645161290322
0.580645161290322
0.580645161290322
0.487741935483871
Gen 17
0.580645161290323
0.557624633431084
0.580645161290322
0.580645161290322
0.580645161290322
0.488563049853372
Gen 18
0.580645161290323
0.568387096774193
0.580645161290322
0.580645161290322
0.580645161290322
0.531612903225806
Gen 19
0.580645161290323
0.574838709677419
0.580645161290322
0.580645161290322
0.580645161290322
0.55741935483871
Gen 20
0.580645161290323
0.574838709677419
0.580645161290322
0.580645161290322
0.580645161290322
0.55741935483871
Gen 21
0.580645161290323
0.570967741935483
0.580645161290322
0.580645161290322
0.580645161290322
0.541935483870968
Gen 22
0.580645161290323
0.568709677419354
0.580645161290322
0.580645161290322
0.580645161290322
0.532903225806452
Gen 23
0.580645161290323
0.562903225806451
0.580645161290322
0.580645161290322
0.580645161290322
0.509677419354839
Gen 24
0.580645161290323
0.569032258064515
0.580645161290322
0.580645161290322
0.580645161290322
0.534193548387097
Gen 25
0.580645161290323
0.563489736070381
0.580645161290322
0.580645161290322
0.580645161290322
0.512023460410557
Gen 26
0.580645161290323
0.574838709677419
0.580645161290322
0.580645161290322
0.580645161290322
0.55741935483871
Gen 27
0.580645161290323
0.574516129032257
0.580645161290322
0.580645161290322
0.580645161290322
0.556129032258064
Gen 28
0.580645161290323
0.573548387096773
0.580645161290322
0.580645161290322
0.580645161290322
0.552258064516129
Gen 29
0.580645161290323
0.574838709677419
0.580645161290322
0.580645161290322
0.580645161290322
0.55741935483871
Gen 30
0.580645161290323
0.574516129032257
0.580645161290322
0.580645161290322
0.580645161290322
0.556129032258064
Gen 31
0.580645161290323
0.574838709677419
0.580645161290322
0.580645161290322
0.580645161290322
0.55741935483871
Gen 32
0.580645161290323
0.574838709677419
0.580645161290322
0.580645161290322
0.580645161290322
0.55741935483871
Gen 33
0.580645161290323
0.580351906158357
0.580645161290322
0.580645161290322
0.580645161290322
0.579472140762463
Gen 34
0.580645161290323
0.580645161290322
0.580645161290322
0.580645161290322
0.580645161290322
0.580645161290322
Gen 35
0.580645161290323
0.557419354838709
0.580645161290322
0.580645161290322
0.580645161290322
0.487741935483871
Gen 36
0.580645161290323
0.563225806451612
0.580645161290322
0.580645161290322
0.580645161290322
0.510967741935484
Gen 37
0.580645161290323
0.569560117302052
0.580645161290322
0.580645161290322
0.580645161290322
0.536304985337243
Gen 38
0.580645161290323
0.559354838709677
0.580645161290322
0.580645161290322
0.580645161290322
0.495483870967742
Gen 39
0.580645161290323
0.562727272727272
0.580645161290322
0.580645161290322
0.580645161290322
0.508973607038123
Gen 40
0.580645161290323
0.563313782991202
0.580645161290322
0.580645161290322
0.580645161290322
0.511319648093842
Gen 41
0.580645161290323
0.54674486803519
0.580645161290322
0.580645161290322
0.580645161290322
0.445043988269795
Gen 42
0.580645161290323
0.563225806451612
0.580645161290322
0.580645161290322
0.580645161290322
0.510967741935484
Gen 43
0.580645161290323
0.557419354838709
0.580645161290322
0.580645161290322
0.580645161290322
0.487741935483871
Gen 44
0.580645161290323
0.575102639296187
0.580645161290322
0.580645161290322
0.580645161290322
0.558475073313783
Gen 45
0.580645161290323
0.569032258064515
0.580645161290322
0.580645161290322
0.580645161290322
0.534193548387097
Gen 46
0.580645161290323
0.574516129032257
0.580645161290322
0.580645161290322
0.580645161290322
0.556129032258064
Gen 47
0.580645161290323
0.579032258064515
0.580645161290322
0.580645161290322
0.580645161290322
0.574193548387097
Gen 48
0.580645161290323
0.557683284457477
0.580645161290322
0.580645161290322
0.580645161290322
0.488797653958944
Gen 49
0.580645161290323
0.580645161290322
0.580645161290322
0.580645161290322
0.580645161290322
0.580645161290322
Gen 50
0.580645161290323
0.574838709677419
0.580645161290322
0.580645161290322
0.580645161290322
0.55741935483871
Gen 51
0.580645161290323
0.580645161290322
0.580645161290322
0.580645161290322
0.580645161290322
0.580645161290322
Gen 52
0.580645161290323
0.569032258064515
0.580645161290322
0.580645161290322
0.580645161290322
0.534193548387097
Gen 53
0.580645161290323
0.564193548387096
0.580645161290322
0.580645161290322
0.580645161290322
0.514838709677419
Gen 54
0.580645161290323
0.574838709677419
0.580645161290322
0.580645161290322
0.580645161290322
0.55741935483871
Gen 55
0.580645161290323
0.569032258064515
0.580645161290322
0.580645161290322
0.580645161290322
0.534193548387097
Gen 56
0.580645161290323
0.569237536656891
0.580645161290322
0.580645161290322
0.580645161290322
0.535014662756598
Gen 57
0.580645161290323
0.573828892005609
0.580645161290322
0.580645161290322
0.580645161290322
0.553380084151473
Gen 58
0.580645161290323
0.574838709677419
0.580645161290322
0.580645161290322
0.580645161290322
0.55741935483871
Gen 59
0.580645161290323
0.563753665689149
0.580645161290322
0.580645161290322
0.580645161290322
0.51307917888563
