Gen 1
0.108225108225108
0.00630754752493883
0.0252301900997553
0
0
0
Gen 2
0.108225108225108
0.0747415772633163
0.108225108225108
0.0954112554112554
0.0671861471861472
0.0281437982307548
Gen 3
0.112554112554113
0.0946373047242612
0.108398268398268
0.108225108225108
0.0957575757575758
0.0661682665160926
Gen 4
0.116883116883117
0.0978230754752493
0.108917748917749
0.108225108225108
0.106147186147186
0.0680022586109543
Gen 5
0.116883116883117
0.104457619675011
0.10961038961039
0.108225108225108
0.108225108225108
0.0917698726394378
Gen 6
0.116883116883117
0.102943722943723
0.11047619047619
0.108225108225108
0.108225108225108
0.0848484848484848
Gen 7
0.116883116883117
0.107402597402597
0.114632034632035
0.108225108225108
0.108225108225108
0.0985281385281385
Gen 8
0.116883116883117
0.104891774891775
0.116363636363636
0.11012987012987
0.108225108225108
0.0848484848484848
Gen 9
0.116883116883117
0.11047619047619
0.116883116883117
0.115844155844156
0.109264069264069
0.0999134199134199
Gen 10
0.116883116883117
0.113506493506494
0.116883116883117
0.116883116883117
0.112034632034632
0.108225108225108
Gen 11
0.116883116883117
0.112121212121212
0.116883116883117
0.116883116883117
0.115151515151515
0.0995670995670995
Gen 12
0.116883116883117
0.115064935064935
0.116883116883117
0.116883116883117
0.116883116883117
0.10961038961039
Gen 13
0.116883116883117
0.113463203463203
0.116883116883117
0.116883116883117
0.116883116883117
0.103203463203463
Gen 14
0.116883116883117
0.114588744588745
0.116883116883117
0.116883116883117
0.116883116883117
0.107705627705628
Gen 15
0.134199134199134
0.115541125541125
0.117748917748918
0.116883116883117
0.116883116883117
0.110649350649351
Gen 16
0.134199134199134
0.115194805194805
0.12
0.116883116883117
0.116883116883117
0.107012987012987
Gen 17
0.134199134199134
0.114935064935065
0.125021645021645
0.116883116883117
0.116883116883117
0.100952380952381
Gen 18
0.134199134199134
0.117272727272727
0.132467532467532
0.118441558441558
0.116883116883117
0.101298701298701
Gen 19
0.134199134199134
0.12025974025974
0.134199134199134
0.12969696969697
0.118441558441558
0.0987012987012987
Gen 20
0.134199134199134
0.124112554112554
0.134199134199134
0.134199134199134
0.123809523809524
0.104242424242424
Gen 21
0.134199134199134
0.127142857142857
0.134199134199134
0.134199134199134
0.13038961038961
0.10978354978355
Gen 22
0.134199134199134
0.129350649350649
0.134199134199134
0.134199134199134
0.134199134199134
0.114805194805195
Gen 23
0.134199134199134
0.13025974025974
0.134199134199134
0.134199134199134
0.134199134199134
0.118441558441558
Gen 24
0.155844155844156
0.128874458874459
0.135064935064935
0.134199134199134
0.134199134199134
0.112034632034632
Gen 25
0.155844155844156
0.13034632034632
0.135930735930736
0.134199134199134
0.134199134199134
0.117056277056277
Gen 26
0.155844155844156
0.131298701298701
0.137662337662338
0.134199134199134
0.134199134199134
0.119134199134199
Gen 27
0.155844155844156
0.135064935064935
0.143722943722944
0.134199134199134
0.134199134199134
0.128138528138528
Gen 28
0.155844155844156
0.132987012987013
0.148917748917749
0.134199134199134
0.134199134199134
0.114632034632035
Gen 29
0.155844155844156
0.139220779220779
0.155844155844156
0.143722943722944
0.134199134199134
0.123116883116883
Gen 30
0.155844155844156
0.14047619047619
0.155844155844156
0.154112554112554
0.134199134199134
0.117748917748918
Gen 31
0.155844155844156
0.145844155844156
0.155844155844156
0.155844155844156
0.146320346320346
0.125367965367965
Gen 32
0.155844155844156
0.149134199134199
0.155844155844156
0.155844155844156
0.155844155844156
0.129004329004329
Gen 33
0.207792207792208
0.15029512516469
0.157922077922078
0.155844155844156
0.155844155844156
0.131570111048372
Gen 34
0.207792207792208
0.150901185770751
0.159134199134199
0.155844155844156
0.155844155844156
0.132782232260493
Gen 35
0.207792207792208
0.150862412949369
0.162424242424242
0.155844155844156
0.155844155844156
0.129337097684924
Gen 36
0.207792207792208
0.150516092603049
0.164848484848485
0.155844155844156
0.155844155844156
0.1255275738754
Gen 37
0.207792207792208
0.154187088274045
0.174718614718615
0.155844155844156
0.155844155844156
0.130341426689253
Gen 38
0.207792207792208
0.160805947675513
0.194805194805195
0.155844155844156
0.155844155844156
0.136730284208545
Gen 39
0.207792207792208
0.171277495451408
0.206926406926407
0.178874458874459
0.155844155844156
0.143464960160612
Gen 40
0.207792207792208
0.179125541125541
0.207792207792208
0.204329004329004
0.17038961038961
0.133991341991342
Gen 41
0.207792207792208
0.190207792207792
0.207792207792208
0.207792207792208
0.198268398268398
0.146978354978355
Gen 42
0.207792207792208
0.195878787878788
0.207792207792208
0.207792207792208
0.207792207792208
0.160138528138528
Gen 43
0.207792207792208
0.200207792207792
0.207792207792208
0.207792207792208
0.207792207792208
0.177454545454546
Gen 44
0.207792207792208
0.197614028483594
0.207792207792208
0.207792207792208
0.207792207792208
0.167079490557751
Gen 45
0.212121212121212
0.19533998368781
0.207965367965368
0.207792207792208
0.207792207792208
0.157810151201456
Gen 46
0.212121212121212
0.198069891461196
0.208138528138528
0.207792207792208
0.207792207792208
0.16855662212184
Gen 47
0.212121212121212
0.201576384967689
0.208311688311688
0.207792207792208
0.207792207792208
0.182409435974653
Gen 48
0.212121212121212
0.204909718301022
0.208831168831169
0.207792207792208
0.207792207792208
0.195223288788506
Gen 49
0.212121212121212
0.205844155844156
0.20952380952381
0.207792207792208
0.207792207792208
0.198268398268398
Gen 50
0.212121212121212
0.204433527824832
0.211082251082251
0.207792207792208
0.207792207792208
0.191067444632662
Gen 51
0.212121212121212
0.204996298387602
0.212121212121212
0.20952380952381
0.207792207792208
0.190547964113181
Gen 52
0.212121212121212
0.204571177614656
0.212121212121212
0.212121212121212
0.209004329004329
0.18503795721187
Gen 53
0.212121212121212
0.199858962293745
0.212121212121212
0.212121212121212
0.21004329004329
0.165150134889265
Gen 54
0.225108225108225
0.202716105150888
0.212640692640693
0.212121212121212
0.211082251082251
0.175020264759395
Gen 55
0.225108225108225
0.208585607629086
0.212640692640693
0.212121212121212
0.212121212121212
0.197459313633227
Gen 56
0.225108225108225
0.209134199134199
0.213160173160173
0.212121212121212
0.212121212121212
0.199134199134199
Gen 57
0.225108225108225
0.207099567099567
0.214199134199134
0.212121212121212
0.212121212121212
0.18995670995671
Gen 58
0.225108225108225
0.210473680908463
0.214718614718615
0.212121212121212
0.212121212121212
0.202933684672815
Gen 59
0.225108225108225
0.208179308614091
0.216277056277056
0.212121212121212
0.212121212121212
0.192197753936884
Gen 60
0.225108225108225
0.209954200388983
0.2204329004329
0.212121212121212
0.212121212121212
0.195141476880607
Gen 61
0.225108225108225
0.210403789447268
0.225108225108225
0.212640692640693
0.212121212121212
0.191745027918941
Gen 62
0.225108225108225
0.214297383775645
0.225108225108225
0.220952380952381
0.212121212121212
0.19900771692076
Gen 63
0.225108225108225
0.215800865800866
0.225108225108225
0.225108225108225
0.215757575757576
0.197229437229437
Gen 64
0.225108225108225
0.213896103896104
0.225108225108225
0.225108225108225
0.21991341991342
0.185454545454545
Gen 65
0.225108225108225
0.212554112554113
0.225108225108225
0.225108225108225
0.220952380952381
0.179047619047619
Gen 66
0.225108225108225
0.213030303030303
0.225108225108225
0.225108225108225
0.224069264069264
0.177835497835498
Gen 67
0.225108225108225
0.217308488612837
0.225108225108225
0.225108225108225
0.225108225108225
0.19390927912667
Gen 68
0.225108225108225
0.219386410690759
0.225108225108225
0.225108225108225
0.225108225108225
0.202220967438359
Gen 69
0.225108225108225
0.222900432900433
0.225108225108225
0.225108225108225
0.225108225108225
0.216277056277056
Gen 70
0.225108225108225
0.21957362444319
0.225108225108225
0.225108225108225
0.225108225108225
0.202969822448083
Gen 71
0.225108225108225
0.224588744588745
0.225108225108225
0.225108225108225
0.225108225108225
0.223030303030303
Gen 72
0.225108225108225
0.224588744588745
0.225108225108225
0.225108225108225
0.225108225108225
0.223030303030303
Gen 73
0.225108225108225
0.224025974025974
0.225108225108225
0.225108225108225
0.225108225108225
0.220779220779221
Gen 74
0.225108225108225
0.220346320346321
0.225108225108225
0.225108225108225
0.225108225108225
0.206060606060606
Gen 75
0.225108225108225
0.222567915176611
0.225108225108225
0.225108225108225
0.225108225108225
0.214946985381768
Gen 76
0.225108225108225
0.214185457055023
0.225108225108225
0.225108225108225
0.225108225108225
0.181417152895414
Gen 77
0.225108225108225
0.2195670995671
0.225108225108225
0.225108225108225
0.225108225108225
0.202943722943723
Gen 78
0.225108225108225
0.21979007465964
0.225108225108225
0.225108225108225
0.225108225108225
0.203835623313884
Gen 79
0.225108225108225
0.220716230629275
0.225108225108225
0.225108225108225
0.225108225108225
0.207540247192421
Gen 80
0.225108225108225
0.221711901624946
0.225108225108225
0.225108225108225
0.225108225108225
0.211522931175105
Gen 81
0.225108225108225
0.221667607754565
0.225108225108225
0.225108225108225
0.225108225108225
0.211345755693582
Gen 82
0.225108225108225
0.221091160047682
0.225108225108225
0.225108225108225
0.225108225108225
0.209039964866052
Gen 83
0.225108225108225
0.22055800238409
0.225108225108225
0.225108225108225
0.225108225108225
0.206907334211682
Gen 84
0.225108225108225
0.221385281385282
0.225108225108225
0.225108225108225
0.225108225108225
0.21021645021645
Gen 85
0.225108225108225
0.223896103896104
0.225108225108225
0.225108225108225
0.225108225108225
0.22025974025974
Gen 86
0.225108225108225
0.21991341991342
0.225108225108225
0.225108225108225
0.225108225108225
0.204329004329004
Gen 87
0.229437229437229
0.222252964426878
0.225281385281385
0.225108225108225
0.225108225108225
0.213514022209674
Gen 88
0.229437229437229
0.219136081309995
0.225454545454545
0.225108225108225
0.225108225108225
0.200873329568982
Gen 89
0.229437229437229
0.215631595457683
0.225627705627706
0.225108225108225
0.225108225108225
0.186682225986574
Gen 90
0.233766233766234
0.22002509567727
0.226147186147186
0.225108225108225
0.225108225108225
0.203736746345442
Gen 91
0.242424242424242
0.221098814229249
0.227878787878788
0.225108225108225
0.225108225108225
0.206300018821758
Gen 92
0.242424242424242
0.212087082000126
0.22961038961039
0.225108225108225
0.225108225108225
0.168521488173662
Gen 93
0.242424242424242
0.223766233766234
0.232900432900433
0.226666666666667
0.225108225108225
0.21038961038961
Gen 94
0.242424242424242
0.224545454545455
0.235497835497835
0.229437229437229
0.226147186147186
0.207099567099567
Gen 95
0.242424242424242
0.226416713721062
0.24034632034632
0.230649350649351
0.226878976096367
0.207792207792208
Gen 96
0.242424242424242
0.231339607252651
0.242424242424242
0.238614718614719
0.22982269904009
0.214496768931552
Gen 97
0.242424242424242
0.23007215007215
0.242424242424242
0.242424242424242
0.230861660079051
0.204578455361064
Gen 98
0.242424242424242
0.227953698475438
0.242424242424242
0.242424242424242
0.230978605935128
0.195987703118138
Gen 99
0.242424242424242
0.230580086580087
0.242424242424242
0.242424242424242
0.239366585105716
0.198105276366146
Gen 100
0.242424242424242
0.237046866177301
0.242424242424242
0.242424242424242
0.242424242424242
0.220914737436476
Gen 101
0.242424242424242
0.233021268586486
0.242424242424242
0.242424242424242
0.242424242424242
0.204812347073217
Gen 102
0.242424242424242
0.237266202396637
0.242424242424242
0.242424242424242
0.242424242424242
0.221792082313821
Gen 103
0.242424242424242
0.232847731978167
0.242424242424242
0.242424242424242
0.242424242424242
0.20411820063994
Gen 104
0.242424242424242
0.23380174414957
0.242424242424242
0.242424242424242
0.242424242424242
0.207934249325554
Gen 105
0.242424242424242
0.225350147437104
0.242424242424242
0.242424242424242
0.242424242424242
0.174127862475689
Gen 106
0.242424242424242
0.23575845410628
0.242424242424242
0.242424242424242
0.242424242424242
0.215761089152393
Gen 107
0.242424242424242
0.23716130246565
0.242424242424242
0.242424242424242
0.242424242424242
0.221372482589874
Gen 108
0.242424242424242
0.234662651358303
0.242424242424242
0.242424242424242
0.242424242424242
0.211377878160487
Gen 109
0.242424242424242
0.236760148064496
0.242424242424242
0.242424242424242
0.242424242424242
0.219767864985256
Gen 110
0.256038647342995
0.236937449024405
0.242968818620992
0.242424242424242
0.242424242424242
0.219932492628145
Gen 111
0.256038647342995
0.239491561578518
0.242968818620992
0.242424242424242
0.242424242424242
0.230148942844595
Gen 112
0.256038647342995
0.236297258297258
0.243513394817743
0.242424242424242
0.242424242424242
0.216827153522806
Gen 113
0.256038647342995
0.237314637053767
0.244602547211243
0.242424242424242
0.242424242424242
0.219807516155342
Gen 114
0.256038647342995
0.237221657569483
0.245691699604743
0.242424242424242
0.242424242424242
0.218346445824707
Gen 115
0.256038647342995
0.235383650166259
0.248414580588494
0.242424242424242
0.242424242424242
0.208271535228057
Gen 116
0.256038647342995
0.233307233828973
0.251488801054019
0.242424242424242
0.242424242424242
0.196891649413388
Gen 117
0.256038647342995
0.241243365330322
0.256038647342995
0.246043039086517
0.242424242424242
0.220467532467532
Gen 118
0.256038647342995
0.244496894409938
0.256038647342995
0.256038647342995
0.246043039086517
0.219867243867244
Gen 119
0.256038647342995
0.245893217893218
0.256038647342995
0.256038647342995
0.251463705376749
0.220031871510132
Gen 120
0.256038647342995
0.251472488863793
0.256038647342995
0.256038647342995
0.256038647342995
0.237774013426187
Gen 121
0.256038647342995
0.247946420729029
0.256038647342995
0.256038647342995
0.256038647342995
0.223669740887132
Gen 122
0.256038647342995
0.247094924399272
0.256038647342995
0.256038647342995
0.256038647342995
0.220263755568103
Gen 123
0.256038647342995
0.245505991592948
0.256038647342995
0.256038647342995
0.256038647342995
0.213908024342807
Gen 124
0.281385281385281
0.248310684484597
0.257052512704687
0.256038647342995
0.256038647342995
0.224112930547713
Gen 125
0.281385281385281
0.247591316895664
0.260094108789761
0.256038647342995
0.256038647342995
0.218193864106908
Gen 126
0.281385281385281
0.254009034443817
0.263135704874836
0.256038647342995
0.256038647342995
0.240823138214443
Gen 127
0.281385281385281
0.255116757638496
0.27327435849175
0.256038647342995
0.256038647342995
0.235115377376247
Gen 128
0.281385281385281
0.256935817805383
0.281385281385281
0.256038647342995
0.256038647342995
0.23428069515026
Gen 129
0.281385281385281
0.26240542066629
0.281385281385281
0.272260493130059
0.256038647342995
0.239937260806826
Gen 130
0.281385281385281
0.261778279691323
0.281385281385281
0.281385281385281
0.264381454294498
0.219961101700232
Gen 131
0.281385281385281
0.264225359181881
0.281385281385281
0.281385281385281
0.277561703996487
0.216569169960474
Gen 132
0.281385281385281
0.262440178179308
0.281385281385281
0.281385281385281
0.281385281385281
0.20560486856139
Gen 133
0.281385281385281
0.263954827780914
0.281385281385281
0.281385281385281
0.281385281385281
0.211663466967815
Gen 134
0.281385281385281
0.271197942154463
0.281385281385281
0.281385281385281
0.281385281385281
0.240635924462011
Gen 135
0.281385281385281
0.272355982182069
0.281385281385281
0.281385281385281
0.281385281385281
0.245268084572432
Gen 136
0.294372294372294
0.272478574565531
0.281904761904762
0.281385281385281
0.281385281385281
0.2452389735868
Gen 137
0.333333333333333
0.273733985820942
0.284502164502165
0.281385281385281
0.281385281385281
0.247663216011042
Gen 138
0.333333333333333
0.275871384653993
0.286580086580087
0.281385281385281
0.281385281385281
0.254134889265324
Gen 139
0.333333333333333
0.275677269590312
0.291774891774892
0.281385281385281
0.281385281385281
0.248163623815798
Gen 140
0.333333333333333
0.284724888637932
0.308398268398269
0.281385281385281
0.281385281385281
0.267730723382897
Gen 141
0.333333333333333
0.285757575757575
0.325541125541126
0.287099567099567
0.281385281385281
0.249004329004329
Gen 142
0.333333333333333
0.292424242424242
0.333333333333333
0.303722943722944
0.286060606060606
0.246580086580087
Gen 143
0.333333333333333
0.303809523809524
0.333333333333333
0.333333333333333
0.303722943722944
0.244848484848485
Gen 144
0.333333333333333
0.311397201831984
0.333333333333333
0.333333333333333
0.321731601731602
0.257190538929669
Gen 145
0.333333333333333
0.311832360875839
0.333333333333333
0.333333333333333
0.333333333333333
0.247329443503357
Gen 146
0.333333333333333
0.318931927975406
0.333333333333333
0.333333333333333
0.333333333333333
0.275727711901625
Gen 147
0.333333333333333
0.314877093920572
0.333333333333333
0.333333333333333
0.333333333333333
0.259508375682289
Gen 148
0.333333333333333
0.325454545454545
0.333333333333333
0.333333333333333
0.333333333333333
0.301818181818182
Gen 149
0.333333333333333
0.32082251082251
0.333333333333333
0.333333333333333
0.333333333333333
0.283290043290043
Gen 150
0.333333333333333
0.321500219587176
0.333333333333333
0.333333333333333
0.333333333333333
0.286000878348704
Gen 151
0.333333333333333
0.320463015245624
0.333333333333333
0.333333333333333
0.333333333333333
0.281852060982496
Gen 152
0.333333333333333
0.32064935064935
0.333333333333333
0.333333333333333
0.333333333333333
0.282597402597402
Gen 153
0.333333333333333
0.327878787878787
0.333333333333333
0.333333333333333
0.333333333333333
0.311515151515151
Gen 154
0.333333333333333
0.325484158353723
0.333333333333333
0.333333333333333
0.333333333333333
0.301936633414894
Gen 155
0.333333333333333
0.32082251082251
0.333333333333333
0.333333333333333
0.333333333333333
0.283290043290043
Gen 156
0.333333333333333
0.319567099567099
0.333333333333333
0.333333333333333
0.333333333333333
0.278268398268398
Gen 157
0.333333333333333
0.316363636363636
0.333333333333333
0.333333333333333
0.333333333333333
0.265454545454545
Gen 158
0.333333333333333
0.313636363636363
0.333333333333333
0.333333333333333
0.333333333333333
0.254545454545454
Gen 159
0.333333333333333
0.32047619047619
0.333333333333333
0.333333333333333
0.333333333333333
0.281904761904762
Gen 160
0.333333333333333
0.326580086580086
0.333333333333333
0.333333333333333
0.333333333333333
0.306320346320346
Gen 161
0.333333333333333
0.325541125541125
0.333333333333333
0.333333333333333
0.333333333333333
0.302164502164502
Gen 162
0.333333333333333
0.322467532467532
0.333333333333333
0.333333333333333
0.333333333333333
0.28987012987013
Gen 163
0.333333333333333
0.321737875650919
0.333333333333333
0.333333333333333
0.333333333333333
0.286951502603676
Gen 164
0.333333333333333
0.327445887445887
0.333333333333333
0.333333333333333
0.333333333333333
0.30978354978355
Gen 165
0.333333333333333
0.331948051948051
0.333333333333333
0.333333333333333
0.333333333333333
0.327792207792208
Gen 166
0.333333333333333
0.325850429763473
0.333333333333333
0.333333333333333
0.333333333333333
0.303401719053893
Gen 167
0.333333333333333
0.323896103896104
0.333333333333333
0.333333333333333
0.333333333333333
0.295584415584416
Gen 168
0.333333333333333
0.317229437229437
0.333333333333333
0.333333333333333
0.333333333333333
0.268917748917749
Gen 169
0.333333333333333
0.317272727272727
0.333333333333333
0.333333333333333
0.333333333333333
0.269090909090909
Gen 170
0.333333333333333
0.322121212121212
0.333333333333333
0.333333333333333
0.333333333333333
0.288484848484848
Gen 171
0.333333333333333
0.323722943722943
0.333333333333333
0.333333333333333
0.333333333333333
0.294891774891775
Gen 172
0.333333333333333
0.322597402597402
0.333333333333333
0.333333333333333
0.333333333333333
0.29038961038961
Gen 173
0.333333333333333
0.31519292301901
0.333333333333333
0.333333333333333
0.333333333333333
0.26077169207604
Gen 174
0.333333333333333
0.322250203902377
0.333333333333333
0.333333333333333
0.333333333333333
0.289000815609511
Gen 175
0.333333333333333
0.3252362130623
0.333333333333333
0.333333333333333
0.333333333333333
0.3009448522492
Gen 176
0.333333333333333
0.320344438170525
0.333333333333333
0.333333333333333
0.333333333333333
0.2813777526821
Gen 177
0.333333333333333
0.320993788819875
0.333333333333333
0.333333333333333
0.333333333333333
0.283975155279503
Gen 178
0.333333333333333
0.325930735930735
0.333333333333333
0.333333333333333
0.333333333333333
0.303722943722944
Gen 179
0.333333333333333
0.330012798795407
0.333333333333333
0.333333333333333
0.333333333333333
0.32005119518163
Gen 180
0.333333333333333
0.326475563084258
0.333333333333333
0.333333333333333
0.333333333333333
0.305902252337035
Gen 181
0.333333333333333
0.32551690821256
0.333333333333333
0.333333333333333
0.333333333333333
0.302067632850242
Gen 182
0.333333333333333
0.324045046740699
0.333333333333333
0.333333333333333
0.333333333333333
0.296180186962796
Gen 183
0.333333333333333
0.326858899554551
0.333333333333333
0.333333333333333
0.333333333333333
0.307435598218207
Gen 184
0.333333333333333
0.327118639814292
0.333333333333333
0.333333333333333
0.333333333333333
0.308474559257168
Gen 185
0.333333333333333
0.32607315389924
0.333333333333333
0.333333333333333
0.333333333333333
0.304292615596963
Gen 186
0.333333333333333
0.323525315264445
0.333333333333333
0.333333333333333
0.333333333333333
0.294101261057783
Gen 187
0.333333333333333
0.319127548779722
0.333333333333333
0.333333333333333
0.333333333333333
0.276510195118891
Gen 188
0.333333333333333
0.319755066189848
0.333333333333333
0.333333333333333
0.333333333333333
0.279020264759395
Gen 189
0.333333333333333
0.326638183072965
0.333333333333333
0.333333333333333
0.333333333333333
0.306552732291863
Gen 190
0.333333333333333
0.323261559696342
0.333333333333333
0.333333333333333
0.333333333333333
0.293046238785369
Gen 191
0.333333333333333
0.32131350774829
0.333333333333333
0.333333333333333
0.333333333333333
0.285254030993161
Gen 192
0.333333333333333
0.320035761340109
0.333333333333333
0.333333333333333
0.333333333333333
0.280143045360437
Gen 193
0.333333333333333
0.322482338917121
0.333333333333333
0.333333333333333
0.333333333333333
0.289929355668486
Gen 194
0.333333333333333
0.325030177551916
0.333333333333333
0.333333333333333
0.333333333333333
0.300120710207667
Gen 195
0.333333333333333
0.324612961917309
0.333333333333333
0.333333333333333
0.333333333333333
0.298451847669239
