Gen 1
0,134199134199134
0,103896103896104
0,0303030303030303
0,0193236714975845
0
0
0
0
0
0
0
0
0
0
0
0
0
0
0
0
Gen 2
0,134199134199134
0,134199134199134
0,134199134199134
0,134199134199134
0,134199134199134
0,134199134199134
0,134199134199134
0,103896103896104
0,103896103896104
0,103896103896104
0,103896103896104
0,103896103896104
0,103896103896104
0,0303030303030303
0
0
0
0
0
0
Gen 3
0,150724637681159
0,134199134199134
0,134199134199134
0,134199134199134
0,134199134199134
0,134199134199134
0,134199134199134
0,134199134199134
0,134199134199134
0,134199134199134
0,134199134199134
0,134199134199134
0,134199134199134
0,134199134199134
0,134199134199134
0,134199134199134
0,134199134199134
0,134199134199134
0,134199134199134
0,134199134199134
Gen 4
0,150724637681159
0,150724637681159
0,150724637681159
0,150724637681159
0,150724637681159
0,150724637681159
0,150724637681159
0,150724637681159
0,150724637681159
0,150724637681159
0,150724637681159
0,150724637681159
0,150724637681159
0,134199134199134
0,134199134199134
0,134199134199134
0,134199134199134
0,134199134199134
0,134199134199134
0
Gen 5
0,150724637681159
0,150724637681159
0,150724637681159
0,150724637681159
0,150724637681159
0,150724637681159
0,150724637681159
0,150724637681159
0,150724637681159
0,150724637681159
0,150724637681159
0,150724637681159
0,150724637681159
0,150724637681159
0,150724637681159
0,150724637681159
0,150724637681159
0,150724637681159
0,150724637681159
0
Gen 6
0,150724637681159
0,150724637681159
0,150724637681159
0,150724637681159
0,150724637681159
0,150724637681159
0,150724637681159
0,150724637681159
0,150724637681159
0,150724637681159
0,150724637681159
0,150724637681159
0,150724637681159
0,150724637681159
0,150724637681159
0,150724637681159
0,150724637681159
0,150724637681159
0,0952380952380952
0
Gen 7
0,150724637681159
0,150724637681159
0,150724637681159
0,150724637681159
0,150724637681159
0,150724637681159
0,150724637681159
0,150724637681159
0,150724637681159
0,150724637681159
0,150724637681159
0,150724637681159
0,150724637681159
0,150724637681159
0,150724637681159
0,150724637681159
0,150724637681159
0,103896103896104
0
0
Gen 8
0,150724637681159
0,150724637681159
0,150724637681159
0,150724637681159
0,150724637681159
0,150724637681159
0,150724637681159
0,150724637681159
0,150724637681159
0,150724637681159
0,150724637681159
0,150724637681159
0,150724637681159
0,150724637681159
0,150724637681159
0,150724637681159
0,150724637681159
0,150724637681159
0
0
Gen 9
0,150724637681159
0,150724637681159
0,150724637681159
0,150724637681159
0,150724637681159
0,150724637681159
0,150724637681159
0,150724637681159
0,150724637681159
0,150724637681159
0,150724637681159
0,150724637681159
0,150724637681159
0,150724637681159
0,150724637681159
0,150724637681159
0,150724637681159
0,150724637681159
0,139130434782609
0,0476190476190476
Gen 10
0,150724637681159
0,150724637681159
0,150724637681159
0,150724637681159
0,150724637681159
0,150724637681159
0,150724637681159
0,150724637681159
0,150724637681159
0,150724637681159
0,150724637681159
0,150724637681159
0,150724637681159
0,150724637681159
0,150724637681159
0,150724637681159
0,150724637681159
0,150724637681159
0,150724637681159
0,147826086956522
Gen 11
0,150724637681159
0,150724637681159
0,150724637681159
0,150724637681159
0,150724637681159
0,150724637681159
0,150724637681159
0,150724637681159
0,150724637681159
0,150724637681159
0,150724637681159
0,150724637681159
0,150724637681159
0,150724637681159
0,150724637681159
0,150724637681159
0,150724637681159
0,150724637681159
0,150724637681159
0,150724637681159
Gen 12
0,150724637681159
0,150724637681159
0,150724637681159
0,150724637681159
0,150724637681159
0,150724637681159
0,150724637681159
0,150724637681159
0,150724637681159
0,150724637681159
0,150724637681159
0,150724637681159
0,150724637681159
0,150724637681159
0,150724637681159
0,150724637681159
0,150724637681159
0,150724637681159
0,150724637681159
0,0303030303030303
Gen 13
0,150724637681159
0,150724637681159
0,150724637681159
0,150724637681159
0,150724637681159
0,150724637681159
0,150724637681159
0,150724637681159
0,150724637681159
0,150724637681159
0,150724637681159
0,150724637681159
0,150724637681159
0,150724637681159
0,150724637681159
0,150724637681159
0,150724637681159
0,150724637681159
0,150724637681159
0,150724637681159
Gen 14
0,150724637681159
0,150724637681159
0,150724637681159
0,150724637681159
0,150724637681159
0,150724637681159
0,150724637681159
0,150724637681159
0,150724637681159
0,150724637681159
0,150724637681159
0,150724637681159
0,150724637681159
0,150724637681159
0,150724637681159
0,150724637681159
0,150724637681159
0,150724637681159
0,150724637681159
0
Gen 15
0,150724637681159
0,150724637681159
0,150724637681159
0,150724637681159
0,150724637681159
0,150724637681159
0,150724637681159
0,150724637681159
0,150724637681159
0,150724637681159
0,150724637681159
0,150724637681159
0,150724637681159
0,150724637681159
0,150724637681159
0,150724637681159
0,150724637681159
0,150724637681159
0,150724637681159
0,147186147186147
Gen 16
0,150724637681159
0,150724637681159
0,150724637681159
0,150724637681159
0,150724637681159
0,150724637681159
0,150724637681159
0,150724637681159
0,150724637681159
0,150724637681159
0,150724637681159
0,150724637681159
0,150724637681159
0,150724637681159
0,150724637681159
0,150724637681159
0,150724637681159
0,150724637681159
0,150724637681159
0,150724637681159
Gen 17
0,150724637681159
0,150724637681159
0,150724637681159
0,150724637681159
0,150724637681159
0,150724637681159
0,150724637681159
0,150724637681159
0,150724637681159
0,150724637681159
0,150724637681159
0,150724637681159
0,150724637681159
0,150724637681159
0,150724637681159
0,150724637681159
0,150724637681159
0,150724637681159
0,150724637681159
0,150724637681159
Gen 18
0,150724637681159
0,150724637681159
0,150724637681159
0,150724637681159
0,150724637681159
0,150724637681159
0,150724637681159
0,150724637681159
0,150724637681159
0,150724637681159
0,150724637681159
0,150724637681159
0,150724637681159
0,150724637681159
0,150724637681159
0,150724637681159
0,150724637681159
0,150724637681159
0,150724637681159
0
Gen 19
0,151515151515152
0,150724637681159
0,150724637681159
0,150724637681159
0,150724637681159
0,150724637681159
0,150724637681159
0,150724637681159
0,150724637681159
0,150724637681159
0,150724637681159
0,150724637681159
0,150724637681159
0,150724637681159
0,150724637681159
0,150724637681159
0,150724637681159
0,150724637681159
0,150724637681159
0,150724637681159
Gen 20
0,151515151515152
0,151515151515152
0,151515151515152
0,150724637681159
0,150724637681159
0,150724637681159
0,150724637681159
0,150724637681159
0,150724637681159
0,150724637681159
0,150724637681159
0,150724637681159
0,150724637681159
0,150724637681159
0,150724637681159
0,150724637681159
0,150724637681159
0,150724637681159
0,150724637681159
0,150724637681159
Gen 21
0,151515151515152
0,151515151515152
0,151515151515152
0,151515151515152
0,151515151515152
0,151515151515152
0,151515151515152
0,151515151515152
0,151515151515152
0,151515151515152
0,151515151515152
0,151515151515152
0,151515151515152
0,150724637681159
0,150724637681159
0,150724637681159
0,150724637681159
0,150724637681159
0,150724637681159
0
Gen 22
0,16017316017316
0,151515151515152
0,151515151515152
0,151515151515152
0,151515151515152
0,151515151515152
0,151515151515152
0,151515151515152
0,151515151515152
0,151515151515152
0,151515151515152
0,151515151515152
0,151515151515152
0,151515151515152
0,151515151515152
0,151515151515152
0,151515151515152
0,151515151515152
0,151515151515152
0,151515151515152
Gen 23
0,16017316017316
0,16017316017316
0,16017316017316
0,16017316017316
0,16017316017316
0,16017316017316
0,16017316017316
0,16017316017316
0,151515151515152
0,151515151515152
0,151515151515152
0,151515151515152
0,151515151515152
0,151515151515152
0,151515151515152
0,151515151515152
0,151515151515152
0,151515151515152
0,151515151515152
0
Gen 24
0,16017316017316
0,16017316017316
0,16017316017316
0,16017316017316
0,16017316017316
0,16017316017316
0,16017316017316
0,16017316017316
0,16017316017316
0,16017316017316
0,16017316017316
0,16017316017316
0,16017316017316
0,16017316017316
0,16017316017316
0,16017316017316
0,16017316017316
0,16017316017316
0,16017316017316
0,151515151515152
Gen 25
0,16017316017316
0,16017316017316
0,16017316017316
0,16017316017316
0,16017316017316
0,16017316017316
0,16017316017316
0,16017316017316
0,16017316017316
0,16017316017316
0,16017316017316
0,16017316017316
0,16017316017316
0,16017316017316
0,16017316017316
0,16017316017316
0,16017316017316
0,0995670995670996
0,0927536231884058
0
Gen 26
0,16017316017316
0,16017316017316
0,16017316017316
0,16017316017316
0,16017316017316
0,16017316017316
0,16017316017316
0,16017316017316
0,16017316017316
0,16017316017316
0,16017316017316
0,16017316017316
0,16017316017316
0,16017316017316
0,16017316017316
0,16017316017316
0,16017316017316
0,16017316017316
0,112554112554113
0
Gen 27
0,16017316017316
0,16017316017316
0,16017316017316
0,16017316017316
0,16017316017316
0,16017316017316
0,16017316017316
0,16017316017316
0,16017316017316
0,16017316017316
0,16017316017316
0,16017316017316
0,16017316017316
0,16017316017316
0,16017316017316
0,16017316017316
0,16017316017316
0,16017316017316
0,16017316017316
0,16017316017316
Gen 28
0,16017316017316
0,16017316017316
0,16017316017316
0,16017316017316
0,16017316017316
0,16017316017316
0,16017316017316
0,16017316017316
0,16017316017316
0,16017316017316
0,16017316017316
0,16017316017316
0,16017316017316
0,16017316017316
0,16017316017316
0,16017316017316
0,16017316017316
0,16017316017316
0,16017316017316
0,16017316017316
Gen 29
0,16017316017316
0,16017316017316
0,16017316017316
0,16017316017316
0,16017316017316
0,16017316017316
0,16017316017316
0,16017316017316
0,16017316017316
0,16017316017316
0,16017316017316
0,16017316017316
0,16017316017316
0,16017316017316
0,16017316017316
0,16017316017316
0,16017316017316
0,151515151515152
0,0173913043478261
0
Gen 30
0,16017316017316
0,16017316017316
0,16017316017316
0,16017316017316
0,16017316017316
0,16017316017316
0,16017316017316
0,16017316017316
0,16017316017316
0,16017316017316
0,16017316017316
0,16017316017316
0,16017316017316
0,16017316017316
0,16017316017316
0,16017316017316
0,16017316017316
0,16017316017316
0,16017316017316
0,16017316017316
Gen 31
0,16017316017316
0,16017316017316
0,16017316017316
0,16017316017316
0,16017316017316
0,16017316017316
0,16017316017316
0,16017316017316
0,16017316017316
0,16017316017316
0,16017316017316
0,16017316017316
0,16017316017316
0,16017316017316
0,16017316017316
0,16017316017316
0,16017316017316
0,16017316017316
0,16017316017316
0,16017316017316
Gen 32
0,168831168831169
0,16017316017316
0,16017316017316
0,16017316017316
0,16017316017316
0,16017316017316
0,16017316017316
0,16017316017316
0,16017316017316
0,16017316017316
0,16017316017316
0,16017316017316
0,16017316017316
0,16017316017316
0,16017316017316
0,16017316017316
0,16017316017316
0,16017316017316
0,16017316017316
0
Gen 33
0,168831168831169
0,168831168831169
0,168831168831169
0,168831168831169
0,168831168831169
0,168831168831169
0,168831168831169
0,168831168831169
0,168831168831169
0,16017316017316
0,16017316017316
0,16017316017316
0,16017316017316
0,16017316017316
0,16017316017316
0,16017316017316
0,16017316017316
0,16017316017316
0,16017316017316
0,134199134199134
Gen 34
0,168831168831169
0,168831168831169
0,168831168831169
0,168831168831169
0,168831168831169
0,168831168831169
0,168831168831169
0,168831168831169
0,168831168831169
0,168831168831169
0,168831168831169
0,168831168831169
0,168831168831169
0,168831168831169
0,168831168831169
0,168831168831169
0,168831168831169
0,168831168831169
0,168831168831169
0,168831168831169
Gen 35
0,168831168831169
0,168831168831169
0,168831168831169
0,168831168831169
0,168831168831169
0,168831168831169
0,168831168831169
0,168831168831169
0,168831168831169
0,168831168831169
0,168831168831169
0,168831168831169
0,168831168831169
0,168831168831169
0,168831168831169
0,168831168831169
0,168831168831169
0,168831168831169
0,168831168831169
0,16017316017316
Gen 36
0,168831168831169
0,168831168831169
0,168831168831169
0,168831168831169
0,168831168831169
0,168831168831169
0,168831168831169
0,168831168831169
0,168831168831169
0,168831168831169
0,168831168831169
0,168831168831169
0,168831168831169
0,168831168831169
0,168831168831169
0,168831168831169
0,168831168831169
0,16017316017316
0,151515151515152
0
Gen 37
0,168831168831169
0,168831168831169
0,168831168831169
0,168831168831169
0,168831168831169
0,168831168831169
0,168831168831169
0,168831168831169
0,168831168831169
0,168831168831169
0,168831168831169
0,168831168831169
0,168831168831169
0,168831168831169
0,168831168831169
0,168831168831169
0,168831168831169
0,168831168831169
0,168831168831169
0,168831168831169
Gen 38
0,168831168831169
0,168831168831169
0,168831168831169
0,168831168831169
0,168831168831169
0,168831168831169
0,168831168831169
0,168831168831169
0,168831168831169
0,168831168831169
0,168831168831169
0,168831168831169
0,168831168831169
0,168831168831169
0,168831168831169
0,168831168831169
0,168831168831169
0,168831168831169
0,168831168831169
0,168831168831169
Gen 39
0,168831168831169
0,168831168831169
0,168831168831169
0,168831168831169
0,168831168831169
0,168831168831169
0,168831168831169
0,168831168831169
0,168831168831169
0,168831168831169
0,168831168831169
0,168831168831169
0,168831168831169
0,168831168831169
0,168831168831169
0,168831168831169
0,168831168831169
0,168831168831169
0,168831168831169
0
Gen 40
0,168831168831169
0,168831168831169
0,168831168831169
0,168831168831169
0,168831168831169
0,168831168831169
0,168831168831169
0,168831168831169
0,168831168831169
0,168831168831169
0,168831168831169
0,168831168831169
0,168831168831169
0,168831168831169
0,168831168831169
0,168831168831169
0,168831168831169
0,168831168831169
0,168831168831169
0,150724637681159
Gen 41
0,168831168831169
0,168831168831169
0,168831168831169
0,168831168831169
0,168831168831169
0,168831168831169
0,168831168831169
0,168831168831169
0,168831168831169
0,168831168831169
0,168831168831169
0,168831168831169
0,168831168831169
0,168831168831169
0,168831168831169
0,168831168831169
0,168831168831169
0,168831168831169
0,168831168831169
0,168831168831169
Gen 42
0,168831168831169
0,168831168831169
0,168831168831169
0,168831168831169
0,168831168831169
0,168831168831169
0,168831168831169
0,168831168831169
0,168831168831169
0,168831168831169
0,168831168831169
0,168831168831169
0,168831168831169
0,168831168831169
0,168831168831169
0,168831168831169
0,168831168831169
0,168831168831169
0,168831168831169
0,151515151515152
Gen 43
0,168831168831169
0,168831168831169
0,168831168831169
0,168831168831169
0,168831168831169
0,168831168831169
0,168831168831169
0,168831168831169
0,168831168831169
0,168831168831169
0,168831168831169
0,168831168831169
0,168831168831169
0,168831168831169
0,168831168831169
0,168831168831169
0,168831168831169
0,168831168831169
0,168831168831169
0,16017316017316
Gen 44
0,168831168831169
0,168831168831169
0,168831168831169
0,168831168831169
0,168831168831169
0,168831168831169
0,168831168831169
0,168831168831169
0,168831168831169
0,168831168831169
0,168831168831169
0,168831168831169
0,168831168831169
0,168831168831169
0,168831168831169
0,168831168831169
0,168831168831169
0,168831168831169
0,168831168831169
0,0822510822510823
Gen 45
0,168831168831169
0,168831168831169
0,168831168831169
0,168831168831169
0,168831168831169
0,168831168831169
0,168831168831169
0,168831168831169
0,168831168831169
0,168831168831169
0,168831168831169
0,168831168831169
0,168831168831169
0,168831168831169
0,168831168831169
0,168831168831169
0,168831168831169
0,168831168831169
0,116883116883117
0
Gen 46
0,168831168831169
0,168831168831169
0,168831168831169
0,168831168831169
0,168831168831169
0,168831168831169
0,168831168831169
0,168831168831169
0,168831168831169
0,168831168831169
0,168831168831169
0,168831168831169
0,168831168831169
0,168831168831169
0,168831168831169
0,168831168831169
0,168831168831169
0,168831168831169
0,168831168831169
0,168831168831169
Gen 47
0,168831168831169
0,168831168831169
0,168831168831169
0,168831168831169
0,168831168831169
0,168831168831169
0,168831168831169
0,168831168831169
0,168831168831169
0,168831168831169
0,168831168831169
0,168831168831169
0,168831168831169
0,168831168831169
0,168831168831169
0,168831168831169
0,168831168831169
0,168831168831169
0,168831168831169
0,168831168831169
Gen 48
0,168831168831169
0,168831168831169
0,168831168831169
0,168831168831169
0,168831168831169
0,168831168831169
0,168831168831169
0,168831168831169
0,168831168831169
0,168831168831169
0,168831168831169
0,168831168831169
0,168831168831169
0,168831168831169
0,168831168831169
0,168831168831169
0,168831168831169
0,168831168831169
0,168831168831169
0,168831168831169
Gen 49
0,168831168831169
0,168831168831169
0,168831168831169
0,168831168831169
0,168831168831169
0,168831168831169
0,168831168831169
0,168831168831169
0,168831168831169
0,168831168831169
0,168831168831169
0,168831168831169
0,168831168831169
0,168831168831169
0,168831168831169
0,168831168831169
0,168831168831169
0,168831168831169
0,168831168831169
0,168831168831169
Gen 50
0,168831168831169
0,168831168831169
0,168831168831169
0,168831168831169
0,168831168831169
0,168831168831169
0,168831168831169
0,168831168831169
0,168831168831169
0,168831168831169
0,168831168831169
0,168831168831169
0,168831168831169
0,168831168831169
0,168831168831169
0,168831168831169
0,168831168831169
0,168831168831169
0,00579710144927536
0
Gen 51
0,168831168831169
0,168831168831169
0,168831168831169
0,168831168831169
0,168831168831169
0,168831168831169
0,168831168831169
0,168831168831169
0,168831168831169
0,168831168831169
0,168831168831169
0,168831168831169
0,168831168831169
0,168831168831169
0,168831168831169
0,168831168831169
0,168831168831169
0,168831168831169
0,168831168831169
0,0396135265700483
Gen 52
0,168831168831169
0,168831168831169
0,168831168831169
0,168831168831169
0,168831168831169
0,168831168831169
0,168831168831169
0,168831168831169
0,168831168831169
0,168831168831169
0,168831168831169
0,168831168831169
0,168831168831169
0,168831168831169
0,168831168831169
0,168831168831169
0,168831168831169
0,168831168831169
0,168831168831169
0,168831168831169
Gen 53
0,168831168831169
0,168831168831169
0,168831168831169
0,168831168831169
0,168831168831169
0,168831168831169
0,168831168831169
0,168831168831169
0,168831168831169
0,168831168831169
0,168831168831169
0,168831168831169
0,168831168831169
0,168831168831169
0,168831168831169
0,168831168831169
0,168831168831169
0,168831168831169
0,168831168831169
0,168831168831169
Gen 54
0,203463203463203
0,168831168831169
0,168831168831169
0,168831168831169
0,168831168831169
0,168831168831169
0,168831168831169
0,168831168831169
0,168831168831169
0,168831168831169
0,168831168831169
0,168831168831169
0,168831168831169
0,168831168831169
0,168831168831169
0,168831168831169
0,168831168831169
0,168831168831169
0,168831168831169
0,168831168831169
Gen 55
0,203463203463203
0,203463203463203
0,203463203463203
0,203463203463203
0,203463203463203
0,203463203463203
0,203463203463203
0,203463203463203
0,203463203463203
0,203463203463203
0,168831168831169
0,168831168831169
0,168831168831169
0,168831168831169
0,168831168831169
0,168831168831169
0,168831168831169
0,168831168831169
0,168831168831169
0
Gen 56
0,203463203463203
0,203463203463203
0,203463203463203
0,203463203463203
0,203463203463203
0,203463203463203
0,203463203463203
0,203463203463203
0,203463203463203
0,203463203463203
0,203463203463203
0,203463203463203
0,203463203463203
0,203463203463203
0,203463203463203
0,203463203463203
0,203463203463203
0,203463203463203
0,203463203463203
0,151515151515152
Gen 57
0,203463203463203
0,203463203463203
0,203463203463203
0,203463203463203
0,203463203463203
0,203463203463203
0,203463203463203
0,203463203463203
0,203463203463203
0,203463203463203
0,203463203463203
0,203463203463203
0,203463203463203
0,203463203463203
0,203463203463203
0,203463203463203
0,203463203463203
0,203463203463203
0,203463203463203
0,203463203463203
Gen 58
0,203463203463203
0,203463203463203
0,203463203463203
0,203463203463203
0,203463203463203
0,203463203463203
0,203463203463203
0,203463203463203
0,203463203463203
0,203463203463203
0,203463203463203
0,203463203463203
0,203463203463203
0,203463203463203
0,203463203463203
0,203463203463203
0,203463203463203
0,12987012987013
0
0
Gen 59
0,203463203463203
0,203463203463203
0,203463203463203
0,203463203463203
0,203463203463203
0,203463203463203
0,203463203463203
0,203463203463203
0,203463203463203
0,203463203463203
0,203463203463203
0,203463203463203
0,203463203463203
0,203463203463203
0,203463203463203
0,203463203463203
0,203463203463203
0,172946859903382
0,168831168831169
0
Gen 60
0,203463203463203
0,203463203463203
0,203463203463203
0,203463203463203
0,203463203463203
0,203463203463203
0,203463203463203
0,203463203463203
0,203463203463203
0,203463203463203
0,203463203463203
0,203463203463203
0,203463203463203
0,203463203463203
0,203463203463203
0,203463203463203
0,203463203463203
0,203463203463203
0,203463203463203
0,203463203463203
Gen 61
0,203463203463203
0,203463203463203
0,203463203463203
0,203463203463203
0,203463203463203
0,203463203463203
0,203463203463203
0,203463203463203
0,203463203463203
0,203463203463203
0,203463203463203
0,203463203463203
0,203463203463203
0,203463203463203
0,203463203463203
0,203463203463203
0,203463203463203
0,203463203463203
0,203463203463203
0,168831168831169
Gen 62
0,203463203463203
0,203463203463203
0,203463203463203
0,203463203463203
0,203463203463203
0,203463203463203
0,203463203463203
0,203463203463203
0,203463203463203
0,203463203463203
0,203463203463203
0,203463203463203
0,203463203463203
0,203463203463203
0,203463203463203
0,203463203463203
0,203463203463203
0,203463203463203
0,203463203463203
0
Gen 63
0,203463203463203
0,203463203463203
0,203463203463203
0,203463203463203
0,203463203463203
0,203463203463203
0,203463203463203
0,203463203463203
0,203463203463203
0,203463203463203
0,203463203463203
0,203463203463203
0,203463203463203
0,203463203463203
0,203463203463203
0,203463203463203
0,203463203463203
0,203463203463203
0,203463203463203
0,16017316017316
Gen 64
0,203463203463203
0,203463203463203
0,203463203463203
0,203463203463203
0,203463203463203
0,203463203463203
0,203463203463203
0,203463203463203
0,203463203463203
0,203463203463203
0,203463203463203
0,203463203463203
0,203463203463203
0,203463203463203
0,203463203463203
0,203463203463203
0,203463203463203
0,203463203463203
0,203463203463203
0,203463203463203
Gen 65
0,203463203463203
0,203463203463203
0,203463203463203
0,203463203463203
0,203463203463203
0,203463203463203
0,203463203463203
0,203463203463203
0,203463203463203
0,203463203463203
0,203463203463203
0,203463203463203
0,203463203463203
0,203463203463203
0,203463203463203
0,203463203463203
0,203463203463203
0,203463203463203
0,203463203463203
0,144927536231884
Gen 66
0,203463203463203
0,203463203463203
0,203463203463203
0,203463203463203
0,203463203463203
0,203463203463203
0,203463203463203
0,203463203463203
0,203463203463203
0,203463203463203
0,203463203463203
0,203463203463203
0,203463203463203
0,203463203463203
0,203463203463203
0,203463203463203
0,203463203463203
0,203463203463203
0,203463203463203
0,144927536231884
Gen 67
0,203463203463203
0,203463203463203
0,203463203463203
0,203463203463203
0,203463203463203
0,203463203463203
0,203463203463203
0,203463203463203
0,203463203463203
0,203463203463203
0,203463203463203
0,203463203463203
0,203463203463203
0,203463203463203
0,203463203463203
0,203463203463203
0,203463203463203
0,203463203463203
0,203463203463203
0,172946859903382
Gen 68
0,203463203463203
0,203463203463203
0,203463203463203
0,203463203463203
0,203463203463203
0,203463203463203
0,203463203463203
0,203463203463203
0,203463203463203
0,203463203463203
0,203463203463203
0,203463203463203
0,203463203463203
0,203463203463203
0,203463203463203
0,203463203463203
0,203463203463203
0,16017316017316
0
0
Gen 69
0,236714975845411
0,203463203463203
0,203463203463203
0,203463203463203
0,203463203463203
0,203463203463203
0,203463203463203
0,203463203463203
0,203463203463203
0,203463203463203
0,203463203463203
0,203463203463203
0,203463203463203
0,203463203463203
0,203463203463203
0,203463203463203
0,203463203463203
0,203463203463203
0,203463203463203
0,16017316017316
Gen 70
0,236714975845411
0,236714975845411
0,236714975845411
0,236714975845411
0,236714975845411
0,236714975845411
0,203463203463203
0,203463203463203
0,203463203463203
0,203463203463203
0,203463203463203
0,203463203463203
0,203463203463203
0,203463203463203
0,203463203463203
0,203463203463203
0,203463203463203
0,203463203463203
0,144927536231884
0,132367149758454
Gen 71
0,236714975845411
0,236714975845411
0,236714975845411
0,236714975845411
0,236714975845411
0,236714975845411
0,236714975845411
0,236714975845411
0,236714975845411
0,236714975845411
0,236714975845411
0,236714975845411
0,236714975845411
0,236714975845411
0,236714975845411
0,236714975845411
0,236714975845411
0,236714975845411
0,236714975845411
0,236714975845411
Gen 72
0,236714975845411
0,236714975845411
0,236714975845411
0,236714975845411
0,236714975845411
0,236714975845411
0,236714975845411
0,236714975845411
0,236714975845411
0,236714975845411
0,236714975845411
0,236714975845411
0,236714975845411
0,236714975845411
0,236714975845411
0,236714975845411
0,168831168831169
0,158454106280193
0,132367149758454
0
Gen 73
0,236714975845411
0,236714975845411
0,236714975845411
0,236714975845411
0,236714975845411
0,236714975845411
0,236714975845411
0,236714975845411
0,236714975845411
0,236714975845411
0,236714975845411
0,236714975845411
0,236714975845411
0,236714975845411
0,236714975845411
0,236714975845411
0,236714975845411
0,236714975845411
0,236714975845411
0,236714975845411
Gen 74
0,236714975845411
0,236714975845411
0,236714975845411
0,236714975845411
0,236714975845411
0,236714975845411
0,236714975845411
0,236714975845411
0,236714975845411
0,236714975845411
0,236714975845411
0,236714975845411
0,236714975845411
0,236714975845411
0,236714975845411
0,236714975845411
0,236714975845411
0,236714975845411
0,207792207792208
0,103896103896104
Gen 75
0,236714975845411
0,236714975845411
0,236714975845411
0,236714975845411
0,236714975845411
0,236714975845411
0,236714975845411
0,236714975845411
0,236714975845411
0,236714975845411
0,236714975845411
0,236714975845411
0,236714975845411
0,236714975845411
0,236714975845411
0,236714975845411
0,236714975845411
0,236714975845411
0,155844155844156
0
Gen 76
0,236714975845411
0,236714975845411
0,236714975845411
0,236714975845411
0,236714975845411
0,236714975845411
0,236714975845411
0,236714975845411
0,236714975845411
0,236714975845411
0,236714975845411
0,236714975845411
0,236714975845411
0,236714975845411
0,236714975845411
0,236714975845411
0,236714975845411
0,236714975845411
0,236714975845411
0
Gen 77
0,236714975845411
0,236714975845411
0,236714975845411
0,236714975845411
0,236714975845411
0,236714975845411
0,236714975845411
0,236714975845411
0,236714975845411
0,236714975845411
0,236714975845411
0,236714975845411
0,236714975845411
0,236714975845411
0,236714975845411
0,236714975845411
0,236714975845411
0,236714975845411
0,236714975845411
0,103896103896104
Gen 78
0,236714975845411
0,236714975845411
0,236714975845411
0,236714975845411
0,236714975845411
0,236714975845411
0,236714975845411
0,236714975845411
0,236714975845411
0,236714975845411
0,236714975845411
0,236714975845411
0,236714975845411
0,236714975845411
0,236714975845411
0,236714975845411
0,236714975845411
0,236714975845411
0,236714975845411
0,236714975845411
Gen 79
0,236714975845411
0,236714975845411
0,236714975845411
0,236714975845411
0,236714975845411
0,236714975845411
0,236714975845411
0,236714975845411
0,236714975845411
0,236714975845411
0,236714975845411
0,236714975845411
0,236714975845411
0,236714975845411
0,236714975845411
0,236714975845411
0,236714975845411
0,236714975845411
0,236714975845411
0,236714975845411
Gen 80
0,236714975845411
0,236714975845411
0,236714975845411
0,236714975845411
0,236714975845411
0,236714975845411
0,236714975845411
0,236714975845411
0,236714975845411
0,236714975845411
0,236714975845411
0,236714975845411
0,236714975845411
0,236714975845411
0,236714975845411
0,236714975845411
0,236714975845411
0,236714975845411
0,236714975845411
0,236714975845411
Gen 81
0,236714975845411
0,236714975845411
0,236714975845411
0,236714975845411
0,236714975845411
0,236714975845411
0,236714975845411
0,236714975845411
0,236714975845411
0,236714975845411
0,236714975845411
0,236714975845411
0,236714975845411
0,236714975845411
0,236714975845411
0,236714975845411
0,236714975845411
0,236714975845411
0,236714975845411
0,236714975845411
Gen 82
0,236714975845411
0,236714975845411
0,236714975845411
0,236714975845411
0,236714975845411
0,236714975845411
0,236714975845411
0,236714975845411
0,236714975845411
0,236714975845411
0,236714975845411
0,236714975845411
0,236714975845411
0,236714975845411
0,236714975845411
0,236714975845411
0,236714975845411
0,236714975845411
0,236714975845411
0,236714975845411
Gen 83
0,236714975845411
0,236714975845411
0,236714975845411
0,236714975845411
0,236714975845411
0,236714975845411
0,236714975845411
0,236714975845411
0,236714975845411
0,236714975845411
0,236714975845411
0,236714975845411
0,236714975845411
0,236714975845411
0,236714975845411
0,236714975845411
0,236714975845411
0,236714975845411
0,236714975845411
0,236714975845411
Gen 84
0,236714975845411
0,236714975845411
0,236714975845411
0,236714975845411
0,236714975845411
0,236714975845411
0,236714975845411
0,236714975845411
0,236714975845411
0,236714975845411
0,236714975845411
0,236714975845411
0,236714975845411
0,236714975845411
0,236714975845411
0,236714975845411
0,236714975845411
0,236714975845411
0,177489177489178
0,0822510822510823
Gen 85
0,236714975845411
0,236714975845411
0,236714975845411
0,236714975845411
0,236714975845411
0,236714975845411
0,236714975845411
0,236714975845411
0,236714975845411
0,236714975845411
0,236714975845411
0,236714975845411
0,236714975845411
0,236714975845411
0,236714975845411
0,236714975845411
0,236714975845411
0,236714975845411
0,236714975845411
0,236714975845411
Gen 86
0,236714975845411
0,236714975845411
0,236714975845411
0,236714975845411
0,236714975845411
0,236714975845411
0,236714975845411
0,236714975845411
0,236714975845411
0,236714975845411
0,236714975845411
0,236714975845411
0,236714975845411
0,236714975845411
0,236714975845411
0,236714975845411
0,236714975845411
0,236714975845411
0,236714975845411
0,236714975845411
Gen 87
0,236714975845411
0,236714975845411
0,236714975845411
0,236714975845411
0,236714975845411
0,236714975845411
0,236714975845411
0,236714975845411
0,236714975845411
0,236714975845411
0,236714975845411
0,236714975845411
0,236714975845411
0,236714975845411
0,236714975845411
0,236714975845411
0,236714975845411
0,236714975845411
0,236714975845411
0,116883116883117
Gen 88
0,236714975845411
0,236714975845411
0,236714975845411
0,236714975845411
0,236714975845411
0,236714975845411
0,236714975845411
0,236714975845411
0,236714975845411
0,236714975845411
0,236714975845411
0,236714975845411
0,236714975845411
0,236714975845411
0,236714975845411
0,236714975845411
0,236714975845411
0,236714975845411
0,236714975845411
0
Gen 89
0,236714975845411
0,236714975845411
0,236714975845411
0,236714975845411
0,236714975845411
0,236714975845411
0,236714975845411
0,236714975845411
0,236714975845411
0,236714975845411
0,236714975845411
0,236714975845411
0,236714975845411
0,236714975845411
0,236714975845411
0,236714975845411
0,236714975845411
0,236714975845411
0,236714975845411
0,116883116883117
Gen 90
0,236714975845411
0,236714975845411
0,236714975845411
0,236714975845411
0,236714975845411
0,236714975845411
0,236714975845411
0,236714975845411
0,236714975845411
0,236714975845411
0,236714975845411
0,236714975845411
0,236714975845411
0,236714975845411
0,236714975845411
0,236714975845411
0,236714975845411
0,236714975845411
0,236714975845411
0,236714975845411
Gen 91
0,23768115942029
0,236714975845411
0,236714975845411
0,236714975845411
0,236714975845411
0,236714975845411
0,236714975845411
0,236714975845411
0,236714975845411
0,236714975845411
0,236714975845411
0,236714975845411
0,236714975845411
0,236714975845411
0,236714975845411
0,236714975845411
0,236714975845411
0,236714975845411
0,236714975845411
0,236714975845411
Gen 92
0,23768115942029
0,23768115942029
0,23768115942029
0,23768115942029
0,23768115942029
0,23768115942029
0,23768115942029
0,236714975845411
0,236714975845411
0,236714975845411
0,236714975845411
0,236714975845411
0,236714975845411
0,236714975845411
0,236714975845411
0,236714975845411
0,236714975845411
0,183574879227053
0,177489177489178
0,116883116883117
Gen 93
0,23768115942029
0,23768115942029
0,23768115942029
0,23768115942029
0,23768115942029
0,23768115942029
0,23768115942029
0,23768115942029
0,23768115942029
0,23768115942029
0,23768115942029
0,23768115942029
0,23768115942029
0,23768115942029
0,23768115942029
0,23768115942029
0,23768115942029
0,23768115942029
0,23768115942029
0,23768115942029
Gen 94
0,23768115942029
0,23768115942029
0,23768115942029
0,23768115942029
0,23768115942029
0,23768115942029
0,23768115942029
0,23768115942029
0,23768115942029
0,23768115942029
0,23768115942029
0,23768115942029
0,23768115942029
0,23768115942029
0,23768115942029
0,23768115942029
0,23768115942029
0,23768115942029
0,23768115942029
0,23768115942029
Gen 95
0,23768115942029
0,23768115942029
0,23768115942029
0,23768115942029
0,23768115942029
0,23768115942029
0,23768115942029
0,23768115942029
0,23768115942029
0,23768115942029
0,23768115942029
0,23768115942029
0,23768115942029
0,23768115942029
0,23768115942029
0,23768115942029
0,156521739130435
0,103896103896104
0,0822510822510823
0
Gen 96
0,23768115942029
0,23768115942029
0,23768115942029
0,23768115942029
0,23768115942029
0,23768115942029
0,23768115942029
0,23768115942029
0,23768115942029
0,23768115942029
0,23768115942029
0,23768115942029
0,23768115942029
0,23768115942029
0,23768115942029
0,23768115942029
0,23768115942029
0,23768115942029
0,23768115942029
0,23768115942029
Gen 97
0,23768115942029
0,23768115942029
0,23768115942029
0,23768115942029
0,23768115942029
0,23768115942029
0,23768115942029
0,23768115942029
0,23768115942029
0,23768115942029
0,23768115942029
0,23768115942029
0,23768115942029
0,23768115942029
0,23768115942029
0,23768115942029
0,23768115942029
0,23768115942029
0,203463203463203
0,103896103896104
Gen 98
0,23768115942029
0,23768115942029
0,23768115942029
0,23768115942029
0,23768115942029
0,23768115942029
0,23768115942029
0,23768115942029
0,23768115942029
0,23768115942029
0,23768115942029
0,23768115942029
0,23768115942029
0,23768115942029
0,23768115942029
0,23768115942029
0,23768115942029
0,23768115942029
0,23768115942029
0,23768115942029
Gen 99
0,23768115942029
0,23768115942029
0,23768115942029
0,23768115942029
0,23768115942029
0,23768115942029
0,23768115942029
0,23768115942029
0,23768115942029
0,23768115942029
0,23768115942029
0,23768115942029
0,23768115942029
0,23768115942029
0,23768115942029
0,23768115942029
0,23768115942029
0,23768115942029
0,23768115942029
0,150724637681159
Gen 100
0,23768115942029
0,23768115942029
0,23768115942029
0,23768115942029
0,23768115942029
0,23768115942029
0,23768115942029
0,23768115942029
0,23768115942029
0,23768115942029
0,23768115942029
0,23768115942029
0,23768115942029
0,23768115942029
0,23768115942029
0,23768115942029
0,23768115942029
0,23768115942029
0
0
Gen 101
0,23768115942029
0,23768115942029
0,23768115942029
0,23768115942029
0,23768115942029
0,23768115942029
0,23768115942029
0,23768115942029
0,23768115942029
0,23768115942029
0,23768115942029
0,23768115942029
0,23768115942029
0,23768115942029
0,23768115942029
0,23768115942029
0,23768115942029
0,23768115942029
0,23768115942029
0,150724637681159
Gen 102
0,23768115942029
0,23768115942029
0,23768115942029
0,23768115942029
0,23768115942029
0,23768115942029
0,23768115942029
0,23768115942029
0,23768115942029
0,23768115942029
0,23768115942029
0,23768115942029
0,23768115942029
0,23768115942029
0,23768115942029
0,23768115942029
0,23768115942029
0,23768115942029
0,23768115942029
0
Gen 103
0,23768115942029
0,23768115942029
0,23768115942029
0,23768115942029
0,23768115942029
0,23768115942029
0,23768115942029
0,23768115942029
0,23768115942029
0,23768115942029
0,23768115942029
0,23768115942029
0,23768115942029
0,23768115942029
0,23768115942029
0,23768115942029
0,23768115942029
0,23768115942029
0,23768115942029
0,23768115942029
Gen 104
0,23768115942029
0,23768115942029
0,23768115942029
0,23768115942029
0,23768115942029
0,23768115942029
0,23768115942029
0,23768115942029
0,23768115942029
0,23768115942029
0,23768115942029
0,23768115942029
0,23768115942029
0,23768115942029
0,23768115942029
0,23768115942029
0,23768115942029
0,183574879227053
0,103896103896104
0
Gen 105
0,23768115942029
0,23768115942029
0,23768115942029
0,23768115942029
0,23768115942029
0,23768115942029
0,23768115942029
0,23768115942029
0,23768115942029
0,23768115942029
0,23768115942029
0,23768115942029
0,23768115942029
0,23768115942029
0,23768115942029
0,23768115942029
0,23768115942029
0,23768115942029
0,23768115942029
0,23768115942029
Gen 106
0,23768115942029
0,23768115942029
0,23768115942029
0,23768115942029
0,23768115942029
0,23768115942029
0,23768115942029
0,23768115942029
0,23768115942029
0,23768115942029
0,23768115942029
0,23768115942029
0,23768115942029
0,23768115942029
0,23768115942029
0,23768115942029
0,23768115942029
0,23768115942029
0,23768115942029
0
Gen 107
0,23768115942029
0,23768115942029
0,23768115942029
0,23768115942029
0,23768115942029
0,23768115942029
0,23768115942029
0,23768115942029
0,23768115942029
0,23768115942029
0,23768115942029
0,23768115942029
0,23768115942029
0,23768115942029
0,23768115942029
0,23768115942029
0,23768115942029
0,23768115942029
0,23768115942029
0,23768115942029
Gen 108
0,23768115942029
0,23768115942029
0,23768115942029
0,23768115942029
0,23768115942029
0,23768115942029
0,23768115942029
0,23768115942029
0,23768115942029
0,23768115942029
0,23768115942029
0,23768115942029
0,23768115942029
0,23768115942029
0,23768115942029
0,23768115942029
0,23768115942029
0,0995670995670996
0,00289855072463768
0
Gen 109
0,23768115942029
0,23768115942029
0,23768115942029
0,23768115942029
0,23768115942029
0,23768115942029
0,23768115942029
0,23768115942029
0,23768115942029
0,23768115942029
0,23768115942029
0,23768115942029
0,23768115942029
0,23768115942029
0,23768115942029
0,23768115942029
0,23768115942029
0,23768115942029
0,23768115942029
0,23768115942029
Gen 110
0,23768115942029
0,23768115942029
0,23768115942029
0,23768115942029
0,23768115942029
0,23768115942029
0,23768115942029
0,23768115942029
0,23768115942029
0,23768115942029
0,23768115942029
0,23768115942029
0,23768115942029
0,23768115942029
0,23768115942029
0,23768115942029
0,23768115942029
0,177489177489178
0,116883116883117
0,103896103896104
Gen 111
0,23768115942029
0,23768115942029
0,23768115942029
0,23768115942029
0,23768115942029
0,23768115942029
0,23768115942029
0,23768115942029
0,23768115942029
0,23768115942029
0,23768115942029
0,23768115942029
0,23768115942029
0,23768115942029
0,23768115942029
0,23768115942029
0,23768115942029
0,112554112554113
0,103896103896104
0
Gen 112
0,23768115942029
0,23768115942029
0,23768115942029
0,23768115942029
0,23768115942029
0,23768115942029
0,23768115942029
0,23768115942029
0,23768115942029
0,23768115942029
0,23768115942029
0,23768115942029
0,23768115942029
0,23768115942029
0,23768115942029
0,23768115942029
0,23768115942029
0,23768115942029
0,168831168831169
0
Gen 113
0,23768115942029
0,23768115942029
0,23768115942029
0,23768115942029
0,23768115942029
0,23768115942029
0,23768115942029
0,23768115942029
0,23768115942029
0,23768115942029
0,23768115942029
0,23768115942029
0,23768115942029
0,23768115942029
0,23768115942029
0,23768115942029
0,23768115942029
0,23768115942029
0,23768115942029
0
Gen 114
0,23768115942029
0,23768115942029
0,23768115942029
0,23768115942029
0,23768115942029
0,23768115942029
0,23768115942029
0,23768115942029
0,23768115942029
0,23768115942029
0,23768115942029
0,23768115942029
0,23768115942029
0,23768115942029
0,23768115942029
0,23768115942029
0,23768115942029
0,23768115942029
0,150724637681159
0
Gen 115
0,23768115942029
0,23768115942029
0,23768115942029
0,23768115942029
0,23768115942029
0,23768115942029
0,23768115942029
0,23768115942029
0,23768115942029
0,23768115942029
0,23768115942029
0,23768115942029
0,23768115942029
0,23768115942029
0,23768115942029
0,23768115942029
0,23768115942029
0,23768115942029
0,23768115942029
0,23768115942029
Gen 116
0,23768115942029
0,23768115942029
0,23768115942029
0,23768115942029
0,23768115942029
0,23768115942029
0,23768115942029
0,23768115942029
0,23768115942029
0,23768115942029
0,23768115942029
0,23768115942029
0,23768115942029
0,23768115942029
0,23768115942029
0,23768115942029
0,23768115942029
0,23768115942029
0,23768115942029
0,103896103896104
Gen 117
0,23768115942029
0,23768115942029
0,23768115942029
0,23768115942029
0,23768115942029
0,23768115942029
0,23768115942029
0,23768115942029
0,23768115942029
0,23768115942029
0,23768115942029
0,23768115942029
0,23768115942029
0,23768115942029
0,23768115942029
0,23768115942029
0,207792207792208
0,168831168831169
0,168831168831169
0,0779220779220779
Gen 118
0,23768115942029
0,23768115942029
0,23768115942029
0,23768115942029
0,23768115942029
0,23768115942029
0,23768115942029
0,23768115942029
0,23768115942029
0,23768115942029
0,23768115942029
0,23768115942029
0,23768115942029
0,23768115942029
0,23768115942029
0,23768115942029
0,23768115942029
0,116883116883117
0,0995670995670996
0,0396135265700483
Gen 119
0,23768115942029
0,23768115942029
0,23768115942029
0,23768115942029
0,23768115942029
0,23768115942029
0,23768115942029
0,23768115942029
0,23768115942029
0,23768115942029
0,23768115942029
0,23768115942029
0,23768115942029
0,23768115942029
0,23768115942029
0,23768115942029
0,23768115942029
0,23768115942029
0,115942028985507
0,0822510822510823
Gen 120
0,23768115942029
0,23768115942029
0,23768115942029
0,23768115942029
0,23768115942029
0,23768115942029
0,23768115942029
0,23768115942029
0,23768115942029
0,23768115942029
0,23768115942029
0,23768115942029
0,23768115942029
0,23768115942029
0,23768115942029
0,23768115942029
0,23768115942029
0,23768115942029
0,23768115942029
0,23768115942029
Gen 121
0,23768115942029
0,23768115942029
0,23768115942029
0,23768115942029
0,23768115942029
0,23768115942029
0,23768115942029
0,23768115942029
0,23768115942029
0,23768115942029
0,23768115942029
0,23768115942029
0,23768115942029
0,23768115942029
0,23768115942029
0,23768115942029
0,23768115942029
0,23768115942029
0,23768115942029
0,23768115942029
Gen 122
0,23768115942029
0,23768115942029
0,23768115942029
0,23768115942029
0,23768115942029
0,23768115942029
0,23768115942029
0,23768115942029
0,23768115942029
0,23768115942029
0,23768115942029
0,23768115942029
0,23768115942029
0,23768115942029
0,23768115942029
0,23768115942029
0,23768115942029
0,23768115942029
0,23768115942029
0,23768115942029
Gen 123
0,23768115942029
0,23768115942029
0,23768115942029
0,23768115942029
0,23768115942029
0,23768115942029
0,23768115942029
0,23768115942029
0,23768115942029
0,23768115942029
0,23768115942029
0,23768115942029
0,23768115942029
0,23768115942029
0,23768115942029
0,23768115942029
0,23768115942029
0,23768115942029
0,177489177489178
0
Gen 124
0,23768115942029
0,23768115942029
0,23768115942029
0,23768115942029
0,23768115942029
0,23768115942029
0,23768115942029
0,23768115942029
0,23768115942029
0,23768115942029
0,23768115942029
0,23768115942029
0,23768115942029
0,23768115942029
0,23768115942029
0,23768115942029
0,23768115942029
0,23768115942029
0,23768115942029
0,23768115942029
Gen 125
0,23768115942029
0,23768115942029
0,23768115942029
0,23768115942029
0,23768115942029
0,23768115942029
0,23768115942029
0,23768115942029
0,23768115942029
0,23768115942029
0,23768115942029
0,23768115942029
0,23768115942029
0,23768115942029
0,23768115942029
0,23768115942029
0,23768115942029
0,23768115942029
0,23768115942029
0
Gen 126
0,308212560386473
0,23768115942029
0,23768115942029
0,23768115942029
0,23768115942029
0,23768115942029
0,23768115942029
0,23768115942029
0,23768115942029
0,23768115942029
0,23768115942029
0,23768115942029
0,23768115942029
0,23768115942029
0,23768115942029
0,23768115942029
0,23768115942029
0,23768115942029
0,23768115942029
0,177489177489178
Gen 127
0,308212560386473
0,308212560386473
0,308212560386473
0,308212560386473
0,308212560386473
0,308212560386473
0,308212560386473
0,23768115942029
0,23768115942029
0,23768115942029
0,23768115942029
0,23768115942029
0,23768115942029
0,23768115942029
0,23768115942029
0,23768115942029
0,23768115942029
0,23768115942029
0,103896103896104
0
Gen 128
0,377777777777778
0,308212560386473
0,308212560386473
0,308212560386473
0,308212560386473
0,308212560386473
0,308212560386473
0,308212560386473
0,308212560386473
0,308212560386473
0,308212560386473
0,308212560386473
0,308212560386473
0,308212560386473
0,308212560386473
0,308212560386473
0,308212560386473
0,308212560386473
0,308212560386473
0,304347826086957
Gen 129
0,377777777777778
0,377777777777778
0,377777777777778
0,377777777777778
0,377777777777778
0,308212560386473
0,308212560386473
0,308212560386473
0,308212560386473
0,308212560386473
0,308212560386473
0,308212560386473
0,308212560386473
0,308212560386473
0,308212560386473
0,308212560386473
0,308212560386473
0,308212560386473
0,308212560386473
0,308212560386473
Gen 130
0,377777777777778
0,377777777777778
0,377777777777778
0,377777777777778
0,377777777777778
0,377777777777778
0,377777777777778
0,377777777777778
0,377777777777778
0,377777777777778
0,377777777777778
0,377777777777778
0,377777777777778
0,377777777777778
0,377777777777778
0,377777777777778
0,377777777777778
0,377777777777778
0,377777777777778
0,377777777777778
Gen 131
0,377777777777778
0,377777777777778
0,377777777777778
0,377777777777778
0,377777777777778
0,377777777777778
0,377777777777778
0,377777777777778
0,377777777777778
0,377777777777778
0,377777777777778
0,377777777777778
0,377777777777778
0,377777777777778
0,377777777777778
0,377777777777778
0,377777777777778
0,31207729468599
0,112554112554113
0
Gen 132
0,377777777777778
0,377777777777778
0,377777777777778
0,377777777777778
0,377777777777778
0,377777777777778
0,377777777777778
0,377777777777778
0,377777777777778
0,377777777777778
0,377777777777778
0,377777777777778
0,377777777777778
0,377777777777778
0,377777777777778
0,377777777777778
0,377777777777778
0,377777777777778
0,377777777777778
0,377777777777778
Gen 133
0,377777777777778
0,377777777777778
0,377777777777778
0,377777777777778
0,377777777777778
0,377777777777778
0,377777777777778
0,377777777777778
0,377777777777778
0,377777777777778
0,377777777777778
0,377777777777778
0,377777777777778
0,377777777777778
0,377777777777778
0,377777777777778
0,377777777777778
0,377777777777778
0,377777777777778
0,359307359307359
Gen 134
0,377777777777778
0,377777777777778
0,377777777777778
0,377777777777778
0,377777777777778
0,377777777777778
0,377777777777778
0,377777777777778
0,377777777777778
0,377777777777778
0,377777777777778
0,377777777777778
0,377777777777778
0,377777777777778
0,377777777777778
0,377777777777778
0,377777777777778
0,377777777777778
0,377777777777778
0,377777777777778
Gen 135
0,377777777777778
0,377777777777778
0,377777777777778
0,377777777777778
0,377777777777778
0,377777777777778
0,377777777777778
0,377777777777778
0,377777777777778
0,377777777777778
0,377777777777778
0,377777777777778
0,377777777777778
0,377777777777778
0,377777777777778
0,377777777777778
0,377777777777778
0,377777777777778
0,377777777777778
0,377777777777778
Gen 136
0,377777777777778
0,377777777777778
0,377777777777778
0,377777777777778
0,377777777777778
0,377777777777778
0,377777777777778
0,377777777777778
0,377777777777778
0,377777777777778
0,377777777777778
0,377777777777778
0,377777777777778
0,377777777777778
0,377777777777778
0,377777777777778
0,377777777777778
0,377777777777778
0,377777777777778
0,377777777777778
Gen 137
0,377777777777778
0,377777777777778
0,377777777777778
0,377777777777778
0,377777777777778
0,377777777777778
0,377777777777778
0,377777777777778
0,377777777777778
0,377777777777778
0,377777777777778
0,377777777777778
0,377777777777778
0,377777777777778
0,377777777777778
0,377777777777778
0,377777777777778
0,377777777777778
0,207792207792208
0
Gen 138
0,377777777777778
0,377777777777778
0,377777777777778
0,377777777777778
0,377777777777778
0,377777777777778
0,377777777777778
0,377777777777778
0,377777777777778
0,377777777777778
0,377777777777778
0,377777777777778
0,377777777777778
0,377777777777778
0,377777777777778
0,377777777777778
0,377777777777778
0,377777777777778
0,377777777777778
0,376811594202899
Gen 139
0,377777777777778
0,377777777777778
0,377777777777778
0,377777777777778
0,377777777777778
0,377777777777778
0,377777777777778
0,377777777777778
0,377777777777778
0,377777777777778
0,377777777777778
0,377777777777778
0,377777777777778
0,377777777777778
0,377777777777778
0,377777777777778
0,377777777777778
0,377777777777778
0,377777777777778
0
Gen 140
0,377777777777778
0,377777777777778
0,377777777777778
0,377777777777778
0,377777777777778
0,377777777777778
0,377777777777778
0,377777777777778
0,377777777777778
0,377777777777778
0,377777777777778
0,377777777777778
0,377777777777778
0,377777777777778
0,377777777777778
0,377777777777778
0,377777777777778
0,377777777777778
0,377777777777778
0,177489177489178
Gen 141
0,377777777777778
0,377777777777778
0,377777777777778
0,377777777777778
0,377777777777778
0,377777777777778
0,377777777777778
0,377777777777778
0,377777777777778
0,377777777777778
0,377777777777778
0,377777777777778
0,377777777777778
0,377777777777778
0,377777777777778
0,377777777777778
0,377777777777778
0,377777777777778
0,377777777777778
0,359307359307359
Gen 142
0,377777777777778
0,377777777777778
0,377777777777778
0,377777777777778
0,377777777777778
0,377777777777778
0,377777777777778
0,377777777777778
0,377777777777778
0,377777777777778
0,377777777777778
0,377777777777778
0,377777777777778
0,377777777777778
0,377777777777778
0,377777777777778
0,377777777777778
0,377777777777778
0,377777777777778
0
Gen 143
0,377777777777778
0,377777777777778
0,377777777777778
0,377777777777778
0,377777777777778
0,377777777777778
0,377777777777778
0,377777777777778
0,377777777777778
0,377777777777778
0,377777777777778
0,377777777777778
0,377777777777778
0,377777777777778
0,377777777777778
0,377777777777778
0,377777777777778
0,377777777777778
0,377777777777778
0
Gen 144
0,377777777777778
0,377777777777778
0,377777777777778
0,377777777777778
0,377777777777778
0,377777777777778
0,377777777777778
0,377777777777778
0,377777777777778
0,377777777777778
0,377777777777778
0,377777777777778
0,377777777777778
0,377777777777778
0,377777777777778
0,377777777777778
0,377777777777778
0,377777777777778
0,377777777777778
0,377777777777778
Gen 145
0,377777777777778
0,377777777777778
0,377777777777778
0,377777777777778
0,377777777777778
0,377777777777778
0,377777777777778
0,377777777777778
0,377777777777778
0,377777777777778
0,377777777777778
0,377777777777778
0,377777777777778
0,377777777777778
0,377777777777778
0,377777777777778
0,354978354978355
0,337662337662338
0
0
Gen 146
0,377777777777778
0,377777777777778
0,377777777777778
0,377777777777778
0,377777777777778
0,377777777777778
0,377777777777778
0,377777777777778
0,377777777777778
0,377777777777778
0,377777777777778
0,377777777777778
0,377777777777778
0,377777777777778
0,377777777777778
0,377777777777778
0,377777777777778
0,377777777777778
0,377777777777778
0,377777777777778
Gen 147
0,377777777777778
0,377777777777778
0,377777777777778
0,377777777777778
0,377777777777778
0,377777777777778
0,377777777777778
0,377777777777778
0,377777777777778
0,377777777777778
0,377777777777778
0,377777777777778
0,377777777777778
0,377777777777778
0,377777777777778
0,342995169082126
0,177489177489178
0,177489177489178
0,0822510822510823
0
Gen 148
0,377777777777778
0,377777777777778
0,377777777777778
0,377777777777778
0,377777777777778
0,377777777777778
0,377777777777778
0,377777777777778
0,377777777777778
0,377777777777778
0,377777777777778
0,377777777777778
0,377777777777778
0,377777777777778
0,377777777777778
0,377777777777778
0,377777777777778
0,377777777777778
0,377777777777778
0,138528138528139
Gen 149
0,377777777777778
0,377777777777778
0,377777777777778
0,377777777777778
0,377777777777778
0,377777777777778
0,377777777777778
0,377777777777778
0,377777777777778
0,377777777777778
0,377777777777778
0,377777777777778
0,377777777777778
0,377777777777778
0,377777777777778
0,377777777777778
0,377777777777778
0,377777777777778
0,377777777777778
0,181818181818182
Gen 150
0,377777777777778
0,377777777777778
0,377777777777778
0,377777777777778
0,377777777777778
0,377777777777778
0,377777777777778
0,377777777777778
0,377777777777778
0,377777777777778
0,377777777777778
0,377777777777778
0,377777777777778
0,377777777777778
0,377777777777778
0,377777777777778
0,377777777777778
0,377777777777778
0,377777777777778
0,139130434782609
Gen 151
0,377777777777778
0,377777777777778
0,377777777777778
0,377777777777778
0,377777777777778
0,377777777777778
0,377777777777778
0,377777777777778
0,377777777777778
0,377777777777778
0,377777777777778
0,377777777777778
0,377777777777778
0,377777777777778
0,377777777777778
0,377777777777778
0,377777777777778
0,377777777777778
0,377777777777778
0,377777777777778
Gen 152
0,377777777777778
0,377777777777778
0,377777777777778
0,377777777777778
0,377777777777778
0,377777777777778
0,377777777777778
0,377777777777778
0,377777777777778
0,377777777777778
0,377777777777778
0,377777777777778
0,377777777777778
0,377777777777778
0,377777777777778
0,377777777777778
0,377777777777778
0,377777777777778
0,377777777777778
0,377777777777778
Gen 153
0,377777777777778
0,377777777777778
0,377777777777778
0,377777777777778
0,377777777777778
0,377777777777778
0,377777777777778
0,377777777777778
0,377777777777778
0,377777777777778
0,377777777777778
0,377777777777778
0,377777777777778
0,377777777777778
0,377777777777778
0,377777777777778
0,377777777777778
0,377777777777778
0,377777777777778
0,377777777777778
Gen 154
0,393939393939394
0,377777777777778
0,377777777777778
0,377777777777778
0,377777777777778
0,377777777777778
0,377777777777778
0,377777777777778
0,377777777777778
0,377777777777778
0,377777777777778
0,377777777777778
0,377777777777778
0,377777777777778
0,377777777777778
0,377777777777778
0,377777777777778
0,377777777777778
0,377777777777778
0,133333333333333
Gen 155
0,393939393939394
0,393939393939394
0,393939393939394
0,393939393939394
0,393939393939394
0,393939393939394
0,393939393939394
0,393939393939394
0,393939393939394
0,393939393939394
0,393939393939394
0,393939393939394
0,377777777777778
0,377777777777778
0,377777777777778
0,377777777777778
0,377777777777778
0,377777777777778
0,377777777777778
0,377777777777778
Gen 156
0,393939393939394
0,393939393939394
0,393939393939394
0,393939393939394
0,393939393939394
0,393939393939394
0,393939393939394
0,393939393939394
0,393939393939394
0,393939393939394
0,393939393939394
0,393939393939394
0,393939393939394
0,393939393939394
0,393939393939394
0,393939393939394
0,393939393939394
0,393939393939394
0,393939393939394
0,393939393939394
Gen 157
0,393939393939394
0,393939393939394
0,393939393939394
0,393939393939394
0,393939393939394
0,393939393939394
0,393939393939394
0,393939393939394
0,393939393939394
0,393939393939394
0,393939393939394
0,393939393939394
0,393939393939394
0,393939393939394
0,393939393939394
0,393939393939394
0,238095238095238
0,23768115942029
0
0
Gen 158
0,393939393939394
0,393939393939394
0,393939393939394
0,393939393939394
0,393939393939394
0,393939393939394
0,393939393939394
0,393939393939394
0,393939393939394
0,393939393939394
0,393939393939394
0,393939393939394
0,393939393939394
0,393939393939394
0,393939393939394
0,393939393939394
0,393939393939394
0,393939393939394
0,393939393939394
0,393939393939394
Gen 159
0,393939393939394
0,393939393939394
0,393939393939394
0,393939393939394
0,393939393939394
0,393939393939394
0,393939393939394
0,393939393939394
0,393939393939394
0,393939393939394
0,393939393939394
0,393939393939394
0,393939393939394
0,393939393939394
0,393939393939394
0,393939393939394
0,393939393939394
0,393939393939394
0,238095238095238
0,168831168831169
Gen 160
0,393939393939394
0,393939393939394
0,393939393939394
0,393939393939394
0,393939393939394
0,393939393939394
0,393939393939394
0,393939393939394
0,393939393939394
0,393939393939394
0,393939393939394
0,393939393939394
0,393939393939394
0,393939393939394
0,393939393939394
0,393939393939394
0,393939393939394
0,393939393939394
0,393939393939394
0
Gen 161
0,393939393939394
0,393939393939394
0,393939393939394
0,393939393939394
0,393939393939394
0,393939393939394
0,393939393939394
0,393939393939394
0,393939393939394
0,393939393939394
0,393939393939394
0,393939393939394
0,393939393939394
0,393939393939394
0,393939393939394
0,393939393939394
0,393939393939394
0,393939393939394
0,393939393939394
0,393939393939394
Gen 162
0,485990338164251
0,393939393939394
0,393939393939394
0,393939393939394
0,393939393939394
0,393939393939394
0,393939393939394
0,393939393939394
0,393939393939394
0,393939393939394
0,393939393939394
0,393939393939394
0,393939393939394
0,393939393939394
0,393939393939394
0,393939393939394
0,393939393939394
0,377777777777778
0,0405797101449275
0
Gen 163
0,485990338164251
0,485990338164251
0,485990338164251
0,485990338164251
0,485990338164251
0,485990338164251
0,485990338164251
0,485990338164251
0,485990338164251
0,485990338164251
0,393939393939394
0,393939393939394
0,393939393939394
0,393939393939394
0,393939393939394
0,393939393939394
0,393939393939394
0,393939393939394
0,103896103896104
0
Gen 164
0,485990338164251
0,485990338164251
0,485990338164251
0,485990338164251
0,485990338164251
0,485990338164251
0,485990338164251
0,485990338164251
0,485990338164251
0,485990338164251
0,485990338164251
0,485990338164251
0,485990338164251
0,485990338164251
0,485990338164251
0,485990338164251
0,485990338164251
0,485990338164251
0,485990338164251
0,00289855072463768
Gen 165
0,497835497835498
0,485990338164251
0,485990338164251
0,485990338164251
0,485990338164251
0,485990338164251
0,485990338164251
0,485990338164251
0,485990338164251
0,485990338164251
0,485990338164251
0,485990338164251
0,485990338164251
0,485990338164251
0,485990338164251
0,485990338164251
0,485990338164251
0,485990338164251
0,485990338164251
0,476328502415459
Gen 166
0,497835497835498
0,497835497835498
0,497835497835498
0,497835497835498
0,497835497835498
0,497835497835498
0,497835497835498
0,497835497835498
0,497835497835498
0,497835497835498
0,497835497835498
0,497835497835498
0,497835497835498
0,497835497835498
0,485990338164251
0,485990338164251
0,485990338164251
0,485990338164251
0,485990338164251
0,485990338164251
Gen 167
0,497835497835498
0,497835497835498
0,497835497835498
0,497835497835498
0,497835497835498
0,497835497835498
0,497835497835498
0,497835497835498
0,497835497835498
0,497835497835498
0,497835497835498
0,497835497835498
0,497835497835498
0,497835497835498
0,497835497835498
0,497835497835498
0,497835497835498
0,497835497835498
0,480519480519481
0,0822510822510823
Gen 168
0,497835497835498
0,497835497835498
0,497835497835498
0,497835497835498
0,497835497835498
0,497835497835498
0,497835497835498
0,497835497835498
0,497835497835498
0,497835497835498
0,497835497835498
0,497835497835498
0,497835497835498
0,497835497835498
0,497835497835498
0,497835497835498
0,497835497835498
0,326570048309179
0,19047619047619
0
Gen 169
0,497835497835498
0,497835497835498
0,497835497835498
0,497835497835498
0,497835497835498
0,497835497835498
0,497835497835498
0,497835497835498
0,497835497835498
0,497835497835498
0,497835497835498
0,497835497835498
0,497835497835498
0,497835497835498
0,497835497835498
0,497835497835498
0,497835497835498
0,497835497835498
0,497835497835498
0,483091787439614
Gen 170
0,497835497835498
0,497835497835498
0,497835497835498
0,497835497835498
0,497835497835498
0,497835497835498
0,497835497835498
0,497835497835498
0,497835497835498
0,497835497835498
0,497835497835498
0,497835497835498
0,497835497835498
0,497835497835498
0,497835497835498
0,497835497835498
0,497835497835498
0,497835497835498
0,497835497835498
0,497835497835498
Gen 171
0,497835497835498
0,497835497835498
0,497835497835498
0,497835497835498
0,497835497835498
0,497835497835498
0,497835497835498
0,497835497835498
0,497835497835498
0,497835497835498
0,497835497835498
0,497835497835498
0,497835497835498
0,497835497835498
0,497835497835498
0,497835497835498
0,497835497835498
0,497835497835498
0,497835497835498
0,497835497835498
Gen 172
0,497835497835498
0,497835497835498
0,497835497835498
0,497835497835498
0,497835497835498
0,497835497835498
0,497835497835498
0,497835497835498
0,497835497835498
0,497835497835498
0,497835497835498
0,497835497835498
0,497835497835498
0,497835497835498
0,497835497835498
0,497835497835498
0,497835497835498
0,497835497835498
0,0476190476190476
0,0476190476190476
Gen 173
0,497835497835498
0,497835497835498
0,497835497835498
0,497835497835498
0,497835497835498
0,497835497835498
0,497835497835498
0,497835497835498
0,497835497835498
0,497835497835498
0,497835497835498
0,497835497835498
0,497835497835498
0,497835497835498
0,497835497835498
0,497835497835498
0,497835497835498
0,497835497835498
0,497835497835498
0,482125603864734
Gen 174
0,497835497835498
0,497835497835498
0,497835497835498
0,497835497835498
0,497835497835498
0,497835497835498
0,497835497835498
0,497835497835498
0,497835497835498
0,497835497835498
0,497835497835498
0,497835497835498
0,497835497835498
0,497835497835498
0,497835497835498
0,497835497835498
0,497835497835498
0,497835497835498
0,497835497835498
0,497835497835498
Gen 175
0,497835497835498
0,497835497835498
0,497835497835498
0,497835497835498
0,497835497835498
0,497835497835498
0,497835497835498
0,497835497835498
0,497835497835498
0,497835497835498
0,497835497835498
0,497835497835498
0,497835497835498
0,497835497835498
0,497835497835498
0,497835497835498
0,497835497835498
0,497835497835498
0,42512077294686
0,168831168831169
Gen 176
0,497835497835498
0,497835497835498
0,497835497835498
0,497835497835498
0,497835497835498
0,497835497835498
0,497835497835498
0,497835497835498
0,497835497835498
0,497835497835498
0,497835497835498
0,497835497835498
0,497835497835498
0,497835497835498
0,497835497835498
0,497835497835498
0,497835497835498
0,497835497835498
0,497835497835498
0,28695652173913
Gen 177
0,497835497835498
0,497835497835498
0,497835497835498
0,497835497835498
0,497835497835498
0,497835497835498
0,497835497835498
0,497835497835498
0,497835497835498
0,497835497835498
0,497835497835498
0,497835497835498
0,497835497835498
0,497835497835498
0,497835497835498
0,497835497835498
0,497835497835498
0,497835497835498
0,497835497835498
0,255411255411255
Gen 178
0,497835497835498
0,497835497835498
0,497835497835498
0,497835497835498
0,497835497835498
0,497835497835498
0,497835497835498
0,497835497835498
0,497835497835498
0,497835497835498
0,497835497835498
0,497835497835498
0,497835497835498
0,497835497835498
0,497835497835498
0,497835497835498
0,497835497835498
0,185507246376812
0,0995670995670996
0
Gen 179
0,497835497835498
0,497835497835498
0,497835497835498
0,497835497835498
0,497835497835498
0,497835497835498
0,497835497835498
0,497835497835498
0,497835497835498
0,497835497835498
0,497835497835498
0,497835497835498
0,497835497835498
0,497835497835498
0,497835497835498
0,497835497835498
0,497835497835498
0,497835497835498
0,302415458937198
0,220779220779221
Gen 180
0,497835497835498
0,497835497835498
0,497835497835498
0,497835497835498
0,497835497835498
0,497835497835498
0,497835497835498
0,497835497835498
0,497835497835498
0,497835497835498
0,497835497835498
0,497835497835498
0,497835497835498
0,497835497835498
0,497835497835498
0,497835497835498
0,497835497835498
0,391304347826087
0,0822510822510823
0
Gen 181
0,497835497835498
0,497835497835498
0,497835497835498
0,497835497835498
0,497835497835498
0,497835497835498
0,497835497835498
0,497835497835498
0,497835497835498
0,497835497835498
0,497835497835498
0,497835497835498
0,497835497835498
0,497835497835498
0,497835497835498
0,497835497835498
0,497835497835498
0,497835497835498
0,497835497835498
0,497835497835498
Gen 182
0,497835497835498
0,497835497835498
0,497835497835498
0,497835497835498
0,497835497835498
0,497835497835498
0,497835497835498
0,497835497835498
0,497835497835498
0,497835497835498
0,497835497835498
0,497835497835498
0,497835497835498
0,497835497835498
0,497835497835498
0,497835497835498
0,497835497835498
0,497835497835498
0,497835497835498
0,497835497835498
Gen 183
0,497835497835498
0,497835497835498
0,497835497835498
0,497835497835498
0,497835497835498
0,497835497835498
0,497835497835498
0,497835497835498
0,497835497835498
0,497835497835498
0,497835497835498
0,497835497835498
0,497835497835498
0,497835497835498
0,497835497835498
0,497835497835498
0,497835497835498
0,497835497835498
0,0476190476190476
0
Gen 184
0,497835497835498
0,497835497835498
0,497835497835498
0,497835497835498
0,497835497835498
0,497835497835498
0,497835497835498
0,497835497835498
0,497835497835498
0,497835497835498
0,497835497835498
0,497835497835498
0,497835497835498
0,497835497835498
0,497835497835498
0,497835497835498
0,497835497835498
0,497835497835498
0,497835497835498
0,497835497835498
Gen 185
0,497835497835498
0,497835497835498
0,497835497835498
0,497835497835498
0,497835497835498
0,497835497835498
0,497835497835498
0,497835497835498
0,497835497835498
0,497835497835498
0,497835497835498
0,497835497835498
0,497835497835498
0,497835497835498
0,497835497835498
0,497835497835498
0,497835497835498
0,497835497835498
0,497835497835498
0,168831168831169
Gen 186
0,497835497835498
0,497835497835498
0,497835497835498
0,497835497835498
0,497835497835498
0,497835497835498
0,497835497835498
0,497835497835498
0,497835497835498
0,497835497835498
0,497835497835498
0,497835497835498
0,497835497835498
0,497835497835498
0,497835497835498
0,497835497835498
0,497835497835498
0,238095238095238
0,19047619047619
0
Gen 187
0,497835497835498
0,497835497835498
0,497835497835498
0,497835497835498
0,497835497835498
0,497835497835498
0,497835497835498
0,497835497835498
0,497835497835498
0,497835497835498
0,497835497835498
0,497835497835498
0,497835497835498
0,497835497835498
0,497835497835498
0,497835497835498
0,497835497835498
0,497835497835498
0,497835497835498
0,497835497835498
Gen 188
0,497835497835498
0,497835497835498
0,497835497835498
0,497835497835498
0,497835497835498
0,497835497835498
0,497835497835498
0,497835497835498
0,497835497835498
0,497835497835498
0,497835497835498
0,497835497835498
0,497835497835498
0,497835497835498
0,497835497835498
0,497835497835498
0,497835497835498
0,238095238095238
0,116883116883117
0,0476190476190476
Gen 189
0,497835497835498
0,497835497835498
0,497835497835498
0,497835497835498
0,497835497835498
0,497835497835498
0,497835497835498
0,497835497835498
0,497835497835498
0,497835497835498
0,497835497835498
0,497835497835498
0,497835497835498
0,497835497835498
0,497835497835498
0,497835497835498
0,497835497835498
0,497835497835498
0,497835497835498
0,497835497835498
Gen 190
0,497835497835498
0,497835497835498
0,497835497835498
0,497835497835498
0,497835497835498
0,497835497835498
0,497835497835498
0,497835497835498
0,497835497835498
0,497835497835498
0,497835497835498
0,497835497835498
0,497835497835498
0,497835497835498
0,497835497835498
0,497835497835498
0,497835497835498
0,497835497835498
0,497835497835498
0,139130434782609
Gen 191
0,497835497835498
0,497835497835498
0,497835497835498
0,497835497835498
0,497835497835498
0,497835497835498
0,497835497835498
0,497835497835498
0,497835497835498
0,497835497835498
0,497835497835498
0,497835497835498
0,497835497835498
0,497835497835498
0,497835497835498
0,497835497835498
0,497835497835498
0,497835497835498
0,497835497835498
0,497835497835498
Gen 192
0,497835497835498
0,497835497835498
0,497835497835498
0,497835497835498
0,497835497835498
0,497835497835498
0,497835497835498
0,497835497835498
0,497835497835498
0,497835497835498
0,497835497835498
0,497835497835498
0,497835497835498
0,497835497835498
0,497835497835498
0,497835497835498
0,497835497835498
0,497835497835498
0,497835497835498
0,497835497835498
Gen 193
0,497835497835498
0,497835497835498
0,497835497835498
0,497835497835498
0,497835497835498
0,497835497835498
0,497835497835498
0,497835497835498
0,497835497835498
0,497835497835498
0,497835497835498
0,497835497835498
0,497835497835498
0,497835497835498
0,497835497835498
0,497835497835498
0,497835497835498
0,497835497835498
0,497835497835498
0,497835497835498
Gen 194
0,497835497835498
0,497835497835498
0,497835497835498
0,497835497835498
0,497835497835498
0,497835497835498
0,497835497835498
0,497835497835498
0,497835497835498
0,497835497835498
0,497835497835498
0,497835497835498
0,497835497835498
0,497835497835498
0,497835497835498
0,497835497835498
0,497835497835498
0,497835497835498
0,495652173913044
0,492753623188406
Gen 195
0,497835497835498
0,497835497835498
0,497835497835498
0,497835497835498
0,497835497835498
0,497835497835498
0,497835497835498
0,497835497835498
0,497835497835498
0,497835497835498
0,497835497835498
0,497835497835498
0,497835497835498
0,497835497835498
0,497835497835498
0,497835497835498
0,497835497835498
0,497835497835498
0,497835497835498
0,497835497835498
Gen 196
0,497835497835498
0,497835497835498
0,497835497835498
0,497835497835498
0,497835497835498
0,497835497835498
0,497835497835498
0,497835497835498
0,497835497835498
0,497835497835498
0,497835497835498
0,497835497835498
0,497835497835498
0,497835497835498
0,497835497835498
0,497835497835498
0,497835497835498
0,497835497835498
0,497835497835498
0,341991341991342
Gen 197
0,497835497835498
0,497835497835498
0,497835497835498
0,497835497835498
0,497835497835498
0,497835497835498
0,497835497835498
0,497835497835498
0,497835497835498
0,497835497835498
0,497835497835498
0,497835497835498
0,497835497835498
0,497835497835498
0,497835497835498
0,497835497835498
0,497835497835498
0,497835497835498
0,314009661835749
0,168831168831169
Gen 198
0,497835497835498
0,497835497835498
0,497835497835498
0,497835497835498
0,497835497835498
0,497835497835498
0,497835497835498
0,497835497835498
0,497835497835498
0,497835497835498
0,497835497835498
0,497835497835498
0,497835497835498
0,497835497835498
0,497835497835498
0,497835497835498
0,497835497835498
0,497835497835498
0,497835497835498
0,497835497835498
Gen 199
0,497835497835498
0,497835497835498
0,497835497835498
0,497835497835498
0,497835497835498
0,497835497835498
0,497835497835498
0,497835497835498
0,497835497835498
0,497835497835498
0,497835497835498
0,497835497835498
0,497835497835498
0,497835497835498
0,497835497835498
0,497835497835498
0,497835497835498
0,139130434782609
0,133333333333333
0
Gen 200
0,497835497835498
0,497835497835498
0,497835497835498
0,497835497835498
0,497835497835498
0,497835497835498
0,497835497835498
0,497835497835498
0,497835497835498
0,497835497835498
0,497835497835498
0,497835497835498
0,497835497835498
0,497835497835498
0,497835497835498
0,497835497835498
0,497835497835498
0,497835497835498
0,497835497835498
0,151515151515152
Gen 201
0,497835497835498
0,497835497835498
0,497835497835498
0,497835497835498
0,497835497835498
0,497835497835498
0,497835497835498
0,497835497835498
0,497835497835498
0,497835497835498
0,497835497835498
0,497835497835498
0,497835497835498
0,497835497835498
0,497835497835498
0,497835497835498
0,497835497835498
0,497835497835498
0,497835497835498
0,497835497835498
Gen 202
0,497835497835498
0,497835497835498
0,497835497835498
0,497835497835498
0,497835497835498
0,497835497835498
0,497835497835498
0,497835497835498
0,497835497835498
0,497835497835498
0,497835497835498
0,497835497835498
0,497835497835498
0,497835497835498
0,497835497835498
0,497835497835498
0,497835497835498
0,497835497835498
0,238095238095238
0,168831168831169
Gen 203
0,497835497835498
0,497835497835498
0,497835497835498
0,497835497835498
0,497835497835498
0,497835497835498
0,497835497835498
0,497835497835498
0,497835497835498
0,497835497835498
0,497835497835498
0,497835497835498
0,497835497835498
0,497835497835498
0,497835497835498
0,497835497835498
0,497835497835498
0,497835497835498
0,497835497835498
0
Gen 204
0,497835497835498
0,497835497835498
0,497835497835498
0,497835497835498
0,497835497835498
0,497835497835498
0,497835497835498
0,497835497835498
0,497835497835498
0,497835497835498
0,497835497835498
0,497835497835498
0,497835497835498
0,497835497835498
0,497835497835498
0,497835497835498
0,497835497835498
0,168831168831169
0
0
Gen 205
0,497835497835498
0,497835497835498
0,497835497835498
0,497835497835498
0,497835497835498
0,497835497835498
0,497835497835498
0,497835497835498
0,497835497835498
0,497835497835498
0,497835497835498
0,497835497835498
0,497835497835498
0,497835497835498
0,497835497835498
0,497835497835498
0,497835497835498
0,497835497835498
0,497835497835498
0,497835497835498
Gen 206
0,497835497835498
0,497835497835498
0,497835497835498
0,497835497835498
0,497835497835498
0,497835497835498
0,497835497835498
0,497835497835498
0,497835497835498
0,497835497835498
0,497835497835498
0,497835497835498
0,497835497835498
0,497835497835498
0,497835497835498
0,497835497835498
0,497835497835498
0,497835497835498
0,326570048309179
0,139130434782609
Gen 207
0,497835497835498
0,497835497835498
0,497835497835498
0,497835497835498
0,497835497835498
0,497835497835498
0,497835497835498
0,497835497835498
0,497835497835498
0,497835497835498
0,497835497835498
0,497835497835498
0,497835497835498
0,497835497835498
0,497835497835498
0,497835497835498
0,497835497835498
0,497835497835498
0,497835497835498
0,0347826086956522
Gen 208
0,497835497835498
0,497835497835498
0,497835497835498
0,497835497835498
0,497835497835498
0,497835497835498
0,497835497835498
0,497835497835498
0,497835497835498
0,497835497835498
0,497835497835498
0,497835497835498
0,497835497835498
0,497835497835498
0,497835497835498
0,497835497835498
0,497835497835498
0,497835497835498
0,497835497835498
0,19047619047619
Gen 209
0,497835497835498
0,497835497835498
0,497835497835498
0,497835497835498
0,497835497835498
0,497835497835498
0,497835497835498
0,497835497835498
0,497835497835498
0,497835497835498
0,497835497835498
0,497835497835498
0,497835497835498
0,497835497835498
0,497835497835498
0,497835497835498
0,497835497835498
0,497835497835498
0,139130434782609
0,0995670995670996
Gen 210
0,497835497835498
0,497835497835498
0,497835497835498
0,497835497835498
0,497835497835498
0,497835497835498
0,497835497835498
0,497835497835498
0,497835497835498
0,497835497835498
0,497835497835498
0,497835497835498
0,497835497835498
0,497835497835498
0,497835497835498
0,497835497835498
0,497835497835498
0,497835497835498
0,497835497835498
0,497835497835498
Gen 211
0,497835497835498
0,497835497835498
0,497835497835498
0,497835497835498
0,497835497835498
0,497835497835498
0,497835497835498
0,497835497835498
0,497835497835498
0,497835497835498
0,497835497835498
0,497835497835498
0,497835497835498
0,497835497835498
0,497835497835498
0,497835497835498
0,497835497835498
0,497835497835498
0,497835497835498
0,497835497835498
Gen 212
0,497835497835498
0,497835497835498
0,497835497835498
0,497835497835498
0,497835497835498
0,497835497835498
0,497835497835498
0,497835497835498
0,497835497835498
0,497835497835498
0,497835497835498
0,497835497835498
0,497835497835498
0,497835497835498
0,497835497835498
0,497835497835498
0,497835497835498
0,497835497835498
0,497835497835498
0
Gen 213
0,497835497835498
0,497835497835498
0,497835497835498
0,497835497835498
0,497835497835498
0,497835497835498
0,497835497835498
0,497835497835498
0,497835497835498
0,497835497835498
0,497835497835498
0,497835497835498
0,497835497835498
0,497835497835498
0,497835497835498
0,497835497835498
0,497835497835498
0,497835497835498
0,497835497835498
0,23768115942029
Gen 214
0,497835497835498
0,497835497835498
0,497835497835498
0,497835497835498
0,497835497835498
0,497835497835498
0,497835497835498
0,497835497835498
0,497835497835498
0,497835497835498
0,497835497835498
0,497835497835498
0,497835497835498
0,497835497835498
0,497835497835498
0,497835497835498
0,497835497835498
0,497835497835498
0,497835497835498
0
Gen 215
0,497835497835498
0,497835497835498
0,497835497835498
0,497835497835498
0,497835497835498
0,497835497835498
0,497835497835498
0,497835497835498
0,497835497835498
0,497835497835498
0,497835497835498
0,497835497835498
0,497835497835498
0,497835497835498
0,497835497835498
0,497835497835498
0,497835497835498
0,497835497835498
0,497835497835498
0,497835497835498
