Gen 1
0,134199134199134
0,0143860969947926
0,0575443879791706
0
0
0
Gen 2
0,134199134199134
0,0796536796536797
0,134199134199134
0,116017316017316
0,0683982683982684
0
Gen 3
0,150724637681159
0,135025409373235
0,137504234895539
0,134199134199134
0,134199134199134
0,134199134199134
Gen 4
0,150724637681159
0,138230754752494
0,150724637681159
0,150724637681159
0,144114436288349
0,107359307359307
Gen 5
0,150724637681159
0,143188405797101
0,150724637681159
0,150724637681159
0,150724637681159
0,120579710144928
Gen 6
0,150724637681159
0,140414078674948
0,150724637681159
0,150724637681159
0,150724637681159
0,109482401656315
Gen 7
0,150724637681159
0,133310747223791
0,150724637681159
0,150724637681159
0,150724637681159
0,0810690758516845
Gen 8
0,150724637681159
0,135652173913043
0,150724637681159
0,150724637681159
0,150724637681159
0,0904347826086957
Gen 9
0,150724637681159
0,144989648033126
0,150724637681159
0,150724637681159
0,150724637681159
0,127784679089027
Gen 10
0,150724637681159
0,150579710144928
0,150724637681159
0,150724637681159
0,150724637681159
0,150144927536232
Gen 11
0,150724637681159
0,150724637681159
0,150724637681159
0,150724637681159
0,150724637681159
0,150724637681159
Gen 12
0,150724637681159
0,144703557312253
0,150724637681159
0,150724637681159
0,150724637681159
0,126640316205534
Gen 13
0,150724637681159
0,150724637681159
0,150724637681159
0,150724637681159
0,150724637681159
0,150724637681159
Gen 14
0,150724637681159
0,143188405797101
0,150724637681159
0,150724637681159
0,150724637681159
0,120579710144928
Gen 15
0,150724637681159
0,150547713156409
0,150724637681159
0,150724637681159
0,150724637681159
0,150016939582157
Gen 16
0,150724637681159
0,150724637681159
0,150724637681159
0,150724637681159
0,150724637681159
0,150724637681159
Gen 17
0,150724637681159
0,150724637681159
0,150724637681159
0,150724637681159
0,150724637681159
0,150724637681159
Gen 18
0,150724637681159
0,143188405797101
0,150724637681159
0,150724637681159
0,150724637681159
0,120579710144928
Gen 19
0,151515151515152
0,150764163372859
0,150882740447958
0,150724637681159
0,150724637681159
0,150724637681159
Gen 20
0,151515151515152
0,150843214756258
0,151198945981555
0,150724637681159
0,150724637681159
0,150724637681159
Gen 21
0,151515151515152
0,143702239789196
0,151515151515152
0,151515151515152
0,151198945981555
0,120579710144928
Gen 22
0,16017316017316
0,151948051948052
0,153246753246753
0,151515151515152
0,151515151515152
0,151515151515152
Gen 23
0,16017316017316
0,147402597402597
0,16017316017316
0,156709956709957
0,151515151515152
0,121212121212121
Gen 24
0,16017316017316
0,15974025974026
0,16017316017316
0,16017316017316
0,16017316017316
0,158441558441558
Gen 25
0,16017316017316
0,145763222284961
0,16017316017316
0,16017316017316
0,16017316017316
0,102533408620365
Gen 26
0,16017316017316
0,14978354978355
0,16017316017316
0,16017316017316
0,16017316017316
0,118614718614719
Gen 27
0,16017316017316
0,16017316017316
0,16017316017316
0,16017316017316
0,16017316017316
0,16017316017316
Gen 28
0,16017316017316
0,16017316017316
0,16017316017316
0,16017316017316
0,16017316017316
0,16017316017316
Gen 29
0,16017316017316
0,144592508940335
0,16017316017316
0,16017316017316
0,16017316017316
0,0978505552418596
Gen 30
0,16017316017316
0,16017316017316
0,16017316017316
0,16017316017316
0,16017316017316
0,16017316017316
Gen 31
0,16017316017316
0,16017316017316
0,16017316017316
0,16017316017316
0,16017316017316
0,16017316017316
Gen 32
0,168831168831169
0,152597402597403
0,161904761904762
0,16017316017316
0,16017316017316
0,128138528138528
Gen 33
0,168831168831169
0,162770562770563
0,168831168831169
0,167099567099567
0,16017316017316
0,154978354978355
Gen 34
0,168831168831169
0,168831168831169
0,168831168831169
0,168831168831169
0,168831168831169
0,168831168831169
Gen 35
0,168831168831169
0,168398268398268
0,168831168831169
0,168831168831169
0,168831168831169
0,167099567099567
Gen 36
0,168831168831169
0,159090909090909
0,168831168831169
0,168831168831169
0,168831168831169
0,12987012987013
Gen 37
0,168831168831169
0,168831168831169
0,168831168831169
0,168831168831169
0,168831168831169
0,168831168831169
Gen 38
0,168831168831169
0,168831168831169
0,168831168831169
0,168831168831169
0,168831168831169
0,168831168831169
Gen 39
0,168831168831169
0,16038961038961
0,168831168831169
0,168831168831169
0,168831168831169
0,135064935064935
Gen 40
0,168831168831169
0,167925842273668
0,168831168831169
0,168831168831169
0,168831168831169
0,165209862601167
Gen 41
0,168831168831169
0,168831168831169
0,168831168831169
0,168831168831169
0,168831168831169
0,168831168831169
Gen 42
0,168831168831169
0,167965367965368
0,168831168831169
0,168831168831169
0,168831168831169
0,165367965367965
Gen 43
0,168831168831169
0,168398268398268
0,168831168831169
0,168831168831169
0,168831168831169
0,167099567099567
Gen 44
0,168831168831169
0,164502164502165
0,168831168831169
0,168831168831169
0,168831168831169
0,151515151515152
Gen 45
0,168831168831169
0,157792207792208
0,168831168831169
0,168831168831169
0,168831168831169
0,124675324675325
Gen 46
0,168831168831169
0,168831168831169
0,168831168831169
0,168831168831169
0,168831168831169
0,168831168831169
Gen 47
0,168831168831169
0,168831168831169
0,168831168831169
0,168831168831169
0,168831168831169
0,168831168831169
Gen 48
0,168831168831169
0,168831168831169
0,168831168831169
0,168831168831169
0,168831168831169
0,168831168831169
Gen 49
0,168831168831169
0,168831168831169
0,168831168831169
0,168831168831169
0,168831168831169
0,168831168831169
Gen 50
0,168831168831169
0,152237907020516
0,168831168831169
0,168831168831169
0,168831168831169
0,102458121588556
Gen 51
0,168831168831169
0,162370286718113
0,168831168831169
0,168831168831169
0,168831168831169
0,142987640378945
Gen 52
0,168831168831169
0,168831168831169
0,168831168831169
0,168831168831169
0,168831168831169
0,168831168831169
Gen 53
0,168831168831169
0,168831168831169
0,168831168831169
0,168831168831169
0,168831168831169
0,168831168831169
Gen 54
0,203463203463203
0,170562770562771
0,175757575757576
0,168831168831169
0,168831168831169
0,168831168831169
Gen 55
0,203463203463203
0,177705627705628
0,203463203463203
0,203463203463203
0,168831168831169
0,135064935064935
Gen 56
0,203463203463203
0,200865800865801
0,203463203463203
0,203463203463203
0,203463203463203
0,193073593073593
Gen 57
0,203463203463203
0,203463203463203
0,203463203463203
0,203463203463203
0,203463203463203
0,203463203463203
Gen 58
0,203463203463203
0,179437229437229
0,203463203463203
0,203463203463203
0,203463203463203
0,107359307359307
Gen 59
0,203463203463203
0,19003262438045
0,203463203463203
0,203463203463203
0,203463203463203
0,149740887132191
Gen 60
0,203463203463203
0,203463203463203
0,203463203463203
0,203463203463203
0,203463203463203
0,203463203463203
Gen 61
0,203463203463203
0,201731601731602
0,203463203463203
0,203463203463203
0,203463203463203
0,196536796536797
Gen 62
0,203463203463203
0,193290043290043
0,203463203463203
0,203463203463203
0,203463203463203
0,162770562770563
Gen 63
0,203463203463203
0,201298701298701
0,203463203463203
0,203463203463203
0,203463203463203
0,194805194805195
Gen 64
0,203463203463203
0,203463203463203
0,203463203463203
0,203463203463203
0,203463203463203
0,203463203463203
Gen 65
0,203463203463203
0,200536420101637
0,203463203463203
0,203463203463203
0,203463203463203
0,19175607001694
Gen 66
0,203463203463203
0,200536420101637
0,203463203463203
0,203463203463203
0,203463203463203
0,19175607001694
Gen 67
0,203463203463203
0,201937386285212
0,203463203463203
0,203463203463203
0,203463203463203
0,197359934751239
Gen 68
0,203463203463203
0,180952380952381
0,203463203463203
0,203463203463203
0,203463203463203
0,113419913419913
Gen 69
0,236714975845411
0,202961289917812
0,210113557939645
0,203463203463203
0,203463203463203
0,194805194805195
Gen 70
0,236714975845411
0,206957149131062
0,236714975845411
0,210113557939645
0,203463203463203
0,17753685927599
Gen 71
0,236714975845411
0,236714975845411
0,236714975845411
0,236714975845411
0,236714975845411
0,236714975845411
Gen 72
0,236714975845411
0,212354601919819
0,236714975845411
0,236714975845411
0,236714975845411
0,139273480143045
Gen 73
0,236714975845411
0,236714975845411
0,236714975845411
0,236714975845411
0,236714975845411
0,236714975845411
Gen 74
0,236714975845411
0,228627893845285
0,236714975845411
0,236714975845411
0,236714975845411
0,204366647844909
Gen 75
0,236714975845411
0,220835686053077
0,236714975845411
0,236714975845411
0,236714975845411
0,173197816676078
Gen 76
0,236714975845411
0,22487922705314
0,236714975845411
0,236714975845411
0,236714975845411
0,189371980676328
Gen 77
0,236714975845411
0,230074032247945
0,236714975845411
0,236714975845411
0,236714975845411
0,210151201455549
Gen 78
0,236714975845411
0,236714975845411
0,236714975845411
0,236714975845411
0,236714975845411
0,236714975845411
Gen 79
0,236714975845411
0,236714975845411
0,236714975845411
0,236714975845411
0,236714975845411
0,236714975845411
Gen 80
0,236714975845411
0,236714975845411
0,236714975845411
0,236714975845411
0,236714975845411
0,236714975845411
Gen 81
0,236714975845411
0,236714975845411
0,236714975845411
0,236714975845411
0,236714975845411
0,236714975845411
Gen 82
0,236714975845411
0,236714975845411
0,236714975845411
0,236714975845411
0,236714975845411
0,236714975845411
Gen 83
0,236714975845411
0,236714975845411
0,236714975845411
0,236714975845411
0,236714975845411
0,236714975845411
Gen 84
0,236714975845411
0,226030491247883
0,236714975845411
0,236714975845411
0,236714975845411
0,193977037455298
Gen 85
0,236714975845411
0,236714975845411
0,236714975845411
0,236714975845411
0,236714975845411
0,236714975845411
Gen 86
0,236714975845411
0,236714975845411
0,236714975845411
0,236714975845411
0,236714975845411
0,236714975845411
Gen 87
0,236714975845411
0,230723382897296
0,236714975845411
0,236714975845411
0,236714975845411
0,212748604052952
Gen 88
0,236714975845411
0,22487922705314
0,236714975845411
0,236714975845411
0,236714975845411
0,189371980676328
Gen 89
0,236714975845411
0,230723382897296
0,236714975845411
0,236714975845411
0,236714975845411
0,212748604052952
Gen 90
0,236714975845411
0,236714975845411
0,236714975845411
0,236714975845411
0,236714975845411
0,236714975845411
Gen 91
0,23768115942029
0,236763285024155
0,236908212560386
0,236714975845411
0,236714975845411
0,236714975845411
Gen 92
0,23768115942029
0,225443252399774
0,23768115942029
0,237101449275362
0,236714975845411
0,190275425058034
Gen 93
0,23768115942029
0,23768115942029
0,23768115942029
0,23768115942029
0,23768115942029
0,23768115942029
Gen 94
0,23768115942029
0,23768115942029
0,23768115942029
0,23768115942029
0,23768115942029
0,23768115942029
Gen 95
0,23768115942029
0,207278373800113
0,23768115942029
0,23768115942029
0,23768115942029
0,116070016939582
Gen 96
0,23768115942029
0,23768115942029
0,23768115942029
0,23768115942029
0,23768115942029
0,23768115942029
Gen 97
0,23768115942029
0,229281008846226
0,23768115942029
0,23768115942029
0,23768115942029
0,204080557124035
Gen 98
0,23768115942029
0,23768115942029
0,23768115942029
0,23768115942029
0,23768115942029
0,23768115942029
Gen 99
0,23768115942029
0,233333333333333
0,23768115942029
0,23768115942029
0,23768115942029
0,220289855072464
Gen 100
0,23768115942029
0,213913043478261
0,23768115942029
0,23768115942029
0,23768115942029
0,142608695652174
Gen 101
0,23768115942029
0,233333333333333
0,23768115942029
0,23768115942029
0,23768115942029
0,220289855072464
Gen 102
0,23768115942029
0,225797101449275
0,23768115942029
0,23768115942029
0,23768115942029
0,190144927536232
Gen 103
0,23768115942029
0,23768115942029
0,23768115942029
0,23768115942029
0,23768115942029
0,23768115942029
Gen 104
0,23768115942029
0,216402534663404
0,23768115942029
0,23768115942029
0,23768115942029
0,152566660392747
Gen 105
0,23768115942029
0,23768115942029
0,23768115942029
0,23768115942029
0,23768115942029
0,23768115942029
Gen 106
0,23768115942029
0,225797101449275
0,23768115942029
0,23768115942029
0,23768115942029
0,190144927536232
Gen 107
0,23768115942029
0,23768115942029
0,23768115942029
0,23768115942029
0,23768115942029
0,23768115942029
Gen 108
0,23768115942029
0,207152268021833
0,23768115942029
0,23768115942029
0,23768115942029
0,115565593826463
Gen 109
0,23768115942029
0,23768115942029
0,23768115942029
0,23768115942029
0,23768115942029
0,23768115942029
Gen 110
0,23768115942029
0,221942405420666
0,23768115942029
0,23768115942029
0,23768115942029
0,174726143421796
Gen 111
0,23768115942029
0,212851496329757
0,23768115942029
0,23768115942029
0,23768115942029
0,138362507058159
Gen 112
0,23768115942029
0,222354601919819
0,23768115942029
0,23768115942029
0,23768115942029
0,176374929418408
Gen 113
0,23768115942029
0,225797101449275
0,23768115942029
0,23768115942029
0,23768115942029
0,190144927536232
Gen 114
0,23768115942029
0,221449275362319
0,23768115942029
0,23768115942029
0,23768115942029
0,172753623188406
Gen 115
0,23768115942029
0,23768115942029
0,23768115942029
0,23768115942029
0,23768115942029
0,23768115942029
Gen 116
0,23768115942029
0,23099190664408
0,23768115942029
0,23768115942029
0,23768115942029
0,210924148315453
Gen 117
0,23768115942029
0,221313758705063
0,23768115942029
0,23768115942029
0,23768115942029
0,172211556559383
Gen 118
0,23768115942029
0,21483217265826
0,23768115942029
0,23768115942029
0,23768115942029
0,146285212372169
Gen 119
0,23768115942029
0,22382269904009
0,23768115942029
0,23768115942029
0,23768115942029
0,182247317899492
Gen 120
0,23768115942029
0,23768115942029
0,23768115942029
0,23768115942029
0,23768115942029
0,23768115942029
Gen 121
0,23768115942029
0,23768115942029
0,23768115942029
0,23768115942029
0,23768115942029
0,23768115942029
Gen 122
0,23768115942029
0,23768115942029
0,23768115942029
0,23768115942029
0,23768115942029
0,23768115942029
Gen 123
0,23768115942029
0,22278750235272
0,23768115942029
0,23768115942029
0,23768115942029
0,178106531150009
Gen 124
0,23768115942029
0,23768115942029
0,23768115942029
0,23768115942029
0,23768115942029
0,23768115942029
Gen 125
0,23768115942029
0,225797101449275
0,23768115942029
0,23768115942029
0,23768115942029
0,190144927536232
Gen 126
0,308212560386473
0,238198130372043
0,251787439613527
0,23768115942029
0,23768115942029
0,225642763034067
Gen 127
0,308212560386473
0,24379383901123
0,308212560386473
0,265893719806763
0,23768115942029
0,163387916431395
Gen 128
0,377777777777778
0,311497584541063
0,322125603864734
0,308212560386473
0,308212560386473
0,30743961352657
Gen 129
0,377777777777778
0,325603864734299
0,377777777777778
0,308212560386473
0,308212560386473
0,308212560386473
Gen 130
0,377777777777778
0,377777777777778
0,377777777777778
0,377777777777778
0,377777777777778
0,377777777777778
Gen 131
0,377777777777778
0,342342681473116
0,377777777777778
0,377777777777778
0,377777777777778
0,236037392559132
Gen 132
0,377777777777778
0,377777777777778
0,377777777777778
0,377777777777778
0,377777777777778
0,377777777777778
Gen 133
0,377777777777778
0,376854256854257
0,377777777777778
0,377777777777778
0,377777777777778
0,374083694083694
Gen 134
0,377777777777778
0,377777777777778
0,377777777777778
0,377777777777778
0,377777777777778
0,377777777777778
Gen 135
0,377777777777778
0,377777777777778
0,377777777777778
0,377777777777778
0,377777777777778
0,377777777777778
Gen 136
0,377777777777778
0,377777777777778
0,377777777777778
0,377777777777778
0,377777777777778
0,377777777777778
Gen 137
0,377777777777778
0,350389610389611
0,377777777777778
0,377777777777778
0,377777777777778
0,268225108225108
Gen 138
0,377777777777778
0,377729468599034
0,377777777777778
0,377777777777778
0,377777777777778
0,377584541062802
Gen 139
0,377777777777778
0,358888888888889
0,377777777777778
0,377777777777778
0,377777777777778
0,302222222222222
Gen 140
0,377777777777778
0,367763347763348
0,377777777777778
0,377777777777778
0,377777777777778
0,337720057720058
Gen 141
0,377777777777778
0,376854256854257
0,377777777777778
0,377777777777778
0,377777777777778
0,374083694083694
Gen 142
0,377777777777778
0,358888888888889
0,377777777777778
0,377777777777778
0,377777777777778
0,302222222222222
Gen 143
0,377777777777778
0,358888888888889
0,377777777777778
0,377777777777778
0,377777777777778
0,302222222222222
Gen 144
0,377777777777778
0,377777777777778
0,377777777777778
0,377777777777778
0,377777777777778
0,377777777777778
Gen 145
0,377777777777778
0,336854256854257
0,377777777777778
0,377777777777778
0,377777777777778
0,214083694083694
Gen 146
0,377777777777778
0,377777777777778
0,377777777777778
0,377777777777778
0,377777777777778
0,377777777777778
Gen 147
0,377777777777778
0,322344563648912
0,377777777777778
0,377777777777778
0,377777777777778
0,156044921262313
Gen 148
0,377777777777778
0,365815295815296
0,377777777777778
0,377777777777778
0,377777777777778
0,32992784992785
Gen 149
0,377777777777778
0,367979797979798
0,377777777777778
0,377777777777778
0,377777777777778
0,338585858585859
Gen 150
0,377777777777778
0,365845410628019
0,377777777777778
0,377777777777778
0,377777777777778
0,330048309178744
Gen 151
0,377777777777778
0,377777777777778
0,377777777777778
0,377777777777778
0,377777777777778
0,377777777777778
Gen 152
0,377777777777778
0,377777777777778
0,377777777777778
0,377777777777778
0,377777777777778
0,377777777777778
Gen 153
0,377777777777778
0,377777777777778
0,377777777777778
0,377777777777778
0,377777777777778
0,377777777777778
Gen 154
0,393939393939394
0,366363636363637
0,381010101010101
0,377777777777778
0,377777777777778
0,328888888888889
Gen 155
0,393939393939394
0,387474747474748
0,393939393939394
0,393939393939394
0,384242424242424
0,377777777777778
Gen 156
0,393939393939394
0,393939393939394
0,393939393939394
0,393939393939394
0,393939393939394
0,393939393939394
Gen 157
0,393939393939394
0,338940335027291
0,393939393939394
0,393939393939394
0,393939393939394
0,173943158290984
Gen 158
0,393939393939394
0,393939393939394
0,393939393939394
0,393939393939394
0,393939393939394
0,393939393939394
Gen 159
0,393939393939394
0,374891774891775
0,393939393939394
0,393939393939394
0,393939393939394
0,317748917748918
Gen 160
0,393939393939394
0,374242424242424
0,393939393939394
0,393939393939394
0,393939393939394
0,315151515151515
Gen 161
0,393939393939394
0,393939393939394
0,393939393939394
0,393939393939394
0,393939393939394
0,393939393939394
Gen 162
0,485990338164251
0,360368906455863
0,412349582784365
0,393939393939394
0,393939393939394
0,241247255160299
Gen 163
0,485990338164251
0,405765731852688
0,485990338164251
0,485990338164251
0,393939393939394
0,257142857142857
Gen 164
0,485990338164251
0,461835748792271
0,485990338164251
0,485990338164251
0,485990338164251
0,389371980676329
Gen 165
0,497835497835498
0,486099504360374
0,488359370098501
0,485990338164251
0,485990338164251
0,484057971014493
Gen 166
0,497835497835498
0,494281949934124
0,497835497835498
0,497835497835498
0,495466465901248
0,485990338164251
Gen 167
0,497835497835498
0,476190476190476
0,497835497835498
0,497835497835498
0,497835497835498
0,411255411255411
Gen 168
0,497835497835498
0,449012485099442
0,497835497835498
0,497835497835498
0,497835497835498
0,302543446891273
Gen 169
0,497835497835498
0,497098312315704
0,497835497835498
0,497835497835498
0,497835497835498
0,494886755756321
Gen 170
0,497835497835498
0,497835497835498
0,497835497835498
0,497835497835498
0,497835497835498
0,497835497835498
Gen 171
0,497835497835498
0,497835497835498
0,497835497835498
0,497835497835498
0,497835497835498
0,497835497835498
Gen 172
0,497835497835498
0,452813852813853
0,497835497835498
0,497835497835498
0,497835497835498
0,317748917748918
Gen 173
0,497835497835498
0,49705000313696
0,497835497835498
0,497835497835498
0,497835497835498
0,494693519041345
Gen 174
0,497835497835498
0,497835497835498
0,497835497835498
0,497835497835498
0,497835497835498
0,497835497835498
Gen 175
0,497835497835498
0,477749545140849
0,497835497835498
0,497835497835498
0,497835497835498
0,417491687056904
Gen 176
0,497835497835498
0,487291549030679
0,497835497835498
0,497835497835498
0,497835497835498
0,455659702616224
Gen 177
0,497835497835498
0,485714285714286
0,497835497835498
0,497835497835498
0,497835497835498
0,449350649350649
Gen 178
0,497835497835498
0,437413890457369
0,497835497835498
0,497835497835498
0,497835497835498
0,256149068322981
Gen 179
0,497835497835498
0,474211682037769
0,497835497835498
0,497835497835498
0,497835497835498
0,403340234644582
Gen 180
0,497835497835498
0,446837944664032
0,497835497835498
0,497835497835498
0,497835497835498
0,293845285149633
Gen 181
0,497835497835498
0,497835497835498
0,497835497835498
0,497835497835498
0,497835497835498
0,497835497835498
Gen 182
0,497835497835498
0,497835497835498
0,497835497835498
0,497835497835498
0,497835497835498
0,497835497835498
Gen 183
0,497835497835498
0,4504329004329
0,497835497835498
0,497835497835498
0,497835497835498
0,308225108225108
Gen 184
0,497835497835498
0,497835497835498
0,497835497835498
0,497835497835498
0,497835497835498
0,497835497835498
Gen 185
0,497835497835498
0,481385281385281
0,497835497835498
0,497835497835498
0,497835497835498
0,432034632034632
Gen 186
0,497835497835498
0,444588744588744
0,497835497835498
0,497835497835498
0,497835497835498
0,284848484848485
Gen 187
0,497835497835498
0,497835497835498
0,497835497835498
0,497835497835498
0,497835497835498
0,497835497835498
Gen 188
0,497835497835498
0,443290043290043
0,497835497835498
0,497835497835498
0,497835497835498
0,27965367965368
Gen 189
0,497835497835498
0,497835497835498
0,497835497835498
0,497835497835498
0,497835497835498
0,497835497835498
Gen 190
0,497835497835498
0,479900244682853
0,497835497835498
0,497835497835498
0,497835497835498
0,42609448522492
Gen 191
0,497835497835498
0,497835497835498
0,497835497835498
0,497835497835498
0,497835497835498
0,497835497835498
Gen 192
0,497835497835498
0,497835497835498
0,497835497835498
0,497835497835498
0,497835497835498
0,497835497835498
Gen 193
0,497835497835498
0,497835497835498
0,497835497835498
0,497835497835498
0,497835497835498
0,497835497835498
Gen 194
0,497835497835498
0,49747223790702
0,497835497835498
0,497835497835498
0,497835497835498
0,496382458121589
Gen 195
0,497835497835498
0,497835497835498
0,497835497835498
0,497835497835498
0,497835497835498
0,497835497835498
Gen 196
0,497835497835498
0,49004329004329
0,497835497835498
0,497835497835498
0,497835497835498
0,466666666666667
Gen 197
0,497835497835498
0,472193989585294
0,497835497835498
0,497835497835498
0,497835497835498
0,395269464834682
Gen 198
0,497835497835498
0,497835497835498
0,497835497835498
0,497835497835498
0,497835497835498
0,497835497835498
Gen 199
0,497835497835498
0,43678336156597
0,497835497835498
0,497835497835498
0,497835497835498
0,253626952757388
Gen 200
0,497835497835498
0,48051948051948
0,497835497835498
0,497835497835498
0,497835497835498
0,428571428571429
Gen 201
0,497835497835498
0,497835497835498
0,497835497835498
0,497835497835498
0,497835497835498
0,497835497835498
Gen 202
0,497835497835498
0,468398268398268
0,497835497835498
0,497835497835498
0,497835497835498
0,38008658008658
Gen 203
0,497835497835498
0,472943722943723
0,497835497835498
0,497835497835498
0,497835497835498
0,398268398268398
Gen 204
0,497835497835498
0,431601731601731
0,497835497835498
0,497835497835498
0,497835497835498
0,232900432900433
Gen 205
0,497835497835498
0,497835497835498
0,497835497835498
0,497835497835498
0,497835497835498
0,497835497835498
Gen 206
0,497835497835498
0,471336972206537
0,497835497835498
0,497835497835498
0,497835497835498
0,391841395319656
Gen 207
0,497835497835498
0,474682853378505
0,497835497835498
0,497835497835498
0,497835497835498
0,405224920007529
Gen 208
0,497835497835498
0,482467532467532
0,497835497835498
0,497835497835498
0,497835497835498
0,436363636363636
Gen 209
0,497835497835498
0,459986824769433
0,497835497835498
0,497835497835498
0,497835497835498
0,34644080557124
Gen 210
0,497835497835498
0,497835497835498
0,497835497835498
0,497835497835498
0,497835497835498
0,497835497835498
Gen 211
0,497835497835498
0,497835497835498
0,497835497835498
0,497835497835498
0,497835497835498
0,497835497835498
Gen 212
0,497835497835498
0,472943722943723
0,497835497835498
0,497835497835498
0,497835497835498
0,398268398268398
Gen 213
0,497835497835498
0,484827780914737
0,497835497835498
0,497835497835498
0,497835497835498
0,445804630152456
Gen 214
0,497835497835498
0,472943722943723
0,497835497835498
0,497835497835498
0,497835497835498
0,398268398268398
Gen 215
0,497835497835498
0,497835497835498
0,497835497835498
0,497835497835498
0,497835497835498
0,497835497835498
