Gen 1
0,0909090909090909
0
0
0
0
0
0
0
0
0
0
0
0
0
0
0
0
0
0
0
Gen 2
0,103896103896104
0,0909090909090909
0,0909090909090909
0,0909090909090909
0
0
0
0
0
0
0
0
0
0
0
0
0
0
0
0
Gen 3
0,103896103896104
0,103896103896104
0,103896103896104
0,0909090909090909
0,0909090909090909
0,0909090909090909
0,0909090909090909
0,0909090909090909
0,0909090909090909
0,0909090909090909
0,0909090909090909
0,0909090909090909
0,0909090909090909
0
0
0
0
0
0
0
Gen 4
0,103896103896104
0,103896103896104
0,103896103896104
0,103896103896104
0,103896103896104
0,103896103896104
0,103896103896104
0,103896103896104
0,103896103896104
0,103896103896104
0,103896103896104
0,103896103896104
0,103896103896104
0,103896103896104
0,103896103896104
0,103896103896104
0,0909090909090909
0,0909090909090909
0,0909090909090909
0
Gen 5
0,103896103896104
0,103896103896104
0,103896103896104
0,103896103896104
0,103896103896104
0,103896103896104
0,103896103896104
0,103896103896104
0,103896103896104
0,103896103896104
0,103896103896104
0,103896103896104
0,103896103896104
0,103896103896104
0,103896103896104
0,103896103896104
0,103896103896104
0,103896103896104
0,103896103896104
0,103896103896104
Gen 6
0,138528138528139
0,103896103896104
0,103896103896104
0,103896103896104
0,103896103896104
0,103896103896104
0,103896103896104
0,103896103896104
0,103896103896104
0,103896103896104
0,103896103896104
0,103896103896104
0,103896103896104
0,103896103896104
0,103896103896104
0,103896103896104
0,103896103896104
0,103896103896104
0,103896103896104
0
Gen 7
0,138528138528139
0,138528138528139
0,138528138528139
0,138528138528139
0,138528138528139
0,138528138528139
0,138528138528139
0,138528138528139
0,103896103896104
0,103896103896104
0,103896103896104
0,103896103896104
0,103896103896104
0,103896103896104
0,103896103896104
0,103896103896104
0,103896103896104
0,103896103896104
0,103896103896104
0,103896103896104
Gen 8
0,138528138528139
0,138528138528139
0,138528138528139
0,138528138528139
0,138528138528139
0,138528138528139
0,138528138528139
0,138528138528139
0,138528138528139
0,138528138528139
0,138528138528139
0,138528138528139
0,138528138528139
0,138528138528139
0,138528138528139
0,138528138528139
0,138528138528139
0,138528138528139
0,138528138528139
0,138528138528139
Gen 9
0,138528138528139
0,138528138528139
0,138528138528139
0,138528138528139
0,138528138528139
0,138528138528139
0,138528138528139
0,138528138528139
0,138528138528139
0,138528138528139
0,138528138528139
0,138528138528139
0,138528138528139
0,138528138528139
0,138528138528139
0,138528138528139
0,138528138528139
0,138528138528139
0,138528138528139
0,138528138528139
Gen 10
0,138528138528139
0,138528138528139
0,138528138528139
0,138528138528139
0,138528138528139
0,138528138528139
0,138528138528139
0,138528138528139
0,138528138528139
0,138528138528139
0,138528138528139
0,138528138528139
0,138528138528139
0,138528138528139
0,138528138528139
0,138528138528139
0,138528138528139
0,138528138528139
0,0822510822510823
0
Gen 11
0,138528138528139
0,138528138528139
0,138528138528139
0,138528138528139
0,138528138528139
0,138528138528139
0,138528138528139
0,138528138528139
0,138528138528139
0,138528138528139
0,138528138528139
0,138528138528139
0,138528138528139
0,138528138528139
0,138528138528139
0,138528138528139
0,138528138528139
0,138528138528139
0,138528138528139
0,121212121212121
Gen 12
0,138528138528139
0,138528138528139
0,138528138528139
0,138528138528139
0,138528138528139
0,138528138528139
0,138528138528139
0,138528138528139
0,138528138528139
0,138528138528139
0,138528138528139
0,138528138528139
0,138528138528139
0,138528138528139
0,138528138528139
0,138528138528139
0,138528138528139
0,138528138528139
0,138528138528139
0,103896103896104
Gen 13
0,138528138528139
0,138528138528139
0,138528138528139
0,138528138528139
0,138528138528139
0,138528138528139
0,138528138528139
0,138528138528139
0,138528138528139
0,138528138528139
0,138528138528139
0,138528138528139
0,138528138528139
0,138528138528139
0,138528138528139
0,138528138528139
0,138528138528139
0,138528138528139
0,138528138528139
0,116883116883117
Gen 14
0,138528138528139
0,138528138528139
0,138528138528139
0,138528138528139
0,138528138528139
0,138528138528139
0,138528138528139
0,138528138528139
0,138528138528139
0,138528138528139
0,138528138528139
0,138528138528139
0,138528138528139
0,138528138528139
0,138528138528139
0,138528138528139
0,138528138528139
0,138528138528139
0,138528138528139
0,0822510822510823
Gen 15
0,138528138528139
0,138528138528139
0,138528138528139
0,138528138528139
0,138528138528139
0,138528138528139
0,138528138528139
0,138528138528139
0,138528138528139
0,138528138528139
0,138528138528139
0,138528138528139
0,138528138528139
0,138528138528139
0,138528138528139
0,138528138528139
0,138528138528139
0,138528138528139
0,138528138528139
0,0985507246376812
Gen 16
0,138528138528139
0,138528138528139
0,138528138528139
0,138528138528139
0,138528138528139
0,138528138528139
0,138528138528139
0,138528138528139
0,138528138528139
0,138528138528139
0,138528138528139
0,138528138528139
0,138528138528139
0,138528138528139
0,138528138528139
0,138528138528139
0,138528138528139
0,138528138528139
0,138528138528139
0,0692640692640693
Gen 17
0,156521739130435
0,138528138528139
0,138528138528139
0,138528138528139
0,138528138528139
0,138528138528139
0,138528138528139
0,138528138528139
0,138528138528139
0,138528138528139
0,138528138528139
0,138528138528139
0,138528138528139
0,138528138528139
0,138528138528139
0,138528138528139
0,138528138528139
0,138528138528139
0,103896103896104
0
Gen 18
0,156521739130435
0,156521739130435
0,156521739130435
0,156521739130435
0,156521739130435
0,156521739130435
0,156521739130435
0,156521739130435
0,138528138528139
0,138528138528139
0,138528138528139
0,138528138528139
0,138528138528139
0,138528138528139
0,138528138528139
0,138528138528139
0,138528138528139
0,138528138528139
0,138528138528139
0,138528138528139
Gen 19
0,156521739130435
0,156521739130435
0,156521739130435
0,156521739130435
0,156521739130435
0,156521739130435
0,156521739130435
0,156521739130435
0,156521739130435
0,156521739130435
0,156521739130435
0,156521739130435
0,156521739130435
0,156521739130435
0,156521739130435
0,156521739130435
0,156521739130435
0,156521739130435
0,143961352657005
0
Gen 20
0,156521739130435
0,156521739130435
0,156521739130435
0,156521739130435
0,156521739130435
0,156521739130435
0,156521739130435
0,156521739130435
0,156521739130435
0,156521739130435
0,156521739130435
0,156521739130435
0,156521739130435
0,156521739130435
0,156521739130435
0,156521739130435
0,156521739130435
0,156521739130435
0,156521739130435
0,156521739130435
Gen 21
0,156521739130435
0,156521739130435
0,156521739130435
0,156521739130435
0,156521739130435
0,156521739130435
0,156521739130435
0,156521739130435
0,156521739130435
0,156521739130435
0,156521739130435
0,156521739130435
0,156521739130435
0,156521739130435
0,156521739130435
0,156521739130435
0,156521739130435
0,156521739130435
0,156521739130435
0
Gen 22
0,156521739130435
0,156521739130435
0,156521739130435
0,156521739130435
0,156521739130435
0,156521739130435
0,156521739130435
0,156521739130435
0,156521739130435
0,156521739130435
0,156521739130435
0,156521739130435
0,156521739130435
0,156521739130435
0,156521739130435
0,156521739130435
0,156521739130435
0,156521739130435
0,156521739130435
0,153623188405797
Gen 23
0,156521739130435
0,156521739130435
0,156521739130435
0,156521739130435
0,156521739130435
0,156521739130435
0,156521739130435
0,156521739130435
0,156521739130435
0,156521739130435
0,156521739130435
0,156521739130435
0,156521739130435
0,156521739130435
0,156521739130435
0,156521739130435
0,156521739130435
0,156521739130435
0,142857142857143
0,12987012987013
Gen 24
0,156521739130435
0,156521739130435
0,156521739130435
0,156521739130435
0,156521739130435
0,156521739130435
0,156521739130435
0,156521739130435
0,156521739130435
0,156521739130435
0,156521739130435
0,156521739130435
0,156521739130435
0,156521739130435
0,156521739130435
0,156521739130435
0,156521739130435
0,156521739130435
0,156521739130435
0,0346320346320346
Gen 25
0,156521739130435
0,156521739130435
0,156521739130435
0,156521739130435
0,156521739130435
0,156521739130435
0,156521739130435
0,156521739130435
0,156521739130435
0,156521739130435
0,156521739130435
0,156521739130435
0,156521739130435
0,156521739130435
0,156521739130435
0,156521739130435
0,156521739130435
0,156521739130435
0,156521739130435
0,0606060606060606
Gen 26
0,156521739130435
0,156521739130435
0,156521739130435
0,156521739130435
0,156521739130435
0,156521739130435
0,156521739130435
0,156521739130435
0,156521739130435
0,156521739130435
0,156521739130435
0,156521739130435
0,156521739130435
0,156521739130435
0,156521739130435
0,156521739130435
0,156521739130435
0,103896103896104
0,0909090909090909
0
Gen 27
0,156521739130435
0,156521739130435
0,156521739130435
0,156521739130435
0,156521739130435
0,156521739130435
0,156521739130435
0,156521739130435
0,156521739130435
0,156521739130435
0,156521739130435
0,156521739130435
0,156521739130435
0,156521739130435
0,156521739130435
0,156521739130435
0,156521739130435
0,156521739130435
0,156521739130435
0,156521739130435
Gen 28
0,156521739130435
0,156521739130435
0,156521739130435
0,156521739130435
0,156521739130435
0,156521739130435
0,156521739130435
0,156521739130435
0,156521739130435
0,156521739130435
0,156521739130435
0,156521739130435
0,156521739130435
0,156521739130435
0,156521739130435
0,156521739130435
0,156521739130435
0,156521739130435
0,156521739130435
0,156521739130435
Gen 29
0,156521739130435
0,156521739130435
0,156521739130435
0,156521739130435
0,156521739130435
0,156521739130435
0,156521739130435
0,156521739130435
0,156521739130435
0,156521739130435
0,156521739130435
0,156521739130435
0,156521739130435
0,156521739130435
0,156521739130435
0,156521739130435
0,156521739130435
0,156521739130435
0,156521739130435
0
Gen 30
0,156521739130435
0,156521739130435
0,156521739130435
0,156521739130435
0,156521739130435
0,156521739130435
0,156521739130435
0,156521739130435
0,156521739130435
0,156521739130435
0,156521739130435
0,156521739130435
0,156521739130435
0,156521739130435
0,156521739130435
0,156521739130435
0,156521739130435
0,156521739130435
0,143961352657005
0,121212121212121
Gen 31
0,156521739130435
0,156521739130435
0,156521739130435
0,156521739130435
0,156521739130435
0,156521739130435
0,156521739130435
0,156521739130435
0,156521739130435
0,156521739130435
0,156521739130435
0,156521739130435
0,156521739130435
0,156521739130435
0,156521739130435
0,156521739130435
0,156521739130435
0,156521739130435
0,103896103896104
0
Gen 32
0,156521739130435
0,156521739130435
0,156521739130435
0,156521739130435
0,156521739130435
0,156521739130435
0,156521739130435
0,156521739130435
0,156521739130435
0,156521739130435
0,156521739130435
0,156521739130435
0,156521739130435
0,156521739130435
0,156521739130435
0,156521739130435
0,156521739130435
0,156521739130435
0,156521739130435
0,156521739130435
Gen 33
0,156521739130435
0,156521739130435
0,156521739130435
0,156521739130435
0,156521739130435
0,156521739130435
0,156521739130435
0,156521739130435
0,156521739130435
0,156521739130435
0,156521739130435
0,156521739130435
0,156521739130435
0,156521739130435
0,156521739130435
0,156521739130435
0,156521739130435
0,156521739130435
0,156521739130435
0,156521739130435
Gen 34
0,156521739130435
0,156521739130435
0,156521739130435
0,156521739130435
0,156521739130435
0,156521739130435
0,156521739130435
0,156521739130435
0,156521739130435
0,156521739130435
0,156521739130435
0,156521739130435
0,156521739130435
0,156521739130435
0,156521739130435
0,156521739130435
0,156521739130435
0,156521739130435
0,156521739130435
0,156521739130435
Gen 35
0,156521739130435
0,156521739130435
0,156521739130435
0,156521739130435
0,156521739130435
0,156521739130435
0,156521739130435
0,156521739130435
0,156521739130435
0,156521739130435
0,156521739130435
0,156521739130435
0,156521739130435
0,156521739130435
0,156521739130435
0,156521739130435
0,156521739130435
0,156521739130435
0,156521739130435
0,0985507246376812
Gen 36
0,156521739130435
0,156521739130435
0,156521739130435
0,156521739130435
0,156521739130435
0,156521739130435
0,156521739130435
0,156521739130435
0,156521739130435
0,156521739130435
0,156521739130435
0,156521739130435
0,156521739130435
0,156521739130435
0,156521739130435
0,156521739130435
0,156521739130435
0,156521739130435
0,156521739130435
0,156521739130435
Gen 37
0,156521739130435
0,156521739130435
0,156521739130435
0,156521739130435
0,156521739130435
0,156521739130435
0,156521739130435
0,156521739130435
0,156521739130435
0,156521739130435
0,156521739130435
0,156521739130435
0,156521739130435
0,156521739130435
0,156521739130435
0,156521739130435
0,156521739130435
0,156521739130435
0,103896103896104
0,0216450216450216
Gen 38
0,156521739130435
0,156521739130435
0,156521739130435
0,156521739130435
0,156521739130435
0,156521739130435
0,156521739130435
0,156521739130435
0,156521739130435
0,156521739130435
0,156521739130435
0,156521739130435
0,156521739130435
0,156521739130435
0,156521739130435
0,156521739130435
0,156521739130435
0,156521739130435
0,156521739130435
0,156521739130435
Gen 39
0,156521739130435
0,156521739130435
0,156521739130435
0,156521739130435
0,156521739130435
0,156521739130435
0,156521739130435
0,156521739130435
0,156521739130435
0,156521739130435
0,156521739130435
0,156521739130435
0,156521739130435
0,156521739130435
0,156521739130435
0,156521739130435
0,156521739130435
0,156521739130435
0,103896103896104
0
Gen 40
0,16017316017316
0,156521739130435
0,156521739130435
0,156521739130435
0,156521739130435
0,156521739130435
0,156521739130435
0,156521739130435
0,156521739130435
0,156521739130435
0,156521739130435
0,156521739130435
0,156521739130435
0,156521739130435
0,156521739130435
0,156521739130435
0,156521739130435
0,156521739130435
0,138528138528139
0
Gen 41
0,16017316017316
0,16017316017316
0,16017316017316
0,16017316017316
0,16017316017316
0,16017316017316
0,16017316017316
0,16017316017316
0,16017316017316
0,16017316017316
0,16017316017316
0,156521739130435
0,156521739130435
0,156521739130435
0,156521739130435
0,156521739130435
0,156521739130435
0,156521739130435
0,156521739130435
0,156521739130435
Gen 42
0,16017316017316
0,16017316017316
0,16017316017316
0,16017316017316
0,16017316017316
0,16017316017316
0,16017316017316
0,16017316017316
0,16017316017316
0,16017316017316
0,16017316017316
0,16017316017316
0,16017316017316
0,16017316017316
0,16017316017316
0,16017316017316
0,16017316017316
0,103896103896104
0
0
Gen 43
0,16017316017316
0,16017316017316
0,16017316017316
0,16017316017316
0,16017316017316
0,16017316017316
0,16017316017316
0,16017316017316
0,16017316017316
0,16017316017316
0,16017316017316
0,16017316017316
0,16017316017316
0,16017316017316
0,16017316017316
0,16017316017316
0,16017316017316
0,16017316017316
0,16017316017316
0
Gen 44
0,16017316017316
0,16017316017316
0,16017316017316
0,16017316017316
0,16017316017316
0,16017316017316
0,16017316017316
0,16017316017316
0,16017316017316
0,16017316017316
0,16017316017316
0,16017316017316
0,16017316017316
0,16017316017316
0,16017316017316
0,16017316017316
0,16017316017316
0,16017316017316
0,16017316017316
0,16017316017316
Gen 45
0,16017316017316
0,16017316017316
0,16017316017316
0,16017316017316
0,16017316017316
0,16017316017316
0,16017316017316
0,16017316017316
0,16017316017316
0,16017316017316
0,16017316017316
0,16017316017316
0,16017316017316
0,16017316017316
0,16017316017316
0,16017316017316
0,16017316017316
0,112554112554113
0
0
Gen 46
0,16017316017316
0,16017316017316
0,16017316017316
0,16017316017316
0,16017316017316
0,16017316017316
0,16017316017316
0,16017316017316
0,16017316017316
0,16017316017316
0,16017316017316
0,16017316017316
0,16017316017316
0,16017316017316
0,16017316017316
0,16017316017316
0,16017316017316
0,16017316017316
0,16017316017316
0,156521739130435
Gen 47
0,16017316017316
0,16017316017316
0,16017316017316
0,16017316017316
0,16017316017316
0,16017316017316
0,16017316017316
0,16017316017316
0,16017316017316
0,16017316017316
0,16017316017316
0,16017316017316
0,16017316017316
0,16017316017316
0,16017316017316
0,16017316017316
0,16017316017316
0,16017316017316
0,16017316017316
0
Gen 48
0,16017316017316
0,16017316017316
0,16017316017316
0,16017316017316
0,16017316017316
0,16017316017316
0,16017316017316
0,16017316017316
0,16017316017316
0,16017316017316
0,16017316017316
0,16017316017316
0,16017316017316
0,16017316017316
0,16017316017316
0,16017316017316
0,16017316017316
0,16017316017316
0,16017316017316
0,16017316017316
Gen 49
0,16017316017316
0,16017316017316
0,16017316017316
0,16017316017316
0,16017316017316
0,16017316017316
0,16017316017316
0,16017316017316
0,16017316017316
0,16017316017316
0,16017316017316
0,16017316017316
0,16017316017316
0,16017316017316
0,16017316017316
0,16017316017316
0,16017316017316
0,16017316017316
0,16017316017316
0,16017316017316
Gen 50
0,16017316017316
0,16017316017316
0,16017316017316
0,16017316017316
0,16017316017316
0,16017316017316
0,16017316017316
0,16017316017316
0,16017316017316
0,16017316017316
0,16017316017316
0,16017316017316
0,16017316017316
0,16017316017316
0,16017316017316
0,16017316017316
0,16017316017316
0,16017316017316
0,16017316017316
0,103896103896104
Gen 51
0,16017316017316
0,16017316017316
0,16017316017316
0,16017316017316
0,16017316017316
0,16017316017316
0,16017316017316
0,16017316017316
0,16017316017316
0,16017316017316
0,16017316017316
0,16017316017316
0,16017316017316
0,16017316017316
0,16017316017316
0,16017316017316
0,16017316017316
0,16017316017316
0,16017316017316
0
Gen 52
0,16017316017316
0,16017316017316
0,16017316017316
0,16017316017316
0,16017316017316
0,16017316017316
0,16017316017316
0,16017316017316
0,16017316017316
0,16017316017316
0,16017316017316
0,16017316017316
0,16017316017316
0,16017316017316
0,16017316017316
0,16017316017316
0,16017316017316
0,16017316017316
0,0735930735930736
0
Gen 53
0,16017316017316
0,16017316017316
0,16017316017316
0,16017316017316
0,16017316017316
0,16017316017316
0,16017316017316
0,16017316017316
0,16017316017316
0,16017316017316
0,16017316017316
0,16017316017316
0,16017316017316
0,16017316017316
0,16017316017316
0,16017316017316
0,156521739130435
0,156521739130435
0,142857142857143
0,0952380952380952
Gen 54
0,16017316017316
0,16017316017316
0,16017316017316
0,16017316017316
0,16017316017316
0,16017316017316
0,16017316017316
0,16017316017316
0,16017316017316
0,16017316017316
0,16017316017316
0,16017316017316
0,16017316017316
0,16017316017316
0,16017316017316
0,16017316017316
0,16017316017316
0,16017316017316
0,16017316017316
0,16017316017316
Gen 55
0,170048309178744
0,16017316017316
0,16017316017316
0,16017316017316
0,16017316017316
0,16017316017316
0,16017316017316
0,16017316017316
0,16017316017316
0,16017316017316
0,16017316017316
0,16017316017316
0,16017316017316
0,16017316017316
0,16017316017316
0,16017316017316
0,16017316017316
0,16017316017316
0,16017316017316
0,16017316017316
Gen 56
0,170048309178744
0,170048309178744
0,170048309178744
0,170048309178744
0,170048309178744
0,170048309178744
0,170048309178744
0,16017316017316
0,16017316017316
0,16017316017316
0,16017316017316
0,16017316017316
0,16017316017316
0,16017316017316
0,16017316017316
0,16017316017316
0,16017316017316
0,0346320346320346
0
0
Gen 57
0,170048309178744
0,170048309178744
0,170048309178744
0,170048309178744
0,170048309178744
0,170048309178744
0,170048309178744
0,170048309178744
0,170048309178744
0,170048309178744
0,170048309178744
0,170048309178744
0,170048309178744
0,170048309178744
0,170048309178744
0,170048309178744
0,170048309178744
0,170048309178744
0,16017316017316
0,130434782608696
Gen 58
0,170048309178744
0,170048309178744
0,170048309178744
0,170048309178744
0,170048309178744
0,170048309178744
0,170048309178744
0,170048309178744
0,170048309178744
0,170048309178744
0,170048309178744
0,170048309178744
0,170048309178744
0,170048309178744
0,170048309178744
0,170048309178744
0,170048309178744
0,170048309178744
0,170048309178744
0,170048309178744
Gen 59
0,170048309178744
0,170048309178744
0,170048309178744
0,170048309178744
0,170048309178744
0,170048309178744
0,170048309178744
0,170048309178744
0,170048309178744
0,170048309178744
0,170048309178744
0,170048309178744
0,170048309178744
0,170048309178744
0,170048309178744
0,170048309178744
0,170048309178744
0,170048309178744
0
0
Gen 60
0,170048309178744
0,170048309178744
0,170048309178744
0,170048309178744
0,170048309178744
0,170048309178744
0,170048309178744
0,170048309178744
0,170048309178744
0,170048309178744
0,170048309178744
0,170048309178744
0,170048309178744
0,170048309178744
0,170048309178744
0,170048309178744
0,170048309178744
0,170048309178744
0,170048309178744
0,170048309178744
Gen 61
0,170048309178744
0,170048309178744
0,170048309178744
0,170048309178744
0,170048309178744
0,170048309178744
0,170048309178744
0,170048309178744
0,170048309178744
0,170048309178744
0,170048309178744
0,170048309178744
0,170048309178744
0,170048309178744
0,170048309178744
0,170048309178744
0,170048309178744
0,170048309178744
0,170048309178744
0,170048309178744
Gen 62
0,170048309178744
0,170048309178744
0,170048309178744
0,170048309178744
0,170048309178744
0,170048309178744
0,170048309178744
0,170048309178744
0,170048309178744
0,170048309178744
0,170048309178744
0,170048309178744
0,170048309178744
0,170048309178744
0,170048309178744
0,170048309178744
0,170048309178744
0,170048309178744
0,170048309178744
0,147186147186147
Gen 63
0,324675324675325
0,170048309178744
0,170048309178744
0,170048309178744
0,170048309178744
0,170048309178744
0,170048309178744
0,170048309178744
0,170048309178744
0,170048309178744
0,170048309178744
0,170048309178744
0,170048309178744
0,170048309178744
0,170048309178744
0,170048309178744
0,170048309178744
0,170048309178744
0,170048309178744
0
Gen 64
0,324675324675325
0,324675324675325
0,324675324675325
0,324675324675325
0,324675324675325
0,324675324675325
0,324675324675325
0,170048309178744
0,170048309178744
0,170048309178744
0,170048309178744
0,170048309178744
0,170048309178744
0,170048309178744
0,170048309178744
0,170048309178744
0,170048309178744
0,170048309178744
0,156521739130435
0
Gen 65
0,324675324675325
0,324675324675325
0,324675324675325
0,324675324675325
0,324675324675325
0,324675324675325
0,324675324675325
0,324675324675325
0,324675324675325
0,324675324675325
0,324675324675325
0,324675324675325
0,324675324675325
0,324675324675325
0,324675324675325
0,324675324675325
0,324675324675325
0,324675324675325
0,303030303030303
0,170048309178744
Gen 66
0,324675324675325
0,324675324675325
0,324675324675325
0,324675324675325
0,324675324675325
0,324675324675325
0,324675324675325
0,324675324675325
0,324675324675325
0,324675324675325
0,324675324675325
0,324675324675325
0,324675324675325
0,324675324675325
0,324675324675325
0,324675324675325
0,324675324675325
0,324675324675325
0,0952380952380952
0,0432900432900433
Gen 67
0,324675324675325
0,324675324675325
0,324675324675325
0,324675324675325
0,324675324675325
0,324675324675325
0,324675324675325
0,324675324675325
0,324675324675325
0,324675324675325
0,324675324675325
0,324675324675325
0,324675324675325
0,324675324675325
0,324675324675325
0,324675324675325
0,324675324675325
0,324675324675325
0,324675324675325
0,324675324675325
Gen 68
0,324675324675325
0,324675324675325
0,324675324675325
0,324675324675325
0,324675324675325
0,324675324675325
0,324675324675325
0,324675324675325
0,324675324675325
0,324675324675325
0,324675324675325
0,324675324675325
0,324675324675325
0,324675324675325
0,324675324675325
0,324675324675325
0,324675324675325
0,324675324675325
0
0
Gen 69
0,324675324675325
0,324675324675325
0,324675324675325
0,324675324675325
0,324675324675325
0,324675324675325
0,324675324675325
0,324675324675325
0,324675324675325
0,324675324675325
0,324675324675325
0,324675324675325
0,324675324675325
0,324675324675325
0,324675324675325
0,324675324675325
0,324675324675325
0,324675324675325
0,324675324675325
0,324675324675325
Gen 70
0,324675324675325
0,324675324675325
0,324675324675325
0,324675324675325
0,324675324675325
0,324675324675325
0,324675324675325
0,324675324675325
0,324675324675325
0,324675324675325
0,324675324675325
0,324675324675325
0,324675324675325
0,324675324675325
0,324675324675325
0,324675324675325
0,324675324675325
0,324675324675325
0,324675324675325
0
Gen 71
0,324675324675325
0,324675324675325
0,324675324675325
0,324675324675325
0,324675324675325
0,324675324675325
0,324675324675325
0,324675324675325
0,324675324675325
0,324675324675325
0,324675324675325
0,324675324675325
0,324675324675325
0,324675324675325
0,324675324675325
0,324675324675325
0,324675324675325
0,324675324675325
0,324675324675325
0,324675324675325
Gen 72
0,601731601731602
0,324675324675325
0,324675324675325
0,324675324675325
0,324675324675325
0,324675324675325
0,324675324675325
0,324675324675325
0,324675324675325
0,324675324675325
0,324675324675325
0,324675324675325
0,324675324675325
0,324675324675325
0,324675324675325
0,324675324675325
0,324675324675325
0,324675324675325
0,324675324675325
0,29004329004329
Gen 73
0,635748792270531
0,601731601731602
0,601731601731602
0,601731601731602
0,324675324675325
0,324675324675325
0,324675324675325
0,324675324675325
0,324675324675325
0,324675324675325
0,324675324675325
0,324675324675325
0,324675324675325
0,324675324675325
0,324675324675325
0,324675324675325
0,324675324675325
0,324675324675325
0,324675324675325
0,324675324675325
Gen 74
0,635748792270531
0,635748792270531
0,635748792270531
0,635748792270531
0,635748792270531
0,601731601731602
0,601731601731602
0,601731601731602
0,601731601731602
0,601731601731602
0,601731601731602
0,601731601731602
0,601731601731602
0,601731601731602
0,324675324675325
0,324675324675325
0,324675324675325
0,324675324675325
0,324675324675325
0,324675324675325
Gen 75
0,635748792270531
0,635748792270531
0,635748792270531
0,635748792270531
0,635748792270531
0,635748792270531
0,635748792270531
0,635748792270531
0,635748792270531
0,635748792270531
0,635748792270531
0,635748792270531
0,635748792270531
0,635748792270531
0,601731601731602
0,601731601731602
0,601731601731602
0,601731601731602
0,0952380952380952
0,0952380952380952
Gen 76
0,635748792270531
0,635748792270531
0,635748792270531
0,635748792270531
0,635748792270531
0,635748792270531
0,635748792270531
0,635748792270531
0,635748792270531
0,635748792270531
0,635748792270531
0,635748792270531
0,635748792270531
0,635748792270531
0,635748792270531
0,635748792270531
0,635748792270531
0,635748792270531
0,635748792270531
0,0952380952380952
Gen 77
0,635748792270531
0,635748792270531
0,635748792270531
0,635748792270531
0,635748792270531
0,635748792270531
0,635748792270531
0,635748792270531
0,635748792270531
0,635748792270531
0,635748792270531
0,635748792270531
0,635748792270531
0,635748792270531
0,635748792270531
0,635748792270531
0,635748792270531
0,635748792270531
0,635748792270531
0,635748792270531
Gen 78
0,635748792270531
0,635748792270531
0,635748792270531
0,635748792270531
0,635748792270531
0,635748792270531
0,635748792270531
0,635748792270531
0,635748792270531
0,635748792270531
0,635748792270531
0,635748792270531
0,635748792270531
0,635748792270531
0,635748792270531
0,635748792270531
0,635748792270531
0,635748792270531
0,519480519480519
0
Gen 79
0,636363636363636
0,635748792270531
0,635748792270531
0,635748792270531
0,635748792270531
0,635748792270531
0,635748792270531
0,635748792270531
0,635748792270531
0,635748792270531
0,635748792270531
0,635748792270531
0,635748792270531
0,635748792270531
0,635748792270531
0,635748792270531
0,635748792270531
0,635748792270531
0,575757575757576
0,121212121212121
Gen 80
0,636363636363636
0,636363636363636
0,636363636363636
0,636363636363636
0,636363636363636
0,636363636363636
0,636363636363636
0,636363636363636
0,636363636363636
0,636363636363636
0,636363636363636
0,635748792270531
0,635748792270531
0,635748792270531
0,635748792270531
0,635748792270531
0,635748792270531
0,635748792270531
0,635748792270531
0,575757575757576
Gen 81
0,636363636363636
0,636363636363636
0,636363636363636
0,636363636363636
0,636363636363636
0,636363636363636
0,636363636363636
0,636363636363636
0,636363636363636
0,636363636363636
0,636363636363636
0,636363636363636
0,636363636363636
0,636363636363636
0,636363636363636
0,636363636363636
0,636363636363636
0,636363636363636
0,636363636363636
0,636363636363636
Gen 82
0,636363636363636
0,636363636363636
0,636363636363636
0,636363636363636
0,636363636363636
0,636363636363636
0,636363636363636
0,636363636363636
0,636363636363636
0,636363636363636
0,636363636363636
0,636363636363636
0,636363636363636
0,636363636363636
0,636363636363636
0,636363636363636
0,636363636363636
0,636363636363636
0,636363636363636
0,636363636363636
Gen 83
0,636363636363636
0,636363636363636
0,636363636363636
0,636363636363636
0,636363636363636
0,636363636363636
0,636363636363636
0,636363636363636
0,636363636363636
0,636363636363636
0,636363636363636
0,636363636363636
0,636363636363636
0,636363636363636
0,636363636363636
0,636363636363636
0,636363636363636
0,636363636363636
0,636363636363636
0,636363636363636
Gen 84
0,636363636363636
0,636363636363636
0,636363636363636
0,636363636363636
0,636363636363636
0,636363636363636
0,636363636363636
0,636363636363636
0,636363636363636
0,636363636363636
0,636363636363636
0,636363636363636
0,636363636363636
0,636363636363636
0,636363636363636
0,636363636363636
0,636363636363636
0,636363636363636
0,636363636363636
0,636363636363636
Gen 85
0,636363636363636
0,636363636363636
0,636363636363636
0,636363636363636
0,636363636363636
0,636363636363636
0,636363636363636
0,636363636363636
0,636363636363636
0,636363636363636
0,636363636363636
0,636363636363636
0,636363636363636
0,636363636363636
0,636363636363636
0,636363636363636
0,636363636363636
0,636363636363636
0,636363636363636
0
Gen 86
0,636363636363636
0,636363636363636
0,636363636363636
0,636363636363636
0,636363636363636
0,636363636363636
0,636363636363636
0,636363636363636
0,636363636363636
0,636363636363636
0,636363636363636
0,636363636363636
0,636363636363636
0,636363636363636
0,636363636363636
0,636363636363636
0,636363636363636
0,636363636363636
0,121212121212121
0,012987012987013
Gen 87
0,636363636363636
0,636363636363636
0,636363636363636
0,636363636363636
0,636363636363636
0,636363636363636
0,636363636363636
0,636363636363636
0,636363636363636
0,636363636363636
0,636363636363636
0,636363636363636
0,636363636363636
0,636363636363636
0,636363636363636
0,636363636363636
0,636363636363636
0,636363636363636
0,636363636363636
0,636363636363636
Gen 88
0,636363636363636
0,636363636363636
0,636363636363636
0,636363636363636
0,636363636363636
0,636363636363636
0,636363636363636
0,636363636363636
0,636363636363636
0,636363636363636
0,636363636363636
0,636363636363636
0,636363636363636
0,636363636363636
0,636363636363636
0,636363636363636
0,636363636363636
0,636363636363636
0,636363636363636
0,636363636363636
Gen 89
0,636363636363636
0,636363636363636
0,636363636363636
0,636363636363636
0,636363636363636
0,636363636363636
0,636363636363636
0,636363636363636
0,636363636363636
0,636363636363636
0,636363636363636
0,636363636363636
0,636363636363636
0,636363636363636
0,636363636363636
0,636363636363636
0,636363636363636
0,636363636363636
0,636363636363636
0,636363636363636
Gen 90
0,636363636363636
0,636363636363636
0,636363636363636
0,636363636363636
0,636363636363636
0,636363636363636
0,636363636363636
0,636363636363636
0,636363636363636
0,636363636363636
0,636363636363636
0,636363636363636
0,636363636363636
0,636363636363636
0,636363636363636
0,636363636363636
0,636363636363636
0,636363636363636
0,636363636363636
0,519480519480519
Gen 91
0,636363636363636
0,636363636363636
0,636363636363636
0,636363636363636
0,636363636363636
0,636363636363636
0,636363636363636
0,636363636363636
0,636363636363636
0,636363636363636
0,636363636363636
0,636363636363636
0,636363636363636
0,636363636363636
0,636363636363636
0,636363636363636
0,636363636363636
0,636363636363636
0,0952380952380952
0
Gen 92
0,636363636363636
0,636363636363636
0,636363636363636
0,636363636363636
0,636363636363636
0,636363636363636
0,636363636363636
0,636363636363636
0,636363636363636
0,636363636363636
0,636363636363636
0,636363636363636
0,636363636363636
0,636363636363636
0,636363636363636
0,636363636363636
0,636363636363636
0,636363636363636
0,636363636363636
0,121212121212121
Gen 93
0,636363636363636
0,636363636363636
0,636363636363636
0,636363636363636
0,636363636363636
0,636363636363636
0,636363636363636
0,636363636363636
0,636363636363636
0,636363636363636
0,636363636363636
0,636363636363636
0,636363636363636
0,636363636363636
0,636363636363636
0,636363636363636
0,636363636363636
0,636363636363636
0,636363636363636
0,575757575757576
Gen 94
0,636363636363636
0,636363636363636
0,636363636363636
0,636363636363636
0,636363636363636
0,636363636363636
0,636363636363636
0,636363636363636
0,636363636363636
0,636363636363636
0,636363636363636
0,636363636363636
0,636363636363636
0,636363636363636
0,636363636363636
0,636363636363636
0,636363636363636
0,636363636363636
0,636363636363636
0,636363636363636
Gen 95
0,636363636363636
0,636363636363636
0,636363636363636
0,636363636363636
0,636363636363636
0,636363636363636
0,636363636363636
0,636363636363636
0,636363636363636
0,636363636363636
0,636363636363636
0,636363636363636
0,636363636363636
0,636363636363636
0,636363636363636
0,636363636363636
0,636363636363636
0,636363636363636
0,636363636363636
0,636363636363636
Gen 96
0,636363636363636
0,636363636363636
0,636363636363636
0,636363636363636
0,636363636363636
0,636363636363636
0,636363636363636
0,636363636363636
0,636363636363636
0,636363636363636
0,636363636363636
0,636363636363636
0,636363636363636
0,636363636363636
0,636363636363636
0,636363636363636
0,636363636363636
0,636363636363636
0,636363636363636
0,567099567099567
Gen 97
0,636363636363636
0,636363636363636
0,636363636363636
0,636363636363636
0,636363636363636
0,636363636363636
0,636363636363636
0,636363636363636
0,636363636363636
0,636363636363636
0,636363636363636
0,636363636363636
0,636363636363636
0,636363636363636
0,636363636363636
0,636363636363636
0,636363636363636
0,636363636363636
0,636363636363636
0
Gen 98
0,636363636363636
0,636363636363636
0,636363636363636
0,636363636363636
0,636363636363636
0,636363636363636
0,636363636363636
0,636363636363636
0,636363636363636
0,636363636363636
0,636363636363636
0,636363636363636
0,636363636363636
0,636363636363636
0,636363636363636
0,636363636363636
0,636363636363636
0,636363636363636
0,636363636363636
0,636363636363636
Gen 99
0,636363636363636
0,636363636363636
0,636363636363636
0,636363636363636
0,636363636363636
0,636363636363636
0,636363636363636
0,636363636363636
0,636363636363636
0,636363636363636
0,636363636363636
0,636363636363636
0,636363636363636
0,636363636363636
0,636363636363636
0,636363636363636
0,636363636363636
0,636363636363636
0,636363636363636
0,636363636363636
Gen 100
0,636363636363636
0,636363636363636
0,636363636363636
0,636363636363636
0,636363636363636
0,636363636363636
0,636363636363636
0,636363636363636
0,636363636363636
0,636363636363636
0,636363636363636
0,636363636363636
0,636363636363636
0,636363636363636
0,636363636363636
0,636363636363636
0,636363636363636
0,636363636363636
0,636363636363636
0,636363636363636
Gen 101
0,636363636363636
0,636363636363636
0,636363636363636
0,636363636363636
0,636363636363636
0,636363636363636
0,636363636363636
0,636363636363636
0,636363636363636
0,636363636363636
0,636363636363636
0,636363636363636
0,636363636363636
0,636363636363636
0,636363636363636
0,636363636363636
0,636363636363636
0,636363636363636
0,636363636363636
0,636363636363636
Gen 102
0,636363636363636
0,636363636363636
0,636363636363636
0,636363636363636
0,636363636363636
0,636363636363636
0,636363636363636
0,636363636363636
0,636363636363636
0,636363636363636
0,636363636363636
0,636363636363636
0,636363636363636
0,636363636363636
0,636363636363636
0,636363636363636
0,636363636363636
0,636363636363636
0,636363636363636
0,636363636363636
Gen 103
0,636363636363636
0,636363636363636
0,636363636363636
0,636363636363636
0,636363636363636
0,636363636363636
0,636363636363636
0,636363636363636
0,636363636363636
0,636363636363636
0,636363636363636
0,636363636363636
0,636363636363636
0,636363636363636
0,636363636363636
0,636363636363636
0,636363636363636
0,636363636363636
0,636363636363636
0,111111111111111
Gen 104
0,636363636363636
0,636363636363636
0,636363636363636
0,636363636363636
0,636363636363636
0,636363636363636
0,636363636363636
0,636363636363636
0,636363636363636
0,636363636363636
0,636363636363636
0,636363636363636
0,636363636363636
0,636363636363636
0,636363636363636
0,636363636363636
0,636363636363636
0,636363636363636
0,636363636363636
0,0432900432900433
Gen 105
0,636363636363636
0,636363636363636
0,636363636363636
0,636363636363636
0,636363636363636
0,636363636363636
0,636363636363636
0,636363636363636
0,636363636363636
0,636363636363636
0,636363636363636
0,636363636363636
0,636363636363636
0,636363636363636
0,636363636363636
0,636363636363636
0,636363636363636
0,636363636363636
0,636363636363636
0,121212121212121
Gen 106
0,636363636363636
0,636363636363636
0,636363636363636
0,636363636363636
0,636363636363636
0,636363636363636
0,636363636363636
0,636363636363636
0,636363636363636
0,636363636363636
0,636363636363636
0,636363636363636
0,636363636363636
0,636363636363636
0,636363636363636
0,636363636363636
0,636363636363636
0,636363636363636
0,636363636363636
0,624154589371981
Gen 107
0,636363636363636
0,636363636363636
0,636363636363636
0,636363636363636
0,636363636363636
0,636363636363636
0,636363636363636
0,636363636363636
0,636363636363636
0,636363636363636
0,636363636363636
0,636363636363636
0,636363636363636
0,636363636363636
0,636363636363636
0,636363636363636
0,636363636363636
0,636363636363636
0,636363636363636
0,138528138528139
Gen 108
0,636363636363636
0,636363636363636
0,636363636363636
0,636363636363636
0,636363636363636
0,636363636363636
0,636363636363636
0,636363636363636
0,636363636363636
0,636363636363636
0,636363636363636
0,636363636363636
0,636363636363636
0,636363636363636
0,636363636363636
0,636363636363636
0,636363636363636
0,636363636363636
0,636363636363636
0,164502164502165
Gen 109
0,636363636363636
0,636363636363636
0,636363636363636
0,636363636363636
0,636363636363636
0,636363636363636
0,636363636363636
0,636363636363636
0,636363636363636
0,636363636363636
0,636363636363636
0,636363636363636
0,636363636363636
0,636363636363636
0,636363636363636
0,636363636363636
0,636363636363636
0,636363636363636
0,636363636363636
0,636363636363636
Gen 110
0,636363636363636
0,636363636363636
0,636363636363636
0,636363636363636
0,636363636363636
0,636363636363636
0,636363636363636
0,636363636363636
0,636363636363636
0,636363636363636
0,636363636363636
0,636363636363636
0,636363636363636
0,636363636363636
0,636363636363636
0,636363636363636
0,636363636363636
0,636363636363636
0,636363636363636
0,636363636363636
Gen 111
0,636363636363636
0,636363636363636
0,636363636363636
0,636363636363636
0,636363636363636
0,636363636363636
0,636363636363636
0,636363636363636
0,636363636363636
0,636363636363636
0,636363636363636
0,636363636363636
0,636363636363636
0,636363636363636
0,636363636363636
0,636363636363636
0,636363636363636
0,636363636363636
0,636363636363636
0,121212121212121
Gen 112
0,636363636363636
0,636363636363636
0,636363636363636
0,636363636363636
0,636363636363636
0,636363636363636
0,636363636363636
0,636363636363636
0,636363636363636
0,636363636363636
0,636363636363636
0,636363636363636
0,636363636363636
0,636363636363636
0,636363636363636
0,636363636363636
0,636363636363636
0,636363636363636
0,636363636363636
0,636363636363636
Gen 113
0,636363636363636
0,636363636363636
0,636363636363636
0,636363636363636
0,636363636363636
0,636363636363636
0,636363636363636
0,636363636363636
0,636363636363636
0,636363636363636
0,636363636363636
0,636363636363636
0,636363636363636
0,636363636363636
0,636363636363636
0,636363636363636
0,636363636363636
0,636363636363636
0,636363636363636
0
Gen 114
0,636363636363636
0,636363636363636
0,636363636363636
0,636363636363636
0,636363636363636
0,636363636363636
0,636363636363636
0,636363636363636
0,636363636363636
0,636363636363636
0,636363636363636
0,636363636363636
0,636363636363636
0,636363636363636
0,636363636363636
0,636363636363636
0,636363636363636
0,636363636363636
0,636363636363636
0,636363636363636
Gen 115
0,636363636363636
0,636363636363636
0,636363636363636
0,636363636363636
0,636363636363636
0,636363636363636
0,636363636363636
0,636363636363636
0,636363636363636
0,636363636363636
0,636363636363636
0,636363636363636
0,636363636363636
0,636363636363636
0,636363636363636
0,636363636363636
0,636363636363636
0,636363636363636
0,636363636363636
0,121212121212121
Gen 116
0,636363636363636
0,636363636363636
0,636363636363636
0,636363636363636
0,636363636363636
0,636363636363636
0,636363636363636
0,636363636363636
0,636363636363636
0,636363636363636
0,636363636363636
0,636363636363636
0,636363636363636
0,636363636363636
0,636363636363636
0,636363636363636
0,636363636363636
0,636363636363636
0,636363636363636
0,636363636363636
Gen 117
0,636363636363636
0,636363636363636
0,636363636363636
0,636363636363636
0,636363636363636
0,636363636363636
0,636363636363636
0,636363636363636
0,636363636363636
0,636363636363636
0,636363636363636
0,636363636363636
0,636363636363636
0,636363636363636
0,636363636363636
0,636363636363636
0,636363636363636
0,636363636363636
0,12987012987013
0
Gen 118
0,636363636363636
0,636363636363636
0,636363636363636
0,636363636363636
0,636363636363636
0,636363636363636
0,636363636363636
0,636363636363636
0,636363636363636
0,636363636363636
0,636363636363636
0,636363636363636
0,636363636363636
0,636363636363636
0,636363636363636
0,636363636363636
0,636363636363636
0,519480519480519
0,125541125541126
0,121212121212121
Gen 119
0,636363636363636
0,636363636363636
0,636363636363636
0,636363636363636
0,636363636363636
0,636363636363636
0,636363636363636
0,636363636363636
0,636363636363636
0,636363636363636
0,636363636363636
0,636363636363636
0,636363636363636
0,636363636363636
0,636363636363636
0,636363636363636
0,636363636363636
0,636363636363636
0,636363636363636
0
Gen 120
0,636363636363636
0,636363636363636
0,636363636363636
0,636363636363636
0,636363636363636
0,636363636363636
0,636363636363636
0,636363636363636
0,636363636363636
0,636363636363636
0,636363636363636
0,636363636363636
0,636363636363636
0,636363636363636
0,636363636363636
0,636363636363636
0,636363636363636
0,636363636363636
0,636363636363636
0,636363636363636
Gen 121
0,636363636363636
0,636363636363636
0,636363636363636
0,636363636363636
0,636363636363636
0,636363636363636
0,636363636363636
0,636363636363636
0,636363636363636
0,636363636363636
0,636363636363636
0,636363636363636
0,636363636363636
0,636363636363636
0,636363636363636
0,636363636363636
0,636363636363636
0,636363636363636
0,636363636363636
0,121212121212121
Gen 122
0,636363636363636
0,636363636363636
0,636363636363636
0,636363636363636
0,636363636363636
0,636363636363636
0,636363636363636
0,636363636363636
0,636363636363636
0,636363636363636
0,636363636363636
0,636363636363636
0,636363636363636
0,636363636363636
0,636363636363636
0,636363636363636
0,636363636363636
0,636363636363636
0,636363636363636
0
Gen 123
0,643478260869565
0,636363636363636
0,636363636363636
0,636363636363636
0,636363636363636
0,636363636363636
0,636363636363636
0,636363636363636
0,636363636363636
0,636363636363636
0,636363636363636
0,636363636363636
0,636363636363636
0,636363636363636
0,636363636363636
0,636363636363636
0,636363636363636
0,636363636363636
0,609661835748792
0
Gen 124
0,643478260869565
0,643478260869565
0,643478260869565
0,643478260869565
0,643478260869565
0,643478260869565
0,643478260869565
0,643478260869565
0,643478260869565
0,643478260869565
0,643478260869565
0,643478260869565
0,643478260869565
0,643478260869565
0,636363636363636
0,636363636363636
0,636363636363636
0,636363636363636
0,636363636363636
0,636363636363636
Gen 125
0,643478260869565
0,643478260869565
0,643478260869565
0,643478260869565
0,643478260869565
0,643478260869565
0,643478260869565
0,643478260869565
0,643478260869565
0,643478260869565
0,643478260869565
0,643478260869565
0,643478260869565
0,643478260869565
0,643478260869565
0,643478260869565
0,643478260869565
0,643478260869565
0,643478260869565
0
Gen 126
0,643478260869565
0,643478260869565
0,643478260869565
0,643478260869565
0,643478260869565
0,643478260869565
0,643478260869565
0,643478260869565
0,643478260869565
0,643478260869565
0,643478260869565
0,643478260869565
0,643478260869565
0,643478260869565
0,643478260869565
0,643478260869565
0,643478260869565
0,643478260869565
0,643478260869565
0,643478260869565
Gen 127
0,643478260869565
0,643478260869565
0,643478260869565
0,643478260869565
0,643478260869565
0,643478260869565
0,643478260869565
0,643478260869565
0,643478260869565
0,643478260869565
0,643478260869565
0,643478260869565
0,643478260869565
0,643478260869565
0,643478260869565
0,643478260869565
0,643478260869565
0,643478260869565
0,643478260869565
0,643478260869565
Gen 128
0,643478260869565
0,643478260869565
0,643478260869565
0,643478260869565
0,643478260869565
0,643478260869565
0,643478260869565
0,643478260869565
0,643478260869565
0,643478260869565
0,643478260869565
0,643478260869565
0,643478260869565
0,643478260869565
0,643478260869565
0,643478260869565
0,643478260869565
0,643478260869565
0,643478260869565
0,643478260869565
Gen 129
0,643478260869565
0,643478260869565
0,643478260869565
0,643478260869565
0,643478260869565
0,643478260869565
0,643478260869565
0,643478260869565
0,643478260869565
0,643478260869565
0,643478260869565
0,643478260869565
0,643478260869565
0,643478260869565
0,643478260869565
0,643478260869565
0,643478260869565
0,643478260869565
0,643478260869565
0,519480519480519
Gen 130
0,643478260869565
0,643478260869565
0,643478260869565
0,643478260869565
0,643478260869565
0,643478260869565
0,643478260869565
0,643478260869565
0,643478260869565
0,643478260869565
0,643478260869565
0,643478260869565
0,643478260869565
0,643478260869565
0,643478260869565
0,643478260869565
0,643478260869565
0,643478260869565
0,643478260869565
0,643478260869565
Gen 131
0,643478260869565
0,643478260869565
0,643478260869565
0,643478260869565
0,643478260869565
0,643478260869565
0,643478260869565
0,643478260869565
0,643478260869565
0,643478260869565
0,643478260869565
0,643478260869565
0,643478260869565
0,643478260869565
0,643478260869565
0,643478260869565
0,643478260869565
0,643478260869565
0,643478260869565
0,640692640692641
Gen 132
0,643478260869565
0,643478260869565
0,643478260869565
0,643478260869565
0,643478260869565
0,643478260869565
0,643478260869565
0,643478260869565
0,643478260869565
0,643478260869565
0,643478260869565
0,643478260869565
0,643478260869565
0,643478260869565
0,643478260869565
0,643478260869565
0,643478260869565
0,643478260869565
0,643478260869565
0,643478260869565
Gen 133
0,643478260869565
0,643478260869565
0,643478260869565
0,643478260869565
0,643478260869565
0,643478260869565
0,643478260869565
0,643478260869565
0,643478260869565
0,643478260869565
0,643478260869565
0,643478260869565
0,643478260869565
0,643478260869565
0,643478260869565
0,643478260869565
0,643478260869565
0,643478260869565
0,643478260869565
0
Gen 134
0,643478260869565
0,643478260869565
0,643478260869565
0,643478260869565
0,643478260869565
0,643478260869565
0,643478260869565
0,643478260869565
0,643478260869565
0,643478260869565
0,643478260869565
0,643478260869565
0,643478260869565
0,643478260869565
0,643478260869565
0,643478260869565
0,643478260869565
0,134199134199134
0,116883116883117
0,0952380952380952
Gen 135
0,643478260869565
0,643478260869565
0,643478260869565
0,643478260869565
0,643478260869565
0,643478260869565
0,643478260869565
0,643478260869565
0,643478260869565
0,643478260869565
0,643478260869565
0,643478260869565
0,643478260869565
0,643478260869565
0,643478260869565
0,643478260869565
0,643478260869565
0,643478260869565
0,643478260869565
0,643478260869565
Gen 136
0,643478260869565
0,643478260869565
0,643478260869565
0,643478260869565
0,643478260869565
0,643478260869565
0,643478260869565
0,643478260869565
0,643478260869565
0,643478260869565
0,643478260869565
0,643478260869565
0,643478260869565
0,643478260869565
0,643478260869565
0,643478260869565
0,643478260869565
0,643478260869565
0,643478260869565
0,125541125541126
Gen 137
0,643478260869565
0,643478260869565
0,643478260869565
0,643478260869565
0,643478260869565
0,643478260869565
0,643478260869565
0,643478260869565
0,643478260869565
0,643478260869565
0,643478260869565
0,643478260869565
0,643478260869565
0,643478260869565
0,643478260869565
0,643478260869565
0,643478260869565
0,643478260869565
0,597101449275362
0,138528138528139
Gen 138
0,643478260869565
0,643478260869565
0,643478260869565
0,643478260869565
0,643478260869565
0,643478260869565
0,643478260869565
0,643478260869565
0,643478260869565
0,643478260869565
0,643478260869565
0,643478260869565
0,643478260869565
0,643478260869565
0,643478260869565
0,643478260869565
0,643478260869565
0,643478260869565
0,643478260869565
0
Gen 139
0,643478260869565
0,643478260869565
0,643478260869565
0,643478260869565
0,643478260869565
0,643478260869565
0,643478260869565
0,643478260869565
0,643478260869565
0,643478260869565
0,643478260869565
0,643478260869565
0,643478260869565
0,643478260869565
0,643478260869565
0,643478260869565
0,643478260869565
0,643478260869565
0,519480519480519
0,138528138528139
Gen 140
0,643478260869565
0,643478260869565
0,643478260869565
0,643478260869565
0,643478260869565
0,643478260869565
0,643478260869565
0,643478260869565
0,643478260869565
0,643478260869565
0,643478260869565
0,643478260869565
0,643478260869565
0,643478260869565
0,643478260869565
0,643478260869565
0,643478260869565
0,643478260869565
0,116883116883117
0
Gen 141
0,645021645021645
0,643478260869565
0,643478260869565
0,643478260869565
0,643478260869565
0,643478260869565
0,643478260869565
0,643478260869565
0,643478260869565
0,643478260869565
0,643478260869565
0,643478260869565
0,643478260869565
0,643478260869565
0,643478260869565
0,643478260869565
0,643478260869565
0,643478260869565
0,643478260869565
0,643478260869565
Gen 142
0,645021645021645
0,645021645021645
0,645021645021645
0,645021645021645
0,645021645021645
0,645021645021645
0,645021645021645
0,645021645021645
0,643478260869565
0,643478260869565
0,643478260869565
0,643478260869565
0,643478260869565
0,643478260869565
0,643478260869565
0,643478260869565
0,643478260869565
0,643478260869565
0,643478260869565
0,643478260869565
Gen 143
0,645021645021645
0,645021645021645
0,645021645021645
0,645021645021645
0,645021645021645
0,645021645021645
0,645021645021645
0,645021645021645
0,645021645021645
0,645021645021645
0,645021645021645
0,645021645021645
0,645021645021645
0,645021645021645
0,645021645021645
0,645021645021645
0,645021645021645
0,645021645021645
0,643478260869565
0,643478260869565
Gen 144
0,645021645021645
0,645021645021645
0,645021645021645
0,645021645021645
0,645021645021645
0,645021645021645
0,645021645021645
0,645021645021645
0,645021645021645
0,645021645021645
0,645021645021645
0,645021645021645
0,645021645021645
0,645021645021645
0,645021645021645
0,645021645021645
0,645021645021645
0,645021645021645
0,519480519480519
0,0432900432900433
Gen 145
0,645021645021645
0,645021645021645
0,645021645021645
0,645021645021645
0,645021645021645
0,645021645021645
0,645021645021645
0,645021645021645
0,645021645021645
0,645021645021645
0,645021645021645
0,645021645021645
0,645021645021645
0,645021645021645
0,645021645021645
0,645021645021645
0,645021645021645
0,645021645021645
0,645021645021645
0,645021645021645
Gen 146
0,645021645021645
0,645021645021645
0,645021645021645
0,645021645021645
0,645021645021645
0,645021645021645
0,645021645021645
0,645021645021645
0,645021645021645
0,645021645021645
0,645021645021645
0,645021645021645
0,645021645021645
0,645021645021645
0,645021645021645
0,645021645021645
0,645021645021645
0,645021645021645
0,645021645021645
0,645021645021645
Gen 147
0,645021645021645
0,645021645021645
0,645021645021645
0,645021645021645
0,645021645021645
0,645021645021645
0,645021645021645
0,645021645021645
0,645021645021645
0,645021645021645
0,645021645021645
0,645021645021645
0,645021645021645
0,645021645021645
0,645021645021645
0,645021645021645
0,645021645021645
0,645021645021645
0,645021645021645
0,645021645021645
Gen 148
0,645021645021645
0,645021645021645
0,645021645021645
0,645021645021645
0,645021645021645
0,645021645021645
0,645021645021645
0,645021645021645
0,645021645021645
0,645021645021645
0,645021645021645
0,645021645021645
0,645021645021645
0,645021645021645
0,645021645021645
0,645021645021645
0,642512077294686
0,498550724637681
0
0
Gen 149
0,645021645021645
0,645021645021645
0,645021645021645
0,645021645021645
0,645021645021645
0,645021645021645
0,645021645021645
0,645021645021645
0,645021645021645
0,645021645021645
0,645021645021645
0,645021645021645
0,645021645021645
0,645021645021645
0,645021645021645
0,645021645021645
0,645021645021645
0,645021645021645
0,502164502164502
0,173913043478261
Gen 150
0,645021645021645
0,645021645021645
0,645021645021645
0,645021645021645
0,645021645021645
0,645021645021645
0,645021645021645
0,645021645021645
0,645021645021645
0,645021645021645
0,645021645021645
0,645021645021645
0,645021645021645
0,645021645021645
0,645021645021645
0,645021645021645
0,645021645021645
0,645021645021645
0,645021645021645
0,645021645021645
Gen 151
0,645021645021645
0,645021645021645
0,645021645021645
0,645021645021645
0,645021645021645
0,645021645021645
0,645021645021645
0,645021645021645
0,645021645021645
0,645021645021645
0,645021645021645
0,645021645021645
0,645021645021645
0,645021645021645
0,645021645021645
0,645021645021645
0,645021645021645
0,645021645021645
0,628985507246377
0,519480519480519
Gen 152
0,645021645021645
0,645021645021645
0,645021645021645
0,645021645021645
0,645021645021645
0,645021645021645
0,645021645021645
0,645021645021645
0,645021645021645
0,645021645021645
0,645021645021645
0,645021645021645
0,645021645021645
0,645021645021645
0,645021645021645
0,645021645021645
0,645021645021645
0,645021645021645
0,645021645021645
0,575757575757576
Gen 153
0,645021645021645
0,645021645021645
0,645021645021645
0,645021645021645
0,645021645021645
0,645021645021645
0,645021645021645
0,645021645021645
0,645021645021645
0,645021645021645
0,645021645021645
0,645021645021645
0,645021645021645
0,645021645021645
0,645021645021645
0,645021645021645
0,645021645021645
0,645021645021645
0,645021645021645
0
Gen 154
0,645021645021645
0,645021645021645
0,645021645021645
0,645021645021645
0,645021645021645
0,645021645021645
0,645021645021645
0,645021645021645
0,645021645021645
0,645021645021645
0,645021645021645
0,645021645021645
0,645021645021645
0,645021645021645
0,645021645021645
0,645021645021645
0,645021645021645
0,645021645021645
0,645021645021645
0,16017316017316
Gen 155
0,645021645021645
0,645021645021645
0,645021645021645
0,645021645021645
0,645021645021645
0,645021645021645
0,645021645021645
0,645021645021645
0,645021645021645
0,645021645021645
0,645021645021645
0,645021645021645
0,645021645021645
0,645021645021645
0,645021645021645
0,645021645021645
0,645021645021645
0,645021645021645
0,645021645021645
0,012987012987013
Gen 156
0,645021645021645
0,645021645021645
0,645021645021645
0,645021645021645
0,645021645021645
0,645021645021645
0,645021645021645
0,645021645021645
0,645021645021645
0,645021645021645
0,645021645021645
0,645021645021645
0,645021645021645
0,645021645021645
0,645021645021645
0,645021645021645
0,645021645021645
0,645021645021645
0,125541125541126
0,00483091787439614
Gen 157
0,645021645021645
0,645021645021645
0,645021645021645
0,645021645021645
0,645021645021645
0,645021645021645
0,645021645021645
0,645021645021645
0,645021645021645
0,645021645021645
0,645021645021645
0,645021645021645
0,645021645021645
0,645021645021645
0,645021645021645
0,645021645021645
0,645021645021645
0,645021645021645
0,645021645021645
0,645021645021645
Gen 158
0,645021645021645
0,645021645021645
0,645021645021645
0,645021645021645
0,645021645021645
0,645021645021645
0,645021645021645
0,645021645021645
0,645021645021645
0,645021645021645
0,645021645021645
0,645021645021645
0,645021645021645
0,645021645021645
0,645021645021645
0,645021645021645
0,645021645021645
0,645021645021645
0,645021645021645
0,645021645021645
Gen 159
0,645021645021645
0,645021645021645
0,645021645021645
0,645021645021645
0,645021645021645
0,645021645021645
0,645021645021645
0,645021645021645
0,645021645021645
0,645021645021645
0,645021645021645
0,645021645021645
0,645021645021645
0,645021645021645
0,645021645021645
0,645021645021645
0,645021645021645
0,645021645021645
0,645021645021645
0,012987012987013
Gen 160
0,645021645021645
0,645021645021645
0,645021645021645
0,645021645021645
0,645021645021645
0,645021645021645
0,645021645021645
0,645021645021645
0,645021645021645
0,645021645021645
0,645021645021645
0,645021645021645
0,645021645021645
0,645021645021645
0,645021645021645
0,645021645021645
0,645021645021645
0,645021645021645
0,645021645021645
0,519480519480519
Gen 161
0,645021645021645
0,645021645021645
0,645021645021645
0,645021645021645
0,645021645021645
0,645021645021645
0,645021645021645
0,645021645021645
0,645021645021645
0,645021645021645
0,645021645021645
0,645021645021645
0,645021645021645
0,645021645021645
0,645021645021645
0,645021645021645
0,645021645021645
0,645021645021645
0,645021645021645
0,645021645021645
Gen 162
0,645021645021645
0,645021645021645
0,645021645021645
0,645021645021645
0,645021645021645
0,645021645021645
0,645021645021645
0,645021645021645
0,645021645021645
0,645021645021645
0,645021645021645
0,645021645021645
0,645021645021645
0,645021645021645
0,645021645021645
0,645021645021645
0,645021645021645
0,645021645021645
0,645021645021645
0,16017316017316
Gen 163
0,645021645021645
0,645021645021645
0,645021645021645
0,645021645021645
0,645021645021645
0,645021645021645
0,645021645021645
0,645021645021645
0,645021645021645
0,645021645021645
0,645021645021645
0,645021645021645
0,645021645021645
0,645021645021645
0,645021645021645
0,643478260869565
0,597101449275362
0,544927536231884
0,544927536231884
0,0432900432900433
Gen 164
0,645021645021645
0,645021645021645
0,645021645021645
0,645021645021645
0,645021645021645
0,645021645021645
0,645021645021645
0,645021645021645
0,645021645021645
0,645021645021645
0,645021645021645
0,645021645021645
0,645021645021645
0,645021645021645
0,645021645021645
0,645021645021645
0,645021645021645
0,645021645021645
0,645021645021645
0,645021645021645
Gen 165
0,645021645021645
0,645021645021645
0,645021645021645
0,645021645021645
0,645021645021645
0,645021645021645
0,645021645021645
0,645021645021645
0,645021645021645
0,645021645021645
0,645021645021645
0,645021645021645
0,645021645021645
0,645021645021645
0,645021645021645
0,645021645021645
0,645021645021645
0,645021645021645
0,615458937198068
0
Gen 166
0,645021645021645
0,645021645021645
0,645021645021645
0,645021645021645
0,645021645021645
0,645021645021645
0,645021645021645
0,645021645021645
0,645021645021645
0,645021645021645
0,645021645021645
0,645021645021645
0,645021645021645
0,645021645021645
0,645021645021645
0,645021645021645
0,645021645021645
0,645021645021645
0,645021645021645
0,116883116883117
Gen 167
0,645021645021645
0,645021645021645
0,645021645021645
0,645021645021645
0,645021645021645
0,645021645021645
0,645021645021645
0,645021645021645
0,645021645021645
0,645021645021645
0,645021645021645
0,645021645021645
0,645021645021645
0,645021645021645
0,645021645021645
0,645021645021645
0,645021645021645
0,645021645021645
0,645021645021645
0,645021645021645
Gen 168
0,645021645021645
0,645021645021645
0,645021645021645
0,645021645021645
0,645021645021645
0,645021645021645
0,645021645021645
0,645021645021645
0,645021645021645
0,645021645021645
0,645021645021645
0,645021645021645
0,645021645021645
0,645021645021645
0,645021645021645
0,645021645021645
0,645021645021645
0,645021645021645
0,645021645021645
0,173913043478261
Gen 169
0,645021645021645
0,645021645021645
0,645021645021645
0,645021645021645
0,645021645021645
0,645021645021645
0,645021645021645
0,645021645021645
0,645021645021645
0,645021645021645
0,645021645021645
0,645021645021645
0,645021645021645
0,645021645021645
0,645021645021645
0,645021645021645
0,645021645021645
0,645021645021645
0,645021645021645
0,645021645021645
Gen 170
0,645021645021645
0,645021645021645
0,645021645021645
0,645021645021645
0,645021645021645
0,645021645021645
0,645021645021645
0,645021645021645
0,645021645021645
0,645021645021645
0,645021645021645
0,645021645021645
0,645021645021645
0,645021645021645
0,645021645021645
0,645021645021645
0,645021645021645
0,645021645021645
0,645021645021645
0,645021645021645
Gen 171
0,645021645021645
0,645021645021645
0,645021645021645
0,645021645021645
0,645021645021645
0,645021645021645
0,645021645021645
0,645021645021645
0,645021645021645
0,645021645021645
0,645021645021645
0,645021645021645
0,645021645021645
0,645021645021645
0,645021645021645
0,645021645021645
0,645021645021645
0,645021645021645
0,645021645021645
0,642512077294686
Gen 172
0,645021645021645
0,645021645021645
0,645021645021645
0,645021645021645
0,645021645021645
0,645021645021645
0,645021645021645
0,645021645021645
0,645021645021645
0,645021645021645
0,645021645021645
0,645021645021645
0,645021645021645
0,645021645021645
0,645021645021645
0,645021645021645
0,645021645021645
0,645021645021645
0,645021645021645
0,645021645021645
Gen 173
0,648309178743961
0,645021645021645
0,645021645021645
0,645021645021645
0,645021645021645
0,645021645021645
0,645021645021645
0,645021645021645
0,645021645021645
0,645021645021645
0,645021645021645
0,645021645021645
0,645021645021645
0,645021645021645
0,645021645021645
0,645021645021645
0,556521739130435
0,506493506493506
0,0952380952380952
0,0432900432900433
Gen 174
0,648309178743961
0,648309178743961
0,648309178743961
0,648309178743961
0,648309178743961
0,648309178743961
0,648309178743961
0,648309178743961
0,648309178743961
0,648309178743961
0,645021645021645
0,645021645021645
0,645021645021645
0,645021645021645
0,645021645021645
0,645021645021645
0,645021645021645
0,645021645021645
0,645021645021645
0,538164251207729
Gen 175
0,648309178743961
0,648309178743961
0,648309178743961
0,648309178743961
0,648309178743961
0,648309178743961
0,648309178743961
0,648309178743961
0,648309178743961
0,648309178743961
0,648309178743961
0,648309178743961
0,648309178743961
0,648309178743961
0,648309178743961
0,648309178743961
0,648309178743961
0,648309178743961
0,648309178743961
0,648309178743961
Gen 176
0,648309178743961
0,648309178743961
0,648309178743961
0,648309178743961
0,648309178743961
0,648309178743961
0,648309178743961
0,648309178743961
0,648309178743961
0,648309178743961
0,648309178743961
0,648309178743961
0,648309178743961
0,648309178743961
0,648309178743961
0,648309178743961
0,648309178743961
0,648309178743961
0,519480519480519
0
Gen 177
0,648309178743961
0,648309178743961
0,648309178743961
0,648309178743961
0,648309178743961
0,648309178743961
0,648309178743961
0,648309178743961
0,648309178743961
0,648309178743961
0,648309178743961
0,648309178743961
0,648309178743961
0,648309178743961
0,648309178743961
0,648309178743961
0,648309178743961
0,648309178743961
0,648309178743961
0,112554112554113
Gen 178
0,653679653679654
0,648309178743961
0,648309178743961
0,648309178743961
0,648309178743961
0,648309178743961
0,648309178743961
0,648309178743961
0,648309178743961
0,648309178743961
0,648309178743961
0,648309178743961
0,648309178743961
0,648309178743961
0,648309178743961
0,648309178743961
0,648309178743961
0,648309178743961
0,515151515151515
0,0952380952380952
Gen 179
0,653679653679654
0,653679653679654
0,653679653679654
0,653679653679654
0,653679653679654
0,653679653679654
0,653679653679654
0,648309178743961
0,648309178743961
0,648309178743961
0,648309178743961
0,648309178743961
0,648309178743961
0,648309178743961
0,648309178743961
0,648309178743961
0,648309178743961
0,648309178743961
0,619047619047619
0,575757575757576
Gen 180
0,653679653679654
0,653679653679654
0,653679653679654
0,653679653679654
0,653679653679654
0,653679653679654
0,653679653679654
0,653679653679654
0,653679653679654
0,653679653679654
0,653679653679654
0,653679653679654
0,653679653679654
0,653679653679654
0,653679653679654
0,653679653679654
0,653679653679654
0,653679653679654
0,653679653679654
0,112554112554113
Gen 181
0,653679653679654
0,653679653679654
0,653679653679654
0,653679653679654
0,653679653679654
0,653679653679654
0,653679653679654
0,653679653679654
0,653679653679654
0,653679653679654
0,653679653679654
0,653679653679654
0,653679653679654
0,653679653679654
0,653679653679654
0,653679653679654
0,643478260869565
0,62512077294686
0,519480519480519
0
Gen 182
0,653679653679654
0,653679653679654
0,653679653679654
0,653679653679654
0,653679653679654
0,653679653679654
0,653679653679654
0,653679653679654
0,653679653679654
0,653679653679654
0,653679653679654
0,653679653679654
0,653679653679654
0,653679653679654
0,653679653679654
0,653679653679654
0,653679653679654
0,653679653679654
0,653679653679654
0,653679653679654
Gen 183
0,653679653679654
0,653679653679654
0,653679653679654
0,653679653679654
0,653679653679654
0,653679653679654
0,653679653679654
0,653679653679654
0,653679653679654
0,653679653679654
0,653679653679654
0,653679653679654
0,653679653679654
0,653679653679654
0,653679653679654
0,653679653679654
0,653679653679654
0,653679653679654
0,112554112554113
0
Gen 184
0,653679653679654
0,653679653679654
0,653679653679654
0,653679653679654
0,653679653679654
0,653679653679654
0,653679653679654
0,653679653679654
0,653679653679654
0,653679653679654
0,653679653679654
0,653679653679654
0,653679653679654
0,653679653679654
0,653679653679654
0,653679653679654
0,653679653679654
0,653679653679654
0,653679653679654
0,653679653679654
Gen 185
0,653679653679654
0,653679653679654
0,653679653679654
0,653679653679654
0,653679653679654
0,653679653679654
0,653679653679654
0,653679653679654
0,653679653679654
0,653679653679654
0,653679653679654
0,653679653679654
0,653679653679654
0,653679653679654
0,653679653679654
0,653679653679654
0,653679653679654
0,653679653679654
0,584415584415584
0,121212121212121
Gen 186
0,653679653679654
0,653679653679654
0,653679653679654
0,653679653679654
0,653679653679654
0,653679653679654
0,653679653679654
0,653679653679654
0,653679653679654
0,653679653679654
0,653679653679654
0,653679653679654
0,653679653679654
0,653679653679654
0,653679653679654
0,653679653679654
0,653679653679654
0,173160173160173
0,112554112554113
0,0562770562770563
Gen 187
0,653679653679654
0,653679653679654
0,653679653679654
0,653679653679654
0,653679653679654
0,653679653679654
0,653679653679654
0,653679653679654
0,653679653679654
0,653679653679654
0,653679653679654
0,653679653679654
0,653679653679654
0,653679653679654
0,653679653679654
0,653679653679654
0,653679653679654
0,653679653679654
0,0952380952380952
0,0952380952380952
Gen 188
0,653679653679654
0,653679653679654
0,653679653679654
0,653679653679654
0,653679653679654
0,653679653679654
0,653679653679654
0,653679653679654
0,653679653679654
0,653679653679654
0,653679653679654
0,653679653679654
0,653679653679654
0,653679653679654
0,653679653679654
0,653679653679654
0,653679653679654
0,653679653679654
0,653679653679654
0,498550724637681
Gen 189
0,653679653679654
0,653679653679654
0,653679653679654
0,653679653679654
0,653679653679654
0,653679653679654
0,653679653679654
0,653679653679654
0,653679653679654
0,653679653679654
0,653679653679654
0,653679653679654
0,653679653679654
0,653679653679654
0,653679653679654
0,653679653679654
0,653679653679654
0,653679653679654
0,645021645021645
0
Gen 190
0,653679653679654
0,653679653679654
0,653679653679654
0,653679653679654
0,653679653679654
0,653679653679654
0,653679653679654
0,653679653679654
0,653679653679654
0,653679653679654
0,653679653679654
0,653679653679654
0,653679653679654
0,653679653679654
0,653679653679654
0,653679653679654
0,653679653679654
0,653679653679654
0,121212121212121
0
Gen 191
0,653679653679654
0,653679653679654
0,653679653679654
0,653679653679654
0,653679653679654
0,653679653679654
0,653679653679654
0,653679653679654
0,653679653679654
0,653679653679654
0,653679653679654
0,653679653679654
0,653679653679654
0,653679653679654
0,653679653679654
0,653679653679654
0,653679653679654
0,0476190476190476
0
0
Gen 192
0,657004830917874
0,653679653679654
0,653679653679654
0,653679653679654
0,653679653679654
0,653679653679654
0,653679653679654
0,653679653679654
0,653679653679654
0,653679653679654
0,653679653679654
0,653679653679654
0,653679653679654
0,653679653679654
0,653679653679654
0,653679653679654
0,653679653679654
0,653679653679654
0,653679653679654
0,653679653679654
Gen 193
0,657004830917874
0,657004830917874
0,657004830917874
0,657004830917874
0,657004830917874
0,657004830917874
0,657004830917874
0,657004830917874
0,653679653679654
0,653679653679654
0,653679653679654
0,653679653679654
0,653679653679654
0,653679653679654
0,653679653679654
0,653679653679654
0,653679653679654
0,519480519480519
0,164502164502165
0
Gen 194
0,657004830917874
0,657004830917874
0,657004830917874
0,657004830917874
0,657004830917874
0,657004830917874
0,657004830917874
0,657004830917874
0,657004830917874
0,657004830917874
0,657004830917874
0,657004830917874
0,657004830917874
0,657004830917874
0,657004830917874
0,657004830917874
0,657004830917874
0,657004830917874
0,657004830917874
0,657004830917874
Gen 195
0,657004830917874
0,657004830917874
0,657004830917874
0,657004830917874
0,657004830917874
0,657004830917874
0,657004830917874
0,657004830917874
0,657004830917874
0,657004830917874
0,657004830917874
0,657004830917874
0,657004830917874
0,657004830917874
0,657004830917874
0,657004830917874
0,657004830917874
0,657004830917874
0,112554112554113
0,112554112554113
Gen 196
0,657004830917874
0,657004830917874
0,657004830917874
0,657004830917874
0,657004830917874
0,657004830917874
0,657004830917874
0,657004830917874
0,657004830917874
0,657004830917874
0,657004830917874
0,657004830917874
0,657004830917874
0,657004830917874
0,657004830917874
0,657004830917874
0,657004830917874
0,657004830917874
0,182608695652174
0,11207729468599
Gen 197
0,657004830917874
0,657004830917874
0,657004830917874
0,657004830917874
0,657004830917874
0,657004830917874
0,657004830917874
0,657004830917874
0,657004830917874
0,657004830917874
0,657004830917874
0,657004830917874
0,657004830917874
0,657004830917874
0,657004830917874
0,657004830917874
0,657004830917874
0,657004830917874
0,657004830917874
0
Gen 198
0,657004830917874
0,657004830917874
0,657004830917874
0,657004830917874
0,657004830917874
0,657004830917874
0,657004830917874
0,657004830917874
0,657004830917874
0,657004830917874
0,657004830917874
0,657004830917874
0,657004830917874
0,657004830917874
0,657004830917874
0,657004830917874
0,657004830917874
0,657004830917874
0,657004830917874
0
Gen 199
0,659903381642512
0,657004830917874
0,657004830917874
0,657004830917874
0,657004830917874
0,657004830917874
0,657004830917874
0,657004830917874
0,657004830917874
0,657004830917874
0,657004830917874
0,657004830917874
0,657004830917874
0,657004830917874
0,657004830917874
0,657004830917874
0,657004830917874
0,657004830917874
0,657004830917874
0,138528138528139
Gen 200
0,659903381642512
0,659903381642512
0,659903381642512
0,659903381642512
0,659903381642512
0,659903381642512
0,657004830917874
0,657004830917874
0,657004830917874
0,657004830917874
0,657004830917874
0,657004830917874
0,657004830917874
0,657004830917874
0,657004830917874
0,657004830917874
0,657004830917874
0,657004830917874
0,657004830917874
0
Gen 201
0,659903381642512
0,659903381642512
0,659903381642512
0,659903381642512
0,659903381642512
0,659903381642512
0,659903381642512
0,659903381642512
0,659903381642512
0,659903381642512
0,659903381642512
0,659903381642512
0,659903381642512
0,659903381642512
0,659903381642512
0,659903381642512
0,659903381642512
0,659903381642512
0,657004830917874
0,54978354978355
Gen 202
0,659903381642512
0,659903381642512
0,659903381642512
0,659903381642512
0,659903381642512
0,659903381642512
0,659903381642512
0,659903381642512
0,659903381642512
0,659903381642512
0,659903381642512
0,659903381642512
0,659903381642512
0,659903381642512
0,659903381642512
0,659903381642512
0,659903381642512
0,659903381642512
0,659903381642512
0,54978354978355
Gen 203
0,659903381642512
0,659903381642512
0,659903381642512
0,659903381642512
0,659903381642512
0,659903381642512
0,659903381642512
0,659903381642512
0,659903381642512
0,659903381642512
0,659903381642512
0,659903381642512
0,659903381642512
0,659903381642512
0,659903381642512
0,659903381642512
0,659903381642512
0,659903381642512
0,559420289855072
0,12987012987013
Gen 204
0,659903381642512
0,659903381642512
0,659903381642512
0,659903381642512
0,659903381642512
0,659903381642512
0,659903381642512
0,659903381642512
0,659903381642512
0,659903381642512
0,659903381642512
0,659903381642512
0,659903381642512
0,659903381642512
0,659903381642512
0,659903381642512
0,659903381642512
0,121212121212121
0,0606060606060606
0
Gen 205
0,671497584541063
0,659903381642512
0,659903381642512
0,659903381642512
0,659903381642512
0,659903381642512
0,659903381642512
0,659903381642512
0,659903381642512
0,659903381642512
0,659903381642512
0,659903381642512
0,659903381642512
0,659903381642512
0,659903381642512
0,659903381642512
0,659903381642512
0,659903381642512
0,659903381642512
0,659903381642512
Gen 206
0,671497584541063
0,671497584541063
0,671497584541063
0,671497584541063
0,671497584541063
0,671497584541063
0,671497584541063
0,659903381642512
0,659903381642512
0,659903381642512
0,659903381642512
0,659903381642512
0,659903381642512
0,659903381642512
0,659903381642512
0,659903381642512
0,659903381642512
0,659903381642512
0,659903381642512
0,0735930735930736
Gen 207
0,671497584541063
0,671497584541063
0,671497584541063
0,671497584541063
0,671497584541063
0,671497584541063
0,671497584541063
0,671497584541063
0,671497584541063
0,671497584541063
0,671497584541063
0,671497584541063
0,671497584541063
0,671497584541063
0,671497584541063
0,671497584541063
0,671497584541063
0,671497584541063
0,671497584541063
0,0865800865800866
Gen 208
0,671497584541063
0,671497584541063
0,671497584541063
0,671497584541063
0,671497584541063
0,671497584541063
0,671497584541063
0,671497584541063
0,671497584541063
0,671497584541063
0,671497584541063
0,671497584541063
0,671497584541063
0,671497584541063
0,671497584541063
0,671497584541063
0,671497584541063
0,671497584541063
0
0
Gen 209
0,671497584541063
0,671497584541063
0,671497584541063
0,671497584541063
0,671497584541063
0,671497584541063
0,671497584541063
0,671497584541063
0,671497584541063
0,671497584541063
0,671497584541063
0,671497584541063
0,671497584541063
0,671497584541063
0,671497584541063
0,671497584541063
0,671497584541063
0,671497584541063
0,614492753623188
0,0476190476190476
Gen 210
0,671497584541063
0,671497584541063
0,671497584541063
0,671497584541063
0,671497584541063
0,671497584541063
0,671497584541063
0,671497584541063
0,671497584541063
0,671497584541063
0,671497584541063
0,671497584541063
0,671497584541063
0,671497584541063
0,671497584541063
0,671497584541063
0,671497584541063
0,671497584541063
0,0995670995670996
0
Gen 211
0,671497584541063
0,671497584541063
0,671497584541063
0,671497584541063
0,671497584541063
0,671497584541063
0,671497584541063
0,671497584541063
0,671497584541063
0,671497584541063
0,671497584541063
0,671497584541063
0,671497584541063
0,671497584541063
0,671497584541063
0,670995670995671
0,666666666666667
0,54978354978355
0,385281385281385
0,0909090909090909
Gen 212
0,671497584541063
0,671497584541063
0,671497584541063
0,671497584541063
0,671497584541063
0,671497584541063
0,671497584541063
0,671497584541063
0,671497584541063
0,671497584541063
0,671497584541063
0,671497584541063
0,671497584541063
0,671497584541063
0,671497584541063
0,671497584541063
0,671497584541063
0,671497584541063
0,671497584541063
0,671497584541063
Gen 213
0,671497584541063
0,671497584541063
0,671497584541063
0,671497584541063
0,671497584541063
0,671497584541063
0,671497584541063
0,671497584541063
0,671497584541063
0,671497584541063
0,671497584541063
0,671497584541063
0,671497584541063
0,671497584541063
0,671497584541063
0,671497584541063
0,671497584541063
0,671497584541063
0,671497584541063
0
Gen 214
0,671497584541063
0,671497584541063
0,671497584541063
0,671497584541063
0,671497584541063
0,671497584541063
0,671497584541063
0,671497584541063
0,671497584541063
0,671497584541063
0,671497584541063
0,671497584541063
0,671497584541063
0,671497584541063
0,671497584541063
0,671497584541063
0,671497584541063
0,671497584541063
0,671497584541063
0,671497584541063
Gen 215
0,671497584541063
0,671497584541063
0,671497584541063
0,671497584541063
0,671497584541063
0,671497584541063
0,671497584541063
0,671497584541063
0,671497584541063
0,671497584541063
0,671497584541063
0,671497584541063
0,671497584541063
0,671497584541063
0,671497584541063
0,671497584541063
0,671497584541063
0,671497584541063
0,671497584541063
0,0649350649350649
Gen 216
0,671497584541063
0,671497584541063
0,671497584541063
0,671497584541063
0,671497584541063
0,671497584541063
0,671497584541063
0,671497584541063
0,671497584541063
0,671497584541063
0,671497584541063
0,671497584541063
0,671497584541063
0,671497584541063
0,671497584541063
0,671497584541063
0,671497584541063
0,671497584541063
0,671497584541063
0,0649350649350649
Gen 217
0,671497584541063
0,671497584541063
0,671497584541063
0,671497584541063
0,671497584541063
0,671497584541063
0,671497584541063
0,671497584541063
0,671497584541063
0,671497584541063
0,671497584541063
0,671497584541063
0,671497584541063
0,671497584541063
0,671497584541063
0,671497584541063
0,671497584541063
0,671497584541063
0,657004830917874
0,653679653679654
Gen 218
0,671497584541063
0,671497584541063
0,671497584541063
0,671497584541063
0,671497584541063
0,671497584541063
0,671497584541063
0,671497584541063
0,671497584541063
0,671497584541063
0,671497584541063
0,671497584541063
0,671497584541063
0,671497584541063
0,671497584541063
0,671497584541063
0,54978354978355
0,0779220779220779
0,0735930735930736
0
Gen 219
0,671497584541063
0,671497584541063
0,671497584541063
0,671497584541063
0,671497584541063
0,671497584541063
0,671497584541063
0,671497584541063
0,671497584541063
0,671497584541063
0,671497584541063
0,671497584541063
0,671497584541063
0,671497584541063
0,671497584541063
0,671497584541063
0,657004830917874
0,656038647342995
0,655072463768116
0,50048309178744
Gen 220
0,671497584541063
0,671497584541063
0,671497584541063
0,671497584541063
0,671497584541063
0,671497584541063
0,671497584541063
0,671497584541063
0,671497584541063
0,671497584541063
0,671497584541063
0,671497584541063
0,671497584541063
0,671497584541063
0,671497584541063
0,671497584541063
0,671497584541063
0,671497584541063
0,671497584541063
0
Gen 221
0,671497584541063
0,671497584541063
0,671497584541063
0,671497584541063
0,671497584541063
0,671497584541063
0,671497584541063
0,671497584541063
0,671497584541063
0,671497584541063
0,671497584541063
0,671497584541063
0,671497584541063
0,671497584541063
0,671497584541063
0,665700483091787
0,656038647342995
0,61038961038961
0,0735930735930736
0
Gen 222
0,671497584541063
0,671497584541063
0,671497584541063
0,671497584541063
0,671497584541063
0,671497584541063
0,671497584541063
0,671497584541063
0,671497584541063
0,671497584541063
0,671497584541063
0,671497584541063
0,671497584541063
0,671497584541063
0,671497584541063
0,671497584541063
0,671497584541063
0,54978354978355
0,545454545454545
0
Gen 223
0,671497584541063
0,671497584541063
0,671497584541063
0,671497584541063
0,671497584541063
0,671497584541063
0,671497584541063
0,671497584541063
0,671497584541063
0,671497584541063
0,671497584541063
0,671497584541063
0,671497584541063
0,671497584541063
0,671497584541063
0,671497584541063
0,671497584541063
0,671497584541063
0,671497584541063
0,666666666666667
Gen 224
0,671497584541063
0,671497584541063
0,671497584541063
0,671497584541063
0,671497584541063
0,671497584541063
0,671497584541063
0,671497584541063
0,671497584541063
0,671497584541063
0,671497584541063
0,671497584541063
0,671497584541063
0,671497584541063
0,671497584541063
0,671497584541063
0,671497584541063
0,671497584541063
0,671497584541063
0,671497584541063
Gen 225
0,671497584541063
0,671497584541063
0,671497584541063
0,671497584541063
0,671497584541063
0,671497584541063
0,671497584541063
0,671497584541063
0,671497584541063
0,671497584541063
0,671497584541063
0,671497584541063
0,671497584541063
0,671497584541063
0,671497584541063
0,671497584541063
0,671497584541063
0,671497584541063
0,0735930735930736
0,012987012987013
Gen 226
0,688311688311688
0,671497584541063
0,671497584541063
0,671497584541063
0,671497584541063
0,671497584541063
0,671497584541063
0,671497584541063
0,671497584541063
0,671497584541063
0,671497584541063
0,671497584541063
0,671497584541063
0,671497584541063
0,671497584541063
0,671497584541063
0,671497584541063
0,671497584541063
0,671497584541063
0,012987012987013
Gen 227
0,688311688311688
0,688311688311688
0,688311688311688
0,688311688311688
0,688311688311688
0,688311688311688
0,671497584541063
0,671497584541063
0,671497584541063
0,671497584541063
0,671497584541063
0,671497584541063
0,671497584541063
0,671497584541063
0,671497584541063
0,671497584541063
0,671497584541063
0,671497584541063
0,671497584541063
0,61038961038961
Gen 228
0,688311688311688
0,688311688311688
0,688311688311688
0,688311688311688
0,688311688311688
0,688311688311688
0,688311688311688
0,688311688311688
0,688311688311688
0,688311688311688
0,688311688311688
0,688311688311688
0,688311688311688
0,688311688311688
0,688311688311688
0,688311688311688
0,688311688311688
0,688311688311688
0,688311688311688
0,671497584541063
Gen 229
0,688311688311688
0,688311688311688
0,688311688311688
0,688311688311688
0,688311688311688
0,688311688311688
0,688311688311688
0,688311688311688
0,688311688311688
0,688311688311688
0,688311688311688
0,688311688311688
0,688311688311688
0,688311688311688
0,688311688311688
0,688311688311688
0,688311688311688
0,688311688311688
0,688311688311688
0,688311688311688
Gen 230
0,688311688311688
0,688311688311688
0,688311688311688
0,688311688311688
0,688311688311688
0,688311688311688
0,688311688311688
0,688311688311688
0,688311688311688
0,688311688311688
0,688311688311688
0,688311688311688
0,688311688311688
0,688311688311688
0,688311688311688
0,688311688311688
0,688311688311688
0,688311688311688
0,688311688311688
0,688311688311688
Gen 231
0,688311688311688
0,688311688311688
0,688311688311688
0,688311688311688
0,688311688311688
0,688311688311688
0,688311688311688
0,688311688311688
0,688311688311688
0,688311688311688
0,688311688311688
0,688311688311688
0,688311688311688
0,688311688311688
0,688311688311688
0,688311688311688
0,688311688311688
0,688311688311688
0,688311688311688
0,0865800865800866
Gen 232
0,688311688311688
0,688311688311688
0,688311688311688
0,688311688311688
0,688311688311688
0,688311688311688
0,688311688311688
0,688311688311688
0,688311688311688
0,688311688311688
0,688311688311688
0,688311688311688
0,688311688311688
0,688311688311688
0,688311688311688
0,688311688311688
0,688311688311688
0,688311688311688
0,688311688311688
0
Gen 233
0,688311688311688
0,688311688311688
0,688311688311688
0,688311688311688
0,688311688311688
0,688311688311688
0,688311688311688
0,688311688311688
0,688311688311688
0,688311688311688
0,688311688311688
0,688311688311688
0,688311688311688
0,688311688311688
0,688311688311688
0,688311688311688
0,688311688311688
0,688311688311688
0,688311688311688
0,688311688311688
Gen 234
0,688311688311688
0,688311688311688
0,688311688311688
0,688311688311688
0,688311688311688
0,688311688311688
0,688311688311688
0,688311688311688
0,688311688311688
0,688311688311688
0,688311688311688
0,688311688311688
0,688311688311688
0,688311688311688
0,688311688311688
0,688311688311688
0,688311688311688
0,688311688311688
0,0649350649350649
0
Gen 235
0,688311688311688
0,688311688311688
0,688311688311688
0,688311688311688
0,688311688311688
0,688311688311688
0,688311688311688
0,688311688311688
0,688311688311688
0,688311688311688
0,688311688311688
0,688311688311688
0,688311688311688
0,688311688311688
0,688311688311688
0,688311688311688
0,688311688311688
0,555555555555556
0
0
Gen 236
0,688311688311688
0,688311688311688
0,688311688311688
0,688311688311688
0,688311688311688
0,688311688311688
0,688311688311688
0,688311688311688
0,688311688311688
0,688311688311688
0,688311688311688
0,688311688311688
0,688311688311688
0,688311688311688
0,688311688311688
0,54978354978355
0,54978354978355
0,0995670995670996
0
0
Gen 237
0,688311688311688
0,688311688311688
0,688311688311688
0,688311688311688
0,688311688311688
0,688311688311688
0,688311688311688
0,688311688311688
0,688311688311688
0,688311688311688
0,688311688311688
0,688311688311688
0,688311688311688
0,688311688311688
0,688311688311688
0,688311688311688
0,688311688311688
0,642512077294686
0,61038961038961
0,538164251207729
Gen 238
0,688311688311688
0,688311688311688
0,688311688311688
0,688311688311688
0,688311688311688
0,688311688311688
0,688311688311688
0,688311688311688
0,688311688311688
0,688311688311688
0,688311688311688
0,688311688311688
0,688311688311688
0,688311688311688
0,688311688311688
0,688311688311688
0,688311688311688
0,551690821256039
0,0476190476190476
0,0476190476190476
Gen 239
0,688311688311688
0,688311688311688
0,688311688311688
0,688311688311688
0,688311688311688
0,688311688311688
0,688311688311688
0,688311688311688
0,688311688311688
0,688311688311688
0,688311688311688
0,688311688311688
0,688311688311688
0,688311688311688
0,688311688311688
0,688311688311688
0,688311688311688
0,688311688311688
0,688311688311688
0,653679653679654
Gen 240
0,688311688311688
0,688311688311688
0,688311688311688
0,688311688311688
0,688311688311688
0,688311688311688
0,688311688311688
0,688311688311688
0,688311688311688
0,688311688311688
0,688311688311688
0,688311688311688
0,688311688311688
0,688311688311688
0,688311688311688
0,688311688311688
0,688311688311688
0,688311688311688
0,688311688311688
0,688311688311688
Gen 241
0,688311688311688
0,688311688311688
0,688311688311688
0,688311688311688
0,688311688311688
0,688311688311688
0,688311688311688
0,688311688311688
0,688311688311688
0,688311688311688
0,688311688311688
0,688311688311688
0,688311688311688
0,688311688311688
0,688311688311688
0,688311688311688
0,688311688311688
0,688311688311688
0,54978354978355
0
Gen 242
0,688311688311688
0,688311688311688
0,688311688311688
0,688311688311688
0,688311688311688
0,688311688311688
0,688311688311688
0,688311688311688
0,688311688311688
0,688311688311688
0,688311688311688
0,688311688311688
0,688311688311688
0,688311688311688
0,688311688311688
0,688311688311688
0,688311688311688
0,688311688311688
0,688311688311688
0,688311688311688
Gen 243
0,688311688311688
0,688311688311688
0,688311688311688
0,688311688311688
0,688311688311688
0,688311688311688
0,688311688311688
0,688311688311688
0,688311688311688
0,688311688311688
0,688311688311688
0,688311688311688
0,688311688311688
0,688311688311688
0,688311688311688
0,688311688311688
0,688311688311688
0,688311688311688
0,688311688311688
0,538164251207729
Gen 244
0,688311688311688
0,688311688311688
0,688311688311688
0,688311688311688
0,688311688311688
0,688311688311688
0,688311688311688
0,688311688311688
0,688311688311688
0,688311688311688
0,688311688311688
0,688311688311688
0,688311688311688
0,688311688311688
0,688311688311688
0,688311688311688
0,688311688311688
0,688311688311688
0,688311688311688
0,688311688311688
Gen 245
0,688311688311688
0,688311688311688
0,688311688311688
0,688311688311688
0,688311688311688
0,688311688311688
0,688311688311688
0,688311688311688
0,688311688311688
0,688311688311688
0,688311688311688
0,688311688311688
0,688311688311688
0,688311688311688
0,688311688311688
0,688311688311688
0,688311688311688
0,688311688311688
0,688311688311688
0
Gen 246
0,688311688311688
0,688311688311688
0,688311688311688
0,688311688311688
0,688311688311688
0,688311688311688
0,688311688311688
0,688311688311688
0,688311688311688
0,688311688311688
0,688311688311688
0,688311688311688
0,688311688311688
0,688311688311688
0,688311688311688
0,688311688311688
0,688311688311688
0,61038961038961
0
0
Gen 247
0,688311688311688
0,688311688311688
0,688311688311688
0,688311688311688
0,688311688311688
0,688311688311688
0,688311688311688
0,688311688311688
0,688311688311688
0,688311688311688
0,688311688311688
0,688311688311688
0,688311688311688
0,688311688311688
0,688311688311688
0,688311688311688
0,688311688311688
0,688311688311688
0,688311688311688
0,54978354978355
Gen 248
0,688311688311688
0,688311688311688
0,688311688311688
0,688311688311688
0,688311688311688
0,688311688311688
0,688311688311688
0,688311688311688
0,688311688311688
0,688311688311688
0,688311688311688
0,688311688311688
0,688311688311688
0,688311688311688
0,688311688311688
0,688311688311688
0,688311688311688
0,688311688311688
0,0649350649350649
0
Gen 249
0,688311688311688
0,688311688311688
0,688311688311688
0,688311688311688
0,688311688311688
0,688311688311688
0,688311688311688
0,688311688311688
0,688311688311688
0,688311688311688
0,688311688311688
0,688311688311688
0,688311688311688
0,688311688311688
0,688311688311688
0,688311688311688
0,688311688311688
0,688311688311688
0,688311688311688
0,551690821256039
Gen 250
0,688311688311688
0,688311688311688
0,688311688311688
0,688311688311688
0,688311688311688
0,688311688311688
0,688311688311688
0,688311688311688
0,688311688311688
0,688311688311688
0,688311688311688
0,688311688311688
0,688311688311688
0,688311688311688
0,688311688311688
0,688311688311688
0,688311688311688
0,688311688311688
0,688311688311688
0,636714975845411
Gen 251
0,688311688311688
0,688311688311688
0,688311688311688
0,688311688311688
0,688311688311688
0,688311688311688
0,688311688311688
0,688311688311688
0,688311688311688
0,688311688311688
0,688311688311688
0,688311688311688
0,688311688311688
0,688311688311688
0,688311688311688
0,688311688311688
0,688311688311688
0,688311688311688
0
0
Gen 252
0,688311688311688
0,688311688311688
0,688311688311688
0,688311688311688
0,688311688311688
0,688311688311688
0,688311688311688
0,688311688311688
0,688311688311688
0,688311688311688
0,688311688311688
0,688311688311688
0,688311688311688
0,688311688311688
0,688311688311688
0,688311688311688
0,688311688311688
0,688311688311688
0,688311688311688
0,688311688311688
Gen 253
0,688311688311688
0,688311688311688
0,688311688311688
0,688311688311688
0,688311688311688
0,688311688311688
0,688311688311688
0,688311688311688
0,688311688311688
0,688311688311688
0,688311688311688
0,688311688311688
0,688311688311688
0,688311688311688
0,688311688311688
0,688311688311688
0,688311688311688
0,688311688311688
0
0
Gen 254
0,688311688311688
0,688311688311688
0,688311688311688
0,688311688311688
0,688311688311688
0,688311688311688
0,688311688311688
0,688311688311688
0,688311688311688
0,688311688311688
0,688311688311688
0,688311688311688
0,688311688311688
0,688311688311688
0,688311688311688
0,688311688311688
0,688311688311688
0,688311688311688
0,688311688311688
0
Gen 255
0,688311688311688
0,688311688311688
0,688311688311688
0,688311688311688
0,688311688311688
0,688311688311688
0,688311688311688
0,688311688311688
0,688311688311688
0,688311688311688
0,688311688311688
0,688311688311688
0,688311688311688
0,688311688311688
0,688311688311688
0,688311688311688
0,688311688311688
0,688311688311688
0,688311688311688
0,012987012987013
Gen 256
0,688311688311688
0,688311688311688
0,688311688311688
0,688311688311688
0,688311688311688
0,688311688311688
0,688311688311688
0,688311688311688
0,688311688311688
0,688311688311688
0,688311688311688
0,688311688311688
0,688311688311688
0,688311688311688
0,688311688311688
0,688311688311688
0,688311688311688
0,54978354978355
0,0649350649350649
0
Gen 257
0,688311688311688
0,688311688311688
0,688311688311688
0,688311688311688
0,688311688311688
0,688311688311688
0,688311688311688
0,688311688311688
0,688311688311688
0,688311688311688
0,688311688311688
0,688311688311688
0,688311688311688
0,688311688311688
0,688311688311688
0,688311688311688
0,688311688311688
0,688311688311688
0,688311688311688
0,688311688311688
Gen 258
0,688311688311688
0,688311688311688
0,688311688311688
0,688311688311688
0,688311688311688
0,688311688311688
0,688311688311688
0,688311688311688
0,688311688311688
0,688311688311688
0,688311688311688
0,688311688311688
0,688311688311688
0,688311688311688
0,688311688311688
0,688311688311688
0,688311688311688
0,688311688311688
0,688311688311688
0,61038961038961
Gen 259
0,688311688311688
0,688311688311688
0,688311688311688
0,688311688311688
0,688311688311688
0,688311688311688
0,688311688311688
0,688311688311688
0,688311688311688
0,688311688311688
0,688311688311688
0,688311688311688
0,688311688311688
0,688311688311688
0,688311688311688
0,688311688311688
0,688311688311688
0,688311688311688
0,647342995169082
0,54978354978355
Gen 260
0,688311688311688
0,688311688311688
0,688311688311688
0,688311688311688
0,688311688311688
0,688311688311688
0,688311688311688
0,688311688311688
0,688311688311688
0,688311688311688
0,688311688311688
0,688311688311688
0,688311688311688
0,688311688311688
0,688311688311688
0,688311688311688
0,688311688311688
0,688311688311688
0,688311688311688
0
Gen 261
0,688311688311688
0,688311688311688
0,688311688311688
0,688311688311688
0,688311688311688
0,688311688311688
0,688311688311688
0,688311688311688
0,688311688311688
0,688311688311688
0,688311688311688
0,688311688311688
0,688311688311688
0,688311688311688
0,688311688311688
0,688311688311688
0,688311688311688
0,688311688311688
0,636714975845411
0
Gen 262
0,688311688311688
0,688311688311688
0,688311688311688
0,688311688311688
0,688311688311688
0,688311688311688
0,688311688311688
0,688311688311688
0,688311688311688
0,688311688311688
0,688311688311688
0,688311688311688
0,688311688311688
0,688311688311688
0,688311688311688
0,688311688311688
0,688311688311688
0,688311688311688
0,0840579710144927
0
Gen 263
0,688311688311688
0,688311688311688
0,688311688311688
0,688311688311688
0,688311688311688
0,688311688311688
0,688311688311688
0,688311688311688
0,688311688311688
0,688311688311688
0,688311688311688
0,688311688311688
0,688311688311688
0,688311688311688
0,688311688311688
0,688311688311688
0,688311688311688
0,688311688311688
0,688311688311688
0,619047619047619
Gen 264
0,688311688311688
0,688311688311688
0,688311688311688
0,688311688311688
0,688311688311688
0,688311688311688
0,688311688311688
0,688311688311688
0,688311688311688
0,688311688311688
0,688311688311688
0,688311688311688
0,688311688311688
0,688311688311688
0,688311688311688
0,688311688311688
0,688311688311688
0,688311688311688
0,688311688311688
0,0995670995670996
Gen 265
0,688311688311688
0,688311688311688
0,688311688311688
0,688311688311688
0,688311688311688
0,688311688311688
0,688311688311688
0,688311688311688
0,688311688311688
0,688311688311688
0,688311688311688
0,688311688311688
0,688311688311688
0,688311688311688
0,688311688311688
0,688311688311688
0,688311688311688
0,688311688311688
0,688311688311688
0
Gen 266
0,688311688311688
0,688311688311688
0,688311688311688
0,688311688311688
0,688311688311688
0,688311688311688
0,688311688311688
0,688311688311688
0,688311688311688
0,688311688311688
0,688311688311688
0,688311688311688
0,688311688311688
0,688311688311688
0,688311688311688
0,688311688311688
0,688311688311688
0,67965367965368
0,653679653679654
0
Gen 267
0,688311688311688
0,688311688311688
0,688311688311688
0,688311688311688
0,688311688311688
0,688311688311688
0,688311688311688
0,688311688311688
0,688311688311688
0,688311688311688
0,688311688311688
0,688311688311688
0,688311688311688
0,688311688311688
0,688311688311688
0,688311688311688
0,688311688311688
0,688311688311688
0,688311688311688
0,012987012987013
Gen 268
0,688311688311688
0,688311688311688
0,688311688311688
0,688311688311688
0,688311688311688
0,688311688311688
0,688311688311688
0,688311688311688
0,688311688311688
0,688311688311688
0,688311688311688
0,688311688311688
0,688311688311688
0,688311688311688
0,688311688311688
0,688311688311688
0,688311688311688
0,67965367965368
0,54978354978355
0,108225108225108
Gen 269
0,688311688311688
0,688311688311688
0,688311688311688
0,688311688311688
0,688311688311688
0,688311688311688
0,688311688311688
0,688311688311688
0,688311688311688
0,688311688311688
0,688311688311688
0,688311688311688
0,688311688311688
0,688311688311688
0,688311688311688
0,688311688311688
0,688311688311688
0,688311688311688
0,683982683982684
0,636714975845411
Gen 270
0,688311688311688
0,688311688311688
0,688311688311688
0,688311688311688
0,688311688311688
0,688311688311688
0,688311688311688
0,688311688311688
0,688311688311688
0,688311688311688
0,688311688311688
0,688311688311688
0,688311688311688
0,688311688311688
0,688311688311688
0,688311688311688
0,688311688311688
0,108225108225108
0
0
Gen 271
0,688311688311688
0,688311688311688
0,688311688311688
0,688311688311688
0,688311688311688
0,688311688311688
0,688311688311688
0,688311688311688
0,688311688311688
0,688311688311688
0,688311688311688
0,688311688311688
0,688311688311688
0,688311688311688
0,688311688311688
0,688311688311688
0,688311688311688
0,688311688311688
0,688311688311688
0
Gen 272
0,688311688311688
0,688311688311688
0,688311688311688
0,688311688311688
0,688311688311688
0,688311688311688
0,688311688311688
0,688311688311688
0,688311688311688
0,688311688311688
0,688311688311688
0,688311688311688
0,688311688311688
0,688311688311688
0,688311688311688
0,688311688311688
0,688311688311688
0,688311688311688
0,16017316017316
0,116883116883117
Gen 273
0,688311688311688
0,688311688311688
0,688311688311688
0,688311688311688
0,688311688311688
0,688311688311688
0,688311688311688
0,688311688311688
0,688311688311688
0,688311688311688
0,688311688311688
0,688311688311688
0,688311688311688
0,688311688311688
0,646376811594203
0,640579710144928
0,54978354978355
0,11207729468599
0,0952380952380952
0
Gen 274
0,688311688311688
0,688311688311688
0,688311688311688
0,688311688311688
0,688311688311688
0,688311688311688
0,688311688311688
0,688311688311688
0,688311688311688
0,688311688311688
0,688311688311688
0,688311688311688
0,688311688311688
0,688311688311688
0,688311688311688
0,688311688311688
0,688311688311688
0,688311688311688
0,619047619047619
0,565217391304348
Gen 275
0,688311688311688
0,688311688311688
0,688311688311688
0,688311688311688
0,688311688311688
0,688311688311688
0,688311688311688
0,688311688311688
0,688311688311688
0,688311688311688
0,688311688311688
0,688311688311688
0,688311688311688
0,688311688311688
0,688311688311688
0,688311688311688
0,688311688311688
0,688311688311688
0,688311688311688
0,653679653679654
Gen 276
0,688311688311688
0,688311688311688
0,688311688311688
0,688311688311688
0,688311688311688
0,688311688311688
0,688311688311688
0,688311688311688
0,688311688311688
0,688311688311688
0,688311688311688
0,688311688311688
0,688311688311688
0,688311688311688
0,688311688311688
0,688311688311688
0,688311688311688
0,688311688311688
0,688311688311688
0,688311688311688
