Gen 1
0,0909090909090909
0,00454545454545455
0,0181818181818182
0
0
0
Gen 2
0,103896103896104
0,0188311688311688
0,0753246753246753
0
0
0
Gen 3
0,103896103896104
0,061038961038961
0,0987012987012987
0,0909090909090909
0,0545454545454545
0
Gen 4
0,103896103896104
0,0967532467532468
0,103896103896104
0,103896103896104
0,103896103896104
0,0753246753246753
Gen 5
0,103896103896104
0,103896103896104
0,103896103896104
0,103896103896104
0,103896103896104
0,103896103896104
Gen 6
0,138528138528139
0,1004329004329
0,110822510822511
0,103896103896104
0,103896103896104
0,0831168831168831
Gen 7
0,138528138528139
0,117748917748918
0,138528138528139
0,124675324675325
0,103896103896104
0,103896103896104
Gen 8
0,138528138528139
0,138528138528139
0,138528138528139
0,138528138528139
0,138528138528139
0,138528138528139
Gen 9
0,138528138528139
0,138528138528139
0,138528138528139
0,138528138528139
0,138528138528139
0,138528138528139
Gen 10
0,138528138528139
0,128787878787879
0,138528138528139
0,138528138528139
0,138528138528139
0,0995670995670996
Gen 11
0,138528138528139
0,137662337662338
0,138528138528139
0,138528138528139
0,138528138528139
0,135064935064935
Gen 12
0,138528138528139
0,136796536796537
0,138528138528139
0,138528138528139
0,138528138528139
0,131601731601732
Gen 13
0,138528138528139
0,137445887445887
0,138528138528139
0,138528138528139
0,138528138528139
0,134199134199134
Gen 14
0,138528138528139
0,135714285714286
0,138528138528139
0,138528138528139
0,138528138528139
0,127272727272727
Gen 15
0,138528138528139
0,136529267833616
0,138528138528139
0,138528138528139
0,138528138528139
0,130532655750047
Gen 16
0,138528138528139
0,135064935064935
0,138528138528139
0,138528138528139
0,138528138528139
0,124675324675325
Gen 17
0,156521739130435
0,130769809900245
0,142126858648598
0,138528138528139
0,138528138528139
0,103896103896104
Gen 18
0,156521739130435
0,145725578769057
0,156521739130435
0,149324298889516
0,138528138528139
0,138528138528139
Gen 19
0,156521739130435
0,148067632850242
0,156521739130435
0,156521739130435
0,156521739130435
0,122705314009662
Gen 20
0,156521739130435
0,156521739130435
0,156521739130435
0,156521739130435
0,156521739130435
0,156521739130435
Gen 21
0,156521739130435
0,148695652173913
0,156521739130435
0,156521739130435
0,156521739130435
0,125217391304348
Gen 22
0,156521739130435
0,156376811594203
0,156521739130435
0,156521739130435
0,156521739130435
0,155942028985507
Gen 23
0,156521739130435
0,154505928853755
0,156521739130435
0,156521739130435
0,156521739130435
0,148458498023715
Gen 24
0,156521739130435
0,150427253905515
0,156521739130435
0,156521739130435
0,156521739130435
0,132143798230755
Gen 25
0,156521739130435
0,151725955204216
0,156521739130435
0,156521739130435
0,156521739130435
0,13733860342556
Gen 26
0,156521739130435
0,142783738001129
0,156521739130435
0,156521739130435
0,156521739130435
0,101569734613213
Gen 27
0,156521739130435
0,156521739130435
0,156521739130435
0,156521739130435
0,156521739130435
0,156521739130435
Gen 28
0,156521739130435
0,156521739130435
0,156521739130435
0,156521739130435
0,156521739130435
0,156521739130435
Gen 29
0,156521739130435
0,148695652173913
0,156521739130435
0,156521739130435
0,156521739130435
0,125217391304348
Gen 30
0,156521739130435
0,154128238910848
0,156521739130435
0,156521739130435
0,156521739130435
0,146947738252086
Gen 31
0,156521739130435
0,146064370412197
0,156521739130435
0,156521739130435
0,156521739130435
0,114692264257482
Gen 32
0,156521739130435
0,156521739130435
0,156521739130435
0,156521739130435
0,156521739130435
0,156521739130435
Gen 33
0,156521739130435
0,156521739130435
0,156521739130435
0,156521739130435
0,156521739130435
0,156521739130435
Gen 34
0,156521739130435
0,156521739130435
0,156521739130435
0,156521739130435
0,156521739130435
0,156521739130435
Gen 35
0,156521739130435
0,153623188405797
0,156521739130435
0,156521739130435
0,156521739130435
0,144927536231884
Gen 36
0,156521739130435
0,156521739130435
0,156521739130435
0,156521739130435
0,156521739130435
0,156521739130435
Gen 37
0,156521739130435
0,147146621494448
0,156521739130435
0,156521739130435
0,156521739130435
0,119021268586486
Gen 38
0,156521739130435
0,156521739130435
0,156521739130435
0,156521739130435
0,156521739130435
0,156521739130435
Gen 39
0,156521739130435
0,146064370412197
0,156521739130435
0,156521739130435
0,156521739130435
0,114692264257482
Gen 40
0,16017316017316
0,147978543195935
0,15725202333898
0,156521739130435
0,156521739130435
0,121618671183889
Gen 41
0,16017316017316
0,158530020703934
0,16017316017316
0,16017316017316
0,15725202333898
0,156521739130435
Gen 42
0,16017316017316
0,141341991341991
0,16017316017316
0,16017316017316
0,16017316017316
0,0848484848484848
Gen 43
0,16017316017316
0,152164502164502
0,16017316017316
0,16017316017316
0,16017316017316
0,128138528138528
Gen 44
0,16017316017316
0,16017316017316
0,16017316017316
0,16017316017316
0,16017316017316
0,16017316017316
Gen 45
0,16017316017316
0,141774891774892
0,16017316017316
0,16017316017316
0,16017316017316
0,0865800865800866
Gen 46
0,16017316017316
0,159990589121024
0,16017316017316
0,16017316017316
0,16017316017316
0,159442875964615
Gen 47
0,16017316017316
0,152164502164502
0,16017316017316
0,16017316017316
0,16017316017316
0,128138528138528
Gen 48
0,16017316017316
0,16017316017316
0,16017316017316
0,16017316017316
0,16017316017316
0,16017316017316
Gen 49
0,16017316017316
0,16017316017316
0,16017316017316
0,16017316017316
0,16017316017316
0,16017316017316
Gen 50
0,16017316017316
0,157359307359307
0,16017316017316
0,16017316017316
0,16017316017316
0,148917748917749
Gen 51
0,16017316017316
0,152164502164502
0,16017316017316
0,16017316017316
0,16017316017316
0,128138528138528
Gen 52
0,16017316017316
0,147835497835498
0,16017316017316
0,16017316017316
0,16017316017316
0,110822510822511
Gen 53
0,16017316017316
0,155695463956333
0,16017316017316
0,16017316017316
0,16017316017316
0,142262375305854
Gen 54
0,16017316017316
0,16017316017316
0,16017316017316
0,16017316017316
0,16017316017316
0,16017316017316
Gen 55
0,170048309178744
0,160666917623439
0,162148189974277
0,16017316017316
0,16017316017316
0,16017316017316
Gen 56
0,170048309178744
0,141335090030742
0,170048309178744
0,164123219775394
0,16017316017316
0,070995670995671
Gen 57
0,170048309178744
0,167573875399962
0,170048309178744
0,170048309178744
0,170048309178744
0,160150574063618
Gen 58
0,170048309178744
0,170048309178744
0,170048309178744
0,170048309178744
0,170048309178744
0,170048309178744
Gen 59
0,170048309178744
0,15304347826087
0,170048309178744
0,170048309178744
0,170048309178744
0,102028985507246
Gen 60
0,170048309178744
0,170048309178744
0,170048309178744
0,170048309178744
0,170048309178744
0,170048309178744
Gen 61
0,170048309178744
0,170048309178744
0,170048309178744
0,170048309178744
0,170048309178744
0,170048309178744
Gen 62
0,170048309178744
0,168905201079114
0,170048309178744
0,170048309178744
0,170048309178744
0,165475876780225
Gen 63
0,324675324675325
0,169277244494636
0,20097371227806
0,170048309178744
0,170048309178744
0,136038647342995
Gen 64
0,324675324675325
0,214989020641195
0,324675324675325
0,231899115377376
0,170048309178744
0,133333333333333
Gen 65
0,324675324675325
0,315861722818245
0,324675324675325
0,324675324675325
0,324675324675325
0,289420917247004
Gen 66
0,324675324675325
0,299134199134199
0,324675324675325
0,324675324675325
0,324675324675325
0,222510822510822
Gen 67
0,324675324675325
0,324675324675325
0,324675324675325
0,324675324675325
0,324675324675325
0,324675324675325
Gen 68
0,324675324675325
0,292207792207792
0,324675324675325
0,324675324675325
0,324675324675325
0,194805194805195
Gen 69
0,324675324675325
0,324675324675325
0,324675324675325
0,324675324675325
0,324675324675325
0,324675324675325
Gen 70
0,324675324675325
0,308441558441559
0,324675324675325
0,324675324675325
0,324675324675325
0,25974025974026
Gen 71
0,324675324675325
0,324675324675325
0,324675324675325
0,324675324675325
0,324675324675325
0,324675324675325
Gen 72
0,601731601731602
0,336796536796537
0,38008658008658
0,324675324675325
0,324675324675325
0,317748917748918
Gen 73
0,635748792270531
0,381787439613527
0,553123784428132
0,324675324675325
0,324675324675325
0,324675324675325
Gen 74
0,635748792270531
0,527119016249451
0,635748792270531
0,601731601731602
0,546320346320346
0,324675324675325
Gen 75
0,635748792270531
0,574894284459502
0,635748792270531
0,635748792270531
0,628945354162745
0,399134199134199
Gen 76
0,635748792270531
0,60872325741891
0,635748792270531
0,635748792270531
0,635748792270531
0,527646652864044
Gen 77
0,635748792270531
0,635748792270531
0,635748792270531
0,635748792270531
0,635748792270531
0,635748792270531
Gen 78
0,635748792270531
0,598147939017504
0,635748792270531
0,635748792270531
0,635748792270531
0,485345379258423
Gen 79
0,636363636363636
0,607053140096618
0,635871761089152
0,635748792270531
0,635748792270531
0,520843214756258
Gen 80
0,636363636363636
0,633087395696091
0,636363636363636
0,636363636363636
0,635871761089152
0,62375054896794
Gen 81
0,636363636363636
0,636363636363636
0,636363636363636
0,636363636363636
0,636363636363636
0,636363636363636
Gen 82
0,636363636363636
0,636363636363636
0,636363636363636
0,636363636363636
0,636363636363636
0,636363636363636
Gen 83
0,636363636363636
0,636363636363636
0,636363636363636
0,636363636363636
0,636363636363636
0,636363636363636
Gen 84
0,636363636363636
0,636363636363636
0,636363636363636
0,636363636363636
0,636363636363636
0,636363636363636
Gen 85
0,636363636363636
0,604545454545455
0,636363636363636
0,636363636363636
0,636363636363636
0,509090909090909
Gen 86
0,636363636363636
0,57943722943723
0,636363636363636
0,636363636363636
0,636363636363636
0,408658008658009
Gen 87
0,636363636363636
0,636363636363636
0,636363636363636
0,636363636363636
0,636363636363636
0,636363636363636
Gen 88
0,636363636363636
0,636363636363636
0,636363636363636
0,636363636363636
0,636363636363636
0,636363636363636
Gen 89
0,636363636363636
0,636363636363636
0,636363636363636
0,636363636363636
0,636363636363636
0,636363636363636
Gen 90
0,636363636363636
0,630519480519481
0,636363636363636
0,636363636363636
0,636363636363636
0,612987012987013
Gen 91
0,636363636363636
0,577489177489178
0,636363636363636
0,636363636363636
0,636363636363636
0,400865800865801
Gen 92
0,636363636363636
0,610606060606061
0,636363636363636
0,636363636363636
0,636363636363636
0,533333333333333
Gen 93
0,636363636363636
0,633333333333334
0,636363636363636
0,636363636363636
0,636363636363636
0,624242424242424
Gen 94
0,636363636363636
0,636363636363636
0,636363636363636
0,636363636363636
0,636363636363636
0,636363636363636
Gen 95
0,636363636363636
0,636363636363636
0,636363636363636
0,636363636363636
0,636363636363636
0,636363636363636
Gen 96
0,636363636363636
0,632900432900433
0,636363636363636
0,636363636363636
0,636363636363636
0,622510822510822
Gen 97
0,636363636363636
0,604545454545455
0,636363636363636
0,636363636363636
0,636363636363636
0,509090909090909
Gen 98
0,636363636363636
0,636363636363636
0,636363636363636
0,636363636363636
0,636363636363636
0,636363636363636
Gen 99
0,636363636363636
0,636363636363636
0,636363636363636
0,636363636363636
0,636363636363636
0,636363636363636
Gen 100
0,636363636363636
0,636363636363636
0,636363636363636
0,636363636363636
0,636363636363636
0,636363636363636
Gen 101
0,636363636363636
0,636363636363636
0,636363636363636
0,636363636363636
0,636363636363636
0,636363636363636
Gen 102
0,636363636363636
0,636363636363636
0,636363636363636
0,636363636363636
0,636363636363636
0,636363636363636
Gen 103
0,636363636363636
0,61010101010101
0,636363636363636
0,636363636363636
0,636363636363636
0,531313131313131
Gen 104
0,636363636363636
0,606709956709957
0,636363636363636
0,636363636363636
0,636363636363636
0,517748917748918
Gen 105
0,636363636363636
0,610606060606061
0,636363636363636
0,636363636363636
0,636363636363636
0,533333333333333
Gen 106
0,636363636363636
0,635753184014054
0,636363636363636
0,636363636363636
0,636363636363636
0,633921826965305
Gen 107
0,636363636363636
0,611471861471862
0,636363636363636
0,636363636363636
0,636363636363636
0,536796536796537
Gen 108
0,636363636363636
0,612770562770563
0,636363636363636
0,636363636363636
0,636363636363636
0,541991341991342
Gen 109
0,636363636363636
0,636363636363636
0,636363636363636
0,636363636363636
0,636363636363636
0,636363636363636
Gen 110
0,636363636363636
0,636363636363636
0,636363636363636
0,636363636363636
0,636363636363636
0,636363636363636
Gen 111
0,636363636363636
0,610606060606061
0,636363636363636
0,636363636363636
0,636363636363636
0,533333333333333
Gen 112
0,636363636363636
0,636363636363636
0,636363636363636
0,636363636363636
0,636363636363636
0,636363636363636
Gen 113
0,636363636363636
0,604545454545455
0,636363636363636
0,636363636363636
0,636363636363636
0,509090909090909
Gen 114
0,636363636363636
0,636363636363636
0,636363636363636
0,636363636363636
0,636363636363636
0,636363636363636
Gen 115
0,636363636363636
0,610606060606061
0,636363636363636
0,636363636363636
0,636363636363636
0,533333333333333
Gen 116
0,636363636363636
0,636363636363636
0,636363636363636
0,636363636363636
0,636363636363636
0,636363636363636
Gen 117
0,636363636363636
0,579220779220779
0,636363636363636
0,636363636363636
0,636363636363636
0,407792207792208
Gen 118
0,636363636363636
0,579220779220779
0,636363636363636
0,636363636363636
0,636363636363636
0,407792207792208
Gen 119
0,636363636363636
0,604545454545455
0,636363636363636
0,636363636363636
0,636363636363636
0,509090909090909
Gen 120
0,636363636363636
0,636363636363636
0,636363636363636
0,636363636363636
0,636363636363636
0,636363636363636
Gen 121
0,636363636363636
0,610606060606061
0,636363636363636
0,636363636363636
0,636363636363636
0,533333333333333
Gen 122
0,636363636363636
0,604545454545455
0,636363636363636
0,636363636363636
0,636363636363636
0,509090909090909
Gen 123
0,643478260869565
0,603566095740009
0,637786561264822
0,636363636363636
0,636363636363636
0,50375054896794
Gen 124
0,643478260869565
0,641343873517787
0,643478260869565
0,643478260869565
0,642055335968379
0,636363636363636
Gen 125
0,643478260869565
0,611304347826087
0,643478260869565
0,643478260869565
0,643478260869565
0,514782608695652
Gen 126
0,643478260869565
0,643478260869565
0,643478260869565
0,643478260869565
0,643478260869565
0,643478260869565
Gen 127
0,643478260869565
0,643478260869565
0,643478260869565
0,643478260869565
0,643478260869565
0,643478260869565
Gen 128
0,643478260869565
0,643478260869565
0,643478260869565
0,643478260869565
0,643478260869565
0,643478260869565
Gen 129
0,643478260869565
0,637278373800113
0,643478260869565
0,643478260869565
0,643478260869565
0,618678712591756
Gen 130
0,643478260869565
0,643478260869565
0,643478260869565
0,643478260869565
0,643478260869565
0,643478260869565
Gen 131
0,643478260869565
0,643338979860719
0,643478260869565
0,643478260869565
0,643478260869565
0,64292113683418
Gen 132
0,643478260869565
0,643478260869565
0,643478260869565
0,643478260869565
0,643478260869565
0,643478260869565
Gen 133
0,643478260869565
0,611304347826087
0,643478260869565
0,643478260869565
0,643478260869565
0,514782608695652
Gen 134
0,643478260869565
0,564272539055148
0,643478260869565
0,643478260869565
0,643478260869565
0,326655373611895
Gen 135
0,643478260869565
0,643478260869565
0,643478260869565
0,643478260869565
0,643478260869565
0,643478260869565
Gen 136
0,643478260869565
0,617581404103143
0,643478260869565
0,643478260869565
0,643478260869565
0,539890833803877
Gen 137
0,643478260869565
0,615911914172784
0,643478260869565
0,643478260869565
0,643478260869565
0,533212874082439
Gen 138
0,643478260869565
0,611304347826087
0,643478260869565
0,643478260869565
0,643478260869565
0,514782608695652
Gen 139
0,643478260869565
0,612030867683042
0,643478260869565
0,643478260869565
0,643478260869565
0,517688688123471
Gen 140
0,643478260869565
0,584974590626765
0,643478260869565
0,643478260869565
0,643478260869565
0,409463579898363
Gen 141
0,645021645021645
0,643555430077169
0,643786937699981
0,643478260869565
0,643478260869565
0,643478260869565
Gen 142
0,645021645021645
0,644095614530397
0,645021645021645
0,644404291360813
0,643478260869565
0,643478260869565
Gen 143
0,645021645021645
0,644867306606437
0,645021645021645
0,645021645021645
0,645021645021645
0,644404291360813
Gen 144
0,645021645021645
0,608658008658008
0,645021645021645
0,645021645021645
0,645021645021645
0,4995670995671
Gen 145
0,645021645021645
0,645021645021645
0,645021645021645
0,645021645021645
0,645021645021645
0,645021645021645
Gen 146
0,645021645021645
0,645021645021645
0,645021645021645
0,645021645021645
0,645021645021645
0,645021645021645
Gen 147
0,645021645021645
0,645021645021645
0,645021645021645
0,645021645021645
0,645021645021645
0,645021645021645
Gen 148
0,645021645021645
0,573070456113934
0,645021645021645
0,645021645021645
0,645021645021645
0,357216889390802
Gen 149
0,645021645021645
0,614323357801619
0,645021645021645
0,645021645021645
0,645021645021645
0,52222849614154
Gen 150
0,645021645021645
0,645021645021645
0,645021645021645
0,645021645021645
0,645021645021645
0,645021645021645
Gen 151
0,645021645021645
0,637942781855825
0,645021645021645
0,645021645021645
0,645021645021645
0,616706192358366
Gen 152
0,645021645021645
0,641558441558441
0,645021645021645
0,645021645021645
0,645021645021645
0,631168831168831
Gen 153
0,645021645021645
0,612770562770563
0,645021645021645
0,645021645021645
0,645021645021645
0,516017316017316
Gen 154
0,645021645021645
0,620779220779221
0,645021645021645
0,645021645021645
0,645021645021645
0,548051948051948
Gen 155
0,645021645021645
0,613419913419913
0,645021645021645
0,645021645021645
0,645021645021645
0,518614718614719
Gen 156
0,645021645021645
0,587038082690256
0,645021645021645
0,645021645021645
0,645021645021645
0,413087395696091
Gen 157
0,645021645021645
0,645021645021645
0,645021645021645
0,645021645021645
0,645021645021645
0,645021645021645
Gen 158
0,645021645021645
0,645021645021645
0,645021645021645
0,645021645021645
0,645021645021645
0,645021645021645
Gen 159
0,645021645021645
0,613419913419913
0,645021645021645
0,645021645021645
0,645021645021645
0,518614718614719
Gen 160
0,645021645021645
0,638744588744589
0,645021645021645
0,645021645021645
0,645021645021645
0,61991341991342
Gen 161
0,645021645021645
0,645021645021645
0,645021645021645
0,645021645021645
0,645021645021645
0,645021645021645
Gen 162
0,645021645021645
0,620779220779221
0,645021645021645
0,645021645021645
0,645021645021645
0,548051948051948
Gen 163
0,645021645021645
0,602452475061171
0,645021645021645
0,645021645021645
0,645021645021645
0,474744965179748
Gen 164
0,645021645021645
0,645021645021645
0,645021645021645
0,645021645021645
0,645021645021645
0,645021645021645
Gen 165
0,645021645021645
0,611292427379384
0,645021645021645
0,645021645021645
0,645021645021645
0,510104774452601
Gen 166
0,645021645021645
0,618614718614719
0,645021645021645
0,645021645021645
0,645021645021645
0,539393939393939
Gen 167
0,645021645021645
0,645021645021645
0,645021645021645
0,645021645021645
0,645021645021645
0,645021645021645
Gen 168
0,645021645021645
0,621466214944476
0,645021645021645
0,645021645021645
0,645021645021645
0,550799924712968
Gen 169
0,645021645021645
0,645021645021645
0,645021645021645
0,645021645021645
0,645021645021645
0,645021645021645
Gen 170
0,645021645021645
0,645021645021645
0,645021645021645
0,645021645021645
0,645021645021645
0,645021645021645
Gen 171
0,645021645021645
0,644896166635297
0,645021645021645
0,645021645021645
0,645021645021645
0,644519731476253
Gen 172
0,645021645021645
0,645021645021645
0,645021645021645
0,645021645021645
0,645021645021645
0,645021645021645
Gen 173
0,648309178743961
0,576258861911036
0,645679151766108
0,645021645021645
0,645021645021645
0,369313005834745
Gen 174
0,648309178743961
0,641322542192107
0,648309178743961
0,648309178743961
0,645021645021645
0,623650166258862
Gen 175
0,648309178743961
0,648309178743961
0,648309178743961
0,648309178743961
0,648309178743961
0,648309178743961
Gen 176
0,648309178743961
0,609452286843591
0,648309178743961
0,648309178743961
0,648309178743961
0,492881611142481
Gen 177
0,648309178743961
0,621521425434469
0,648309178743961
0,648309178743961
0,648309178743961
0,541158165505992
Gen 178
0,653679653679654
0,61426626513583
0,6493832737311
0,648309178743961
0,648309178743961
0,511063429324299
Gen 179
0,653679653679654
0,645098186837317
0,653679653679654
0,650457368718238
0,648309178743961
0,627946546207416
Gen 180
0,653679653679654
0,626623376623377
0,653679653679654
0,653679653679654
0,653679653679654
0,545454545454545
Gen 181
0,653679653679654
0,61234770060857
0,653679653679654
0,653679653679654
0,653679653679654
0,48835184139532
Gen 182
0,653679653679654
0,653679653679654
0,653679653679654
0,653679653679654
0,653679653679654
0,653679653679654
Gen 183
0,653679653679654
0,593939393939394
0,653679653679654
0,653679653679654
0,653679653679654
0,414718614718615
Gen 184
0,653679653679654
0,653679653679654
0,653679653679654
0,653679653679654
0,653679653679654
0,653679653679654
Gen 185
0,653679653679654
0,623593073593073
0,653679653679654
0,653679653679654
0,653679653679654
0,533333333333333
Gen 186
0,653679653679654
0,572727272727273
0,653679653679654
0,653679653679654
0,653679653679654
0,32987012987013
Gen 187
0,653679653679654
0,597835497835498
0,653679653679654
0,653679653679654
0,653679653679654
0,43030303030303
Gen 188
0,653679653679654
0,645923207227555
0,653679653679654
0,653679653679654
0,653679653679654
0,622653867871259
Gen 189
0,653679653679654
0,62056277056277
0,653679653679654
0,653679653679654
0,653679653679654
0,521212121212121
Gen 190
0,653679653679654
0,594372294372294
0,653679653679654
0,653679653679654
0,653679653679654
0,416450216450216
Gen 191
0,653679653679654
0,558008658008658
0,653679653679654
0,653679653679654
0,653679653679654
0,270995670995671
Gen 192
0,657004830917874
0,653845912541565
0,654344689127298
0,653679653679654
0,653679653679654
0,653679653679654
Gen 193
0,657004830917874
0,591156910722128
0,657004830917874
0,655674760022586
0,653679653679654
0,398268398268398
Gen 194
0,657004830917874
0,657004830917874
0,657004830917874
0,657004830917874
0,657004830917874
0,657004830917874
Gen 195
0,657004830917874
0,602559759081498
0,657004830917874
0,657004830917874
0,657004830917874
0,43922454357237
Gen 196
0,657004830917874
0,606038647342995
0,657004830917874
0,657004830917874
0,657004830917874
0,453140096618358
Gen 197
0,657004830917874
0,624154589371981
0,657004830917874
0,657004830917874
0,657004830917874
0,5256038647343
Gen 198
0,657004830917874
0,624154589371981
0,657004830917874
0,657004830917874
0,657004830917874
0,5256038647343
Gen 199
0,659903381642512
0,631225923834619
0,657584541062802
0,657004830917874
0,657004830917874
0,553309492439927
Gen 200
0,659903381642512
0,625024154589372
0,659903381642512
0,657584541062802
0,657004830917874
0,5256038647343
Gen 201
0,659903381642512
0,654252462513332
0,659903381642512
0,659903381642512
0,659903381642512
0,637299705125792
Gen 202
0,659903381642512
0,654397390049564
0,659903381642512
0,659903381642512
0,659903381642512
0,63787941527072
Gen 203
0,659903381642512
0,628377564464521
0,659903381642512
0,659903381642512
0,659903381642512
0,533800112930548
Gen 204
0,659903381642512
0,570008783487044
0,659903381642512
0,659903381642512
0,659903381642512
0,300324989020641
Gen 205
0,671497584541063
0,660483091787439
0,662222222222222
0,659903381642512
0,659903381642512
0,659903381642512
Gen 206
0,671497584541063
0,634645837254533
0,671497584541063
0,664541062801932
0,659903381642512
0,542641320032624
Gen 207
0,671497584541063
0,642251709643014
0,671497584541063
0,671497584541063
0,671497584541063
0,554514084948868
Gen 208
0,671497584541063
0,604347826086957
0,671497584541063
0,671497584541063
0,671497584541063
0,402898550724638
Gen 209
0,671497584541063
0,637453416149069
0,671497584541063
0,671497584541063
0,671497584541063
0,535320910973085
Gen 210
0,671497584541063
0,609326181065312
0,671497584541063
0,671497584541063
0,671497584541063
0,422811970638058
Gen 211
0,671497584541063
0,621805006587615
0,671497584541063
0,671497584541063
0,671497584541063
0,472727272727273
Gen 212
0,671497584541063
0,671497584541063
0,671497584541063
0,671497584541063
0,671497584541063
0,671497584541063
Gen 213
0,671497584541063
0,63792270531401
0,671497584541063
0,671497584541063
0,671497584541063
0,53719806763285
Gen 214
0,671497584541063
0,671497584541063
0,671497584541063
0,671497584541063
0,671497584541063
0,671497584541063
Gen 215
0,671497584541063
0,641169458560763
0,671497584541063
0,671497584541063
0,671497584541063
0,550185080619863
Gen 216
0,671497584541063
0,641169458560763
0,671497584541063
0,671497584541063
0,671497584541063
0,550185080619863
Gen 217
0,671497584541063
0,669882050316833
0,671497584541063
0,671497584541063
0,671497584541063
0,665035447644143
Gen 218
0,671497584541063
0,572263002697786
0,671497584541063
0,671497584541063
0,671497584541063
0,274559257167953
Gen 219
0,671497584541063
0,660628019323672
0,671497584541063
0,671497584541063
0,671497584541063
0,628019323671498
Gen 220
0,671497584541063
0,63792270531401
0,671497584541063
0,671497584541063
0,671497584541063
0,53719806763285
Gen 221
0,671497584541063
0,603909279126671
0,671497584541063
0,671497584541063
0,671497584541063
0,401144362883493
Gen 222
0,671497584541063
0,625534851621808
0,671497584541063
0,671497584541063
0,671497584541063
0,487646652864044
Gen 223
0,671497584541063
0,671256038647343
0,671497584541063
0,671497584541063
0,671497584541063
0,670531400966184
Gen 224
0,671497584541063
0,671497584541063
0,671497584541063
0,671497584541063
0,671497584541063
0,671497584541063
Gen 225
0,671497584541063
0,608676830415961
0,671497584541063
0,671497584541063
0,671497584541063
0,420214568040655
Gen 226
0,688311688311688
0,639412761151892
0,674860405295188
0,671497584541063
0,671497584541063
0,539795470230253
Gen 227
0,688311688311688
0,673486416964678
0,688311688311688
0,674860405295188
0,671497584541063
0,659275989710772
Gen 228
0,688311688311688
0,687470983123157
0,688311688311688
0,688311688311688
0,688311688311688
0,684948867557563
Gen 229
0,688311688311688
0,688311688311689
0,688311688311688
0,688311688311688
0,688311688311688
0,688311688311688
Gen 230
0,688311688311688
0,688311688311689
0,688311688311688
0,688311688311688
0,688311688311688
0,688311688311688
Gen 231
0,688311688311688
0,658225108225108
0,688311688311688
0,688311688311688
0,688311688311688
0,567965367965368
Gen 232
0,688311688311688
0,653896103896104
0,688311688311688
0,688311688311688
0,688311688311688
0,550649350649351
Gen 233
0,688311688311688
0,688311688311689
0,688311688311688
0,688311688311688
0,688311688311688
0,688311688311688
Gen 234
0,688311688311688
0,622727272727273
0,688311688311688
0,688311688311688
0,688311688311688
0,425974025974026
Gen 235
0,688311688311688
0,612842712842713
0,688311688311688
0,688311688311688
0,688311688311688
0,386435786435786
Gen 236
0,688311688311688
0,576190476190476
0,688311688311688
0,688311688311688
0,688311688311688
0,23982683982684
Gen 237
0,688311688311688
0,674618232009537
0,688311688311688
0,688311688311688
0,688311688311688
0,63353786310308
Gen 238
0,688311688311688
0,617411380889642
0,688311688311688
0,688311688311688
0,688311688311688
0,404710458623502
Gen 239
0,688311688311688
0,686580086580087
0,688311688311688
0,688311688311688
0,688311688311688
0,681385281385281
Gen 240
0,688311688311688
0,688311688311689
0,688311688311688
0,688311688311688
0,688311688311688
0,688311688311688
Gen 241
0,688311688311688
0,646969696969697
0,688311688311688
0,688311688311688
0,688311688311688
0,522943722943723
Gen 242
0,688311688311688
0,688311688311689
0,688311688311688
0,688311688311688
0,688311688311688
0,688311688311688
Gen 243
0,688311688311688
0,680804316456491
0,688311688311688
0,688311688311688
0,688311688311688
0,658282200890897
Gen 244
0,688311688311688
0,688311688311689
0,688311688311688
0,688311688311688
0,688311688311688
0,688311688311688
Gen 245
0,688311688311688
0,653896103896104
0,688311688311688
0,688311688311688
0,688311688311688
0,550649350649351
Gen 246
0,688311688311688
0,615584415584416
0,688311688311688
0,688311688311688
0,688311688311688
0,397402597402597
Gen 247
0,688311688311688
0,681385281385282
0,688311688311688
0,688311688311688
0,688311688311688
0,660606060606061
Gen 248
0,688311688311688
0,622727272727273
0,688311688311688
0,688311688311688
0,688311688311688
0,425974025974026
Gen 249
0,688311688311688
0,681480644958906
0,688311688311688
0,688311688311688
0,688311688311688
0,660987514900558
Gen 250
0,688311688311688
0,685731852688375
0,688311688311688
0,688311688311688
0,688311688311688
0,677992345818433
Gen 251
0,688311688311688
0,61948051948052
0,688311688311688
0,688311688311688
0,688311688311688
0,412987012987013
Gen 252
0,688311688311688
0,688311688311689
0,688311688311688
0,688311688311688
0,688311688311688
0,688311688311688
Gen 253
0,688311688311688
0,61948051948052
0,688311688311688
0,688311688311688
0,688311688311688
0,412987012987013
Gen 254
0,688311688311688
0,653896103896104
0,688311688311688
0,688311688311688
0,688311688311688
0,550649350649351
Gen 255
0,688311688311688
0,654545454545455
0,688311688311688
0,688311688311688
0,688311688311688
0,553246753246753
Gen 256
0,688311688311688
0,615800865800866
0,688311688311688
0,688311688311688
0,688311688311688
0,398268398268398
Gen 257
0,688311688311688
0,688311688311689
0,688311688311688
0,688311688311688
0,688311688311688
0,688311688311688
Gen 258
0,688311688311688
0,684415584415585
0,688311688311688
0,688311688311688
0,688311688311688
0,672727272727273
Gen 259
0,688311688311688
0,679336846728151
0,688311688311688
0,688311688311688
0,688311688311688
0,652412321977539
Gen 260
0,688311688311688
0,653896103896104
0,688311688311688
0,688311688311688
0,688311688311688
0,550649350649351
Gen 261
0,688311688311688
0,65131626827279
0,688311688311688
0,688311688311688
0,688311688311688
0,540330008156095
Gen 262
0,688311688311688
0,623683418031244
0,688311688311688
0,688311688311688
0,688311688311688
0,429798607189912
Gen 263
0,688311688311688
0,684848484848485
0,688311688311688
0,688311688311688
0,688311688311688
0,674458874458874
Gen 264
0,688311688311688
0,658874458874459
0,688311688311688
0,688311688311688
0,688311688311688
0,57056277056277
Gen 265
0,688311688311688
0,653896103896104
0,688311688311688
0,688311688311688
0,688311688311688
0,550649350649351
Gen 266
0,688311688311688
0,651731601731602
0,688311688311688
0,688311688311688
0,688311688311688
0,541991341991342
Gen 267
0,688311688311688
0,654545454545455
0,688311688311688
0,688311688311688
0,688311688311688
0,553246753246753
Gen 268
0,688311688311688
0,651948051948052
0,688311688311688
0,688311688311688
0,688311688311688
0,542857142857143
Gen 269
0,688311688311688
0,685515402471925
0,688311688311688
0,688311688311688
0,688311688311688
0,677126544952632
Gen 270
0,688311688311688
0,590476190476191
0,688311688311688
0,688311688311688
0,688311688311688
0,296969696969697
Gen 271
0,688311688311688
0,653896103896104
0,688311688311688
0,688311688311688
0,688311688311688
0,550649350649351
Gen 272
0,688311688311688
0,633333333333334
0,688311688311688
0,688311688311688
0,688311688311688
0,468398268398268
Gen 273
0,688311688311688
0,58402095489052
0,688311688311688
0,688311688311688
0,679924712968191
0,279535729970513
Gen 274
0,688311688311688
0,678693769998118
0,688311688311688
0,688311688311688
0,688311688311688
0,649840015057406
Gen 275
0,688311688311688
0,686580086580087
0,688311688311688
0,688311688311688
0,688311688311688
0,681385281385281
Gen 276
0,688311688311688
0,688311688311689
0,688311688311688
0,688311688311688
0,688311688311688
0,688311688311688
