Gen 1
0.093841642228739
0.00561137319903098
0.0224454927961239
0
0
0
Gen 2
0.258064516129032
0.0352224913935994
0.0925513196480938
0.0421216371286497
0.00621700879765396
0
Gen 3
0.258064516129032
0.103372434017595
0.258064516129032
0.0960703812316715
0.0593548387096774
0
Gen 4
0.258064516129032
0.218973607038123
0.258064516129032
0.258064516129032
0.258064516129032
0.101700879765396
Gen 5
0.258064516129032
0.243548387096774
0.258064516129032
0.258064516129032
0.258064516129032
0.2
Gen 6
0.354838709677419
0.256451612903226
0.261935483870968
0.258064516129032
0.258064516129032
0.247741935483871
Gen 7
0.354838709677419
0.259354838709677
0.281290322580645
0.258064516129032
0.258064516129032
0.24
Gen 8
0.354838709677419
0.295806451612903
0.354838709677419
0.350967741935484
0.258064516129032
0.219354838709677
Gen 9
0.354838709677419
0.338373071528752
0.354838709677419
0.354838709677419
0.354838709677419
0.288976157082749
Gen 10
0.354838709677419
0.338240469208211
0.354838709677419
0.354838709677419
0.354838709677419
0.288445747800586
Gen 11
0.354838709677419
0.34
0.354838709677419
0.354838709677419
0.354838709677419
0.295483870967742
Gen 12
0.354838709677419
0.344838709677419
0.354838709677419
0.354838709677419
0.354838709677419
0.314838709677419
Gen 13
0.354838709677419
0.345806451612903
0.354838709677419
0.354838709677419
0.354838709677419
0.318709677419355
Gen 14
0.354838709677419
0.347536656891496
0.354838709677419
0.354838709677419
0.354838709677419
0.325630498533724
Gen 15
0.354838709677419
0.348064516129032
0.354838709677419
0.354838709677419
0.354838709677419
0.327741935483871
Gen 16
0.354838709677419
0.344193548387097
0.354838709677419
0.354838709677419
0.354838709677419
0.312258064516129
Gen 17
0.354838709677419
0.348064516129032
0.354838709677419
0.354838709677419
0.354838709677419
0.327741935483871
Gen 18
0.354838709677419
0.344516129032258
0.354838709677419
0.354838709677419
0.354838709677419
0.313548387096774
Gen 19
0.354838709677419
0.344516129032258
0.354838709677419
0.354838709677419
0.354838709677419
0.313548387096774
Gen 20
0.419354838709677
0.341290322580645
0.35741935483871
0.354838709677419
0.354838709677419
0.298064516129032
Gen 21
0.419354838709677
0.342258064516129
0.39741935483871
0.354838709677419
0.354838709677419
0.261935483870968
Gen 22
0.419354838709677
0.401290322580644
0.419354838709677
0.419354838709677
0.419354838709677
0.347096774193548
Gen 23
0.419354838709677
0.415483870967742
0.419354838709677
0.419354838709677
0.419354838709677
0.403870967741935
Gen 24
0.419354838709677
0.411612903225806
0.419354838709677
0.419354838709677
0.419354838709677
0.388387096774194
Gen 25
0.483870967741936
0.415806451612903
0.421935483870968
0.419354838709677
0.419354838709677
0.40258064516129
Gen 26
0.483870967741936
0.420967741935484
0.432258064516129
0.419354838709677
0.419354838709677
0.412903225806452
Gen 27
0.483870967741936
0.426774193548387
0.483870967741936
0.447741935483871
0.419354838709677
0.356129032258064
Gen 28
0.483870967741936
0.467096774193549
0.483870967741936
0.483870967741936
0.483870967741936
0.416774193548387
Gen 29
0.483870967741936
0.479354838709678
0.483870967741936
0.483870967741936
0.483870967741936
0.465806451612904
Gen 30
0.483870967741936
0.465161290322581
0.483870967741936
0.483870967741936
0.483870967741936
0.409032258064516
Gen 31
0.483870967741936
0.47
0.483870967741936
0.483870967741936
0.483870967741936
0.428387096774194
Gen 32
0.483870967741936
0.456099706744868
0.483870967741936
0.483870967741936
0.483870967741936
0.372785923753666
Gen 33
0.516129032258065
0.469032258064516
0.485161290322581
0.483870967741936
0.483870967741936
0.423225806451613
Gen 34
0.516129032258065
0.475806451612903
0.507096774193548
0.483870967741936
0.483870967741936
0.428387096774194
Gen 35
0.516129032258065
0.489354838709677
0.516129032258064
0.516129032258064
0.508387096774193
0.416774193548387
Gen 36
0.516129032258065
0.496129032258064
0.516129032258064
0.516129032258064
0.516129032258064
0.436129032258064
Gen 37
0.516129032258065
0.511290322580645
0.516129032258064
0.516129032258064
0.516129032258064
0.496774193548387
Gen 38
0.516129032258065
0.511290322580645
0.516129032258064
0.516129032258064
0.516129032258064
0.496774193548387
Gen 39
0.516129032258065
0.486510263929618
0.516129032258064
0.516129032258064
0.516129032258064
0.397653958944281
Gen 40
0.516129032258065
0.502833099579242
0.516129032258064
0.516129032258064
0.516129032258064
0.462945301542777
Gen 41
0.516129032258065
0.500967741935483
0.516129032258064
0.516129032258064
0.516129032258064
0.455483870967742
Gen 42
0.516129032258065
0.51524926686217
0.516129032258064
0.516129032258064
0.516129032258064
0.512609970674486
Gen 43
0.516129032258065
0.510967741935483
0.516129032258064
0.516129032258064
0.516129032258064
0.495483870967742
Gen 44
0.516129032258065
0.495890603085554
0.516129032258064
0.516129032258064
0.516129032258064
0.435175315568022
Gen 45
0.516129032258065
0.501290322580645
0.516129032258064
0.516129032258064
0.516129032258064
0.456774193548387
Gen 46
0.516129032258065
0.507559607293127
0.516129032258064
0.516129032258064
0.516129032258064
0.481851332398317
Gen 47
0.516129032258065
0.510967741935483
0.516129032258064
0.516129032258064
0.516129032258064
0.495483870967742
Gen 48
0.516129032258065
0.500967741935483
0.516129032258064
0.516129032258064
0.516129032258064
0.455483870967742
Gen 49
0.516129032258065
0.493372434017595
0.516129032258064
0.516129032258064
0.516129032258064
0.425102639296188
Gen 50
0.516129032258065
0.510140252454418
0.516129032258064
0.516129032258064
0.516129032258064
0.492173913043478
Gen 51
0.516129032258065
0.483372434017595
0.516129032258064
0.516129032258064
0.516129032258064
0.385102639296188
Gen 52
0.516129032258065
0.509032258064516
0.516129032258064
0.516129032258064
0.516129032258064
0.487741935483871
Gen 53
0.516129032258065
0.501290322580645
0.516129032258064
0.516129032258064
0.516129032258064
0.456774193548387
Gen 54
0.548387096774194
0.506129032258064
0.517419354838709
0.516129032258064
0.516129032258064
0.474838709677419
Gen 55
0.548387096774194
0.505953079178885
0.521290322580645
0.516129032258064
0.516129032258064
0.470263929618768
Gen 56
0.580645161290323
0.51258064516129
0.549677419354839
0.540645161290323
0.516129032258064
0.443870967741935
Gen 57
0.580645161290323
0.536297335203365
0.558709677419355
0.548387096774194
0.548387096774194
0.489705469845722
Gen 58
0.833099579242637
0.546213183730715
0.590743338008415
0.579354838709677
0.548387096774194
0.466367461430575
Gen 59
0.833099579242637
0.596605890603085
0.722019635343619
0.580645161290322
0.580645161290322
0.503113604488079
Gen 60
0.833099579242637
0.733394109396913
0.833099579242636
0.833099579242636
0.782608695652174
0.48476858345021
Gen 61
0.855539971949509
0.796241234221599
0.83422159887798
0.833099579242636
0.833099579242636
0.684544179523142
Gen 62
0.967741935483871
0.827054698457223
0.852847124824684
0.833099579242636
0.833099579242636
0.789172510518934
Gen 63
0.967741935483871
0.80298992732373
0.913884992987377
0.855539971949509
0.853520336605891
0.589014407752136
Gen 64
0.967741935483871
0.899382889200562
0.967741935483872
0.967741935483872
0.922861150070126
0.739186535764376
Gen 65
0.967741935483871
0.945469845722301
0.967741935483872
0.967741935483872
0.967741935483872
0.878653576437588
Gen 66
0.967741935483871
0.891783756215734
0.967741935483872
0.967741935483872
0.967741935483872
0.663909218411323
Gen 67
0.967741935483871
0.923239831697055
0.967741935483872
0.967741935483872
0.967741935483872
0.789733520336606
Gen 68
0.967741935483871
0.939120234604106
0.967741935483872
0.967741935483872
0.967741935483872
0.85325513196481
Gen 69
0.967741935483871
0.956942496493689
0.967741935483872
0.967741935483872
0.967741935483872
0.924544179523142
Gen 70
0.967741935483871
0.900546984572231
0.967741935483872
0.967741935483872
0.967741935483872
0.698962131837307
Gen 71
0.967741935483871
0.946143057503507
0.967741935483872
0.967741935483872
0.967741935483872
0.881346423562413
Gen 72
0.967741935483871
0.918218793828893
0.967741935483872
0.967741935483872
0.967741935483872
0.769649368863956
Gen 73
0.967741935483871
0.933169705469846
0.967741935483872
0.967741935483872
0.967741935483872
0.82945301542777
Gen 74
0.967741935483871
0.939691444600281
0.967741935483872
0.967741935483872
0.967741935483872
0.855539971949509
Gen 75
0.967741935483871
0.926423562412343
0.967741935483872
0.967741935483872
0.967741935483872
0.802468443197756
Gen 76
0.967741935483871
0.949649368863956
0.967741935483872
0.967741935483872
0.967741935483872
0.895371669004208
Gen 77
0.967741935483871
0.932931276297336
0.967741935483872
0.967741935483872
0.967741935483872
0.828499298737728
Gen 78
0.967741935483871
0.932875175315569
0.967741935483872
0.967741935483872
0.967741935483872
0.82827489481066
Gen 79
0.967741935483871
0.931290322580646
0.967741935483872
0.967741935483872
0.967741935483872
0.821935483870968
Gen 80
0.967741935483871
0.948123167155426
0.967741935483872
0.967741935483872
0.967741935483872
0.889266862170088
Gen 81
0.967741935483871
0.919354838709678
0.967741935483872
0.967741935483872
0.967741935483872
0.774193548387097
Gen 82
0.967741935483871
0.955287517531558
0.967741935483872
0.967741935483872
0.967741935483872
0.917924263674615
Gen 83
0.967741935483871
0.927910238429173
0.967741935483872
0.967741935483872
0.967741935483872
0.808415147265078
Gen 84
0.967741935483871
0.911276297335204
0.967741935483872
0.967741935483872
0.967741935483872
0.741879382889201
Gen 85
0.967741935483871
0.936858345021039
0.967741935483872
0.967741935483872
0.967741935483872
0.844207573632539
Gen 86
0.967741935483871
0.931416549789622
0.967741935483872
0.967741935483872
0.967741935483872
0.822440392706873
Gen 87
0.967741935483871
0.899354838709678
0.967741935483872
0.967741935483872
0.967741935483872
0.694193548387097
Gen 88
0.967741935483871
0.894253474435804
0.967741935483872
0.967741935483872
0.967741935483872
0.673788091291598
Gen 89
0.967741935483871
0.946143057503507
0.967741935483872
0.967741935483872
0.967741935483872
0.881346423562413
Gen 90
0.967741935483871
0.927910238429173
0.967741935483872
0.967741935483872
0.967741935483872
0.808415147265078
Gen 91
0.967741935483871
0.892992477368355
0.967741935483872
0.967741935483872
0.967741935483872
0.668744103021803
Gen 92
0.967741935483871
0.907755960729314
0.967741935483872
0.967741935483872
0.967741935483872
0.727798036465638
Gen 93
0.967741935483871
0.946465638148668
0.967741935483872
0.967741935483872
0.967741935483872
0.882636746143058
Gen 94
0.967741935483871
0.937565982404693
0.967741935483872
0.967741935483872
0.967741935483872
0.847038123167156
Gen 95
0.967741935483871
0.919677419354839
0.967741935483872
0.967741935483872
0.967741935483872
0.775483870967742
Gen 96
0.967741935483871
0.948709677419356
0.967741935483872
0.967741935483872
0.967741935483872
0.891612903225807
Gen 97
0.967741935483871
0.938709677419356
0.967741935483872
0.967741935483872
0.967741935483872
0.851612903225807
Gen 98
0.967741935483871
0.944193548387097
0.967741935483872
0.967741935483872
0.967741935483872
0.873548387096775
Gen 99
0.967741935483871
0.967741935483872
0.967741935483872
0.967741935483872
0.967741935483872
0.967741935483872
Gen 100
0.967741935483871
0.959382889200562
0.967741935483872
0.967741935483872
0.967741935483872
0.934305750350632
Gen 101
0.967741935483871
0.919354838709678
0.967741935483872
0.967741935483872
0.967741935483872
0.774193548387097
Gen 102
0.967741935483871
0.95061711079944
0.967741935483872
0.967741935483872
0.967741935483872
0.899242636746143
Gen 103
0.967741935483871
0.922594670406733
0.967741935483872
0.967741935483872
0.967741935483872
0.787152875175316
Gen 104
0.967741935483871
0.93936886395512
0.967741935483872
0.967741935483872
0.967741935483872
0.854249649368864
Gen 105
0.967741935483871
0.940490883590464
0.967741935483872
0.967741935483872
0.967741935483872
0.858737727910239
Gen 106
0.967741935483871
0.896914446002806
0.967741935483872
0.967741935483872
0.967741935483872
0.684431977559608
Gen 107
0.967741935483871
0.913239831697055
0.967741935483872
0.967741935483872
0.967741935483872
0.749733520336606
Gen 108
0.967741935483871
0.939603468060692
0.967741935483872
0.967741935483872
0.967741935483872
0.855188065791152
Gen 109
0.967741935483871
0.963814866760169
0.967741935483872
0.967741935483872
0.967741935483872
0.952033660589061
Gen 110
0.967741935483871
0.94909090909091
0.967741935483872
0.967741935483872
0.967741935483872
0.893137829912024
Gen 111
0.967741935483871
0.954604105571848
0.967741935483872
0.967741935483872
0.967741935483872
0.915190615835778
Gen 112
0.967741935483871
0.942932551319649
0.967741935483872
0.967741935483872
0.967741935483872
0.86850439882698
Gen 113
0.967741935483871
0.935161290322581
0.967741935483872
0.967741935483872
0.967741935483872
0.83741935483871
Gen 114
0.967741935483871
0.946143057503507
0.967741935483872
0.967741935483872
0.967741935483872
0.881346423562413
Gen 115
0.967741935483871
0.942903225806452
0.967741935483872
0.967741935483872
0.967741935483872
0.868387096774194
Gen 116
0.967741935483871
0.954897360703813
0.967741935483872
0.967741935483872
0.967741935483872
0.916363636363637
Gen 117
0.967741935483871
0.939032258064517
0.967741935483872
0.967741935483872
0.967741935483872
0.852903225806452
Gen 118
0.967741935483871
0.918359046283311
0.967741935483872
0.967741935483872
0.967741935483872
0.770210378681627
Gen 119
0.967741935483871
0.939266862170089
0.967741935483872
0.967741935483872
0.967741935483872
0.853841642228739
Gen 120
0.967741935483871
0.938373071528753
0.967741935483872
0.967741935483872
0.967741935483872
0.850266479663395
Gen 121
0.967741935483871
0.943225806451614
0.967741935483872
0.967741935483872
0.967741935483872
0.869677419354839
Gen 122
0.967741935483871
0.937773811041694
0.967741935483872
0.967741935483872
0.967741935483872
0.84786943771516
Gen 123
0.967741935483871
0.936774193548388
0.967741935483872
0.967741935483872
0.967741935483872
0.843870967741936
Gen 124
0.967741935483871
0.914361851332399
0.967741935483872
0.967741935483872
0.967741935483872
0.754221598877981
Gen 125
0.967741935483871
0.939354838709678
0.967741935483872
0.967741935483872
0.967741935483872
0.854193548387097
Gen 126
0.967741935483871
0.925307917888564
0.967741935483872
0.967741935483872
0.967741935483872
0.79800586510264
Gen 127
0.967741935483871
0.925974754558206
0.967741935483872
0.967741935483872
0.967741935483872
0.800673211781207
Gen 128
0.967741935483871
0.949354838709678
0.967741935483872
0.967741935483872
0.967741935483872
0.894193548387097
Gen 129
0.967741935483871
0.929032258064517
0.967741935483872
0.967741935483872
0.967741935483872
0.812903225806452
Gen 130
0.967741935483871
0.935918653576438
0.967741935483872
0.967741935483872
0.967741935483872
0.840448807854138
Gen 131
0.967741935483871
0.924754558204769
0.967741935483872
0.967741935483872
0.967741935483872
0.795792426367462
Gen 132
0.967741935483871
0.938387096774194
0.967741935483872
0.967741935483872
0.967741935483872
0.850322580645162
Gen 133
0.967741935483871
0.952230014025246
0.967741935483872
0.967741935483872
0.967741935483872
0.905694249649369
Gen 134
0.967741935483871
0.960645161290323
0.967741935483872
0.967741935483872
0.967741935483872
0.939354838709678
Gen 135
0.967741935483871
0.948387096774194
0.967741935483872
0.967741935483872
0.967741935483872
0.890322580645162
Gen 136
0.967741935483871
0.895119214586256
0.967741935483872
0.967741935483872
0.967741935483872
0.677251051893408
Gen 137
0.967741935483871
0.926255259467041
0.967741935483872
0.967741935483872
0.967741935483872
0.80179523141655
Gen 138
0.967741935483871
0.948387096774194
0.967741935483872
0.967741935483872
0.967741935483872
0.890322580645162
Gen 139
0.967741935483871
0.944193548387097
0.967741935483872
0.967741935483872
0.967741935483872
0.873548387096775
Gen 140
0.967741935483871
0.934782608695653
0.967741935483872
0.967741935483872
0.967741935483872
0.835904628330996
Gen 141
0.967741935483871
0.944236899145736
0.967741935483872
0.967741935483872
0.967741935483872
0.873721790131328
Gen 142
0.967741935483871
0.915806451612904
0.967741935483872
0.967741935483872
0.967741935483872
0.76
Gen 143
0.967741935483871
0.927804411577203
0.967741935483872
0.967741935483872
0.967741935483872
0.807991839857198
Gen 144
0.967741935483871
0.938709677419356
0.967741935483872
0.967741935483872
0.967741935483872
0.851612903225807
Gen 145
0.967741935483871
0.938611500701263
0.967741935483872
0.967741935483872
0.967741935483872
0.851220196353437
Gen 146
0.967741935483871
0.915483870967743
0.967741935483872
0.967741935483872
0.967741935483872
0.758709677419355
Gen 147
0.967741935483871
0.928302945301543
0.967741935483872
0.967741935483872
0.967741935483872
0.809985974754559
Gen 148
0.967741935483871
0.93483870967742
0.967741935483872
0.967741935483872
0.967741935483872
0.836129032258065
Gen 149
0.967741935483871
0.92483870967742
0.967741935483872
0.967741935483872
0.967741935483872
0.796129032258065
Gen 150
0.967741935483871
0.938709677419356
0.967741935483872
0.967741935483872
0.967741935483872
0.851612903225807
Gen 151
0.967741935483871
0.960000000000001
0.967741935483872
0.967741935483872
0.967741935483872
0.936774193548388
Gen 152
0.967741935483871
0.935161290322581
0.967741935483872
0.967741935483872
0.967741935483872
0.83741935483871
Gen 153
0.967741935483871
0.938709677419356
0.967741935483872
0.967741935483872
0.967741935483872
0.851612903225807
Gen 154
0.967741935483871
0.926423562412343
0.967741935483872
0.967741935483872
0.967741935483872
0.802468443197756
Gen 155
0.967741935483871
0.939032258064517
0.967741935483872
0.967741935483872
0.967741935483872
0.852903225806452
Gen 156
0.967741935483871
0.939716945046539
0.967741935483872
0.967741935483872
0.967741935483872
0.855641973734541
Gen 157
0.967741935483871
0.958064516129033
0.967741935483872
0.967741935483872
0.967741935483872
0.929032258064517
Gen 158
0.967741935483871
0.938709677419356
0.967741935483872
0.967741935483872
0.967741935483872
0.851612903225807
Gen 159
0.967741935483871
0.931725105189342
0.967741935483872
0.967741935483872
0.967741935483872
0.823674614305751
Gen 160
0.967741935483871
0.914025245441796
0.967741935483872
0.967741935483872
0.967741935483872
0.752875175315568
Gen 161
0.967741935483871
0.938359046283311
0.967741935483872
0.967741935483872
0.967741935483872
0.850210378681627
Gen 162
0.967741935483871
0.944978962131838
0.967741935483872
0.967741935483872
0.967741935483872
0.876690042075737
Gen 163
0.967741935483871
0.949200561009819
0.967741935483872
0.967741935483872
0.967741935483872
0.893576437587658
Gen 164
0.967741935483871
0.919354838709678
0.967741935483872
0.967741935483872
0.967741935483872
0.774193548387097
Gen 165
0.967741935483871
0.934252199413491
0.967741935483872
0.967741935483872
0.967741935483872
0.833782991202347
Gen 166
0.967741935483871
0.950838964681883
0.967741935483872
0.967741935483872
0.967741935483872
0.900130052275915
Gen 167
0.967741935483871
0.910000000000001
0.967741935483872
0.967741935483872
0.967741935483872
0.736774193548387
Gen 168
0.967741935483871
0.939414764758384
0.967741935483872
0.967741935483872
0.967741935483872
0.854433252581921
Gen 169
0.967741935483871
0.933608313145481
0.967741935483872
0.967741935483872
0.967741935483872
0.831207446130308
Gen 170
0.967741935483871
0.918797653958945
0.967741935483872
0.967741935483872
0.967741935483872
0.771964809384165
Gen 171
0.967741935483871
0.915740150452634
0.967741935483872
0.967741935483872
0.967741935483872
0.759734795358919
Gen 172
0.967741935483871
0.938709677419356
0.967741935483872
0.967741935483872
0.967741935483872
0.851612903225807
Gen 173
0.967741935483871
0.933548387096775
0.967741935483872
0.967741935483872
0.967741935483872
0.830967741935484
Gen 174
0.967741935483871
0.8816715542522
0.967741935483872
0.967741935483872
0.967741935483872
0.623460410557185
Gen 175
0.967741935483871
0.942903225806452
0.967741935483872
0.967741935483872
0.967741935483872
0.868387096774194
Gen 176
0.967741935483871
0.901079943899019
0.967741935483872
0.967741935483872
0.967741935483872
0.70109396914446
Gen 177
0.967741935483871
0.920058651026394
0.967741935483872
0.967741935483872
0.967741935483872
0.777008797653959
Gen 178
0.967741935483871
0.926117557057249
0.967741935483872
0.967741935483872
0.967741935483872
0.801244421777382
Gen 179
0.967741935483871
0.957769985974755
0.967741935483872
0.967741935483872
0.967741935483872
0.927854137447406
Gen 180
0.967741935483871
0.919048833354585
0.967741935483872
0.967741935483872
0.967741935483872
0.772969526966722
Gen 181
0.967741935483871
0.909912023460411
0.967741935483872
0.967741935483872
0.967741935483872
0.73642228739003
Gen 182
0.967741935483871
0.92483870967742
0.967741935483872
0.967741935483872
0.967741935483872
0.796129032258065
Gen 183
0.967741935483871
0.935218666326661
0.967741935483872
0.967741935483872
0.967741935483872
0.83764885885503
Gen 184
0.967741935483871
0.927910238429173
0.967741935483872
0.967741935483872
0.967741935483872
0.808415147265078
Gen 185
0.967741935483871
0.948387096774194
0.967741935483872
0.967741935483872
0.967741935483872
0.890322580645162
Gen 186
0.967741935483871
0.9375073313783
0.967741935483872
0.967741935483872
0.967741935483872
0.846803519061584
Gen 187
0.967741935483871
0.925161290322581
0.967741935483872
0.967741935483872
0.967741935483872
0.79741935483871
Gen 188
0.967741935483871
0.907124824684433
0.967741935483872
0.967741935483872
0.967741935483872
0.725273492286115
Gen 189
0.967741935483871
0.936774193548388
0.967741935483872
0.967741935483872
0.967741935483872
0.843870967741936
Gen 190
0.967741935483871
0.901598877980365
0.967741935483872
0.967741935483872
0.967741935483872
0.703169705469846
Gen 191
0.967741935483871
0.902019635343619
0.967741935483872
0.967741935483872
0.967741935483872
0.704852734922861
Gen 192
0.967741935483871
0.933548387096775
0.967741935483872
0.967741935483872
0.967741935483872
0.830967741935484
Gen 193
0.967741935483871
0.916437587657785
0.967741935483872
0.967741935483872
0.967741935483872
0.762524544179524
Gen 194
0.967741935483871
0.948826979472142
0.967741935483872
0.967741935483872
0.967741935483872
0.892082111436951
Gen 195
0.967741935483871
0.948387096774194
0.967741935483872
0.967741935483872
0.967741935483872
0.890322580645162
Gen 196
0.967741935483871
0.94608695652174
0.967741935483872
0.967741935483872
0.967741935483872
0.881122019635344
Gen 197
0.967741935483871
0.949901823281908
0.967741935483872
0.967741935483872
0.967741935483872
0.896381486676017
Gen 198
0.967741935483871
0.897868162692848
0.967741935483872
0.967741935483872
0.967741935483872
0.688246844319776
