Gen 1
0,0952380952380952
0,00580274797666102
0,0232109919066441
0
0
0
Gen 2
0,0995670995670996
0,0278136645962733
0,0815584415584416
0,0296962168266516
0
0
Gen 3
0,0995670995670996
0,0681736620867056
0,0980086580086581
0,0929870129870129
0,0760173160173161
0,00568166133383525
Gen 4
0,177489177489178
0,0977922077922078
0,104242424242424
0,0995670995670996
0,0995670995670996
0,0877922077922078
Gen 5
0,177489177489178
0,118831168831169
0,165021645021645
0,112727272727273
0,0995670995670996
0,098008658008658
Gen 6
0,181818181818182
0,162900432900433
0,177662337662338
0,177489177489178
0,177489177489178
0,118961038961039
Gen 7
0,181818181818182
0,16691323169584
0,179220779220779
0,177489177489178
0,177489177489178
0,133453792584227
Gen 8
0,181818181818182
0,178441558441558
0,181818181818182
0,181818181818182
0,178701298701299
0,171428571428571
Gen 9
0,181818181818182
0,176971579145492
0,181818181818182
0,181818181818182
0,181818181818182
0,162431771127423
Gen 10
0,186147186147186
0,178787878787879
0,181991341991342
0,181818181818182
0,181818181818182
0,169523809523809
Gen 11
0,186147186147186
0,179134199134199
0,182337662337662
0,181818181818182
0,181818181818182
0,170562770562771
Gen 12
0,186147186147186
0,177619047619048
0,186147186147186
0,182857142857143
0,181818181818182
0,15965367965368
Gen 13
0,186147186147186
0,183593073593074
0,186147186147186
0,186147186147186
0,186147186147186
0,175930735930736
Gen 14
0,220779220779221
0,181168831168831
0,187878787878788
0,186147186147186
0,186147186147186
0,164502164502165
Gen 15
0,220779220779221
0,188614718614719
0,200692640692641
0,186147186147186
0,186147186147186
0,181471861471861
Gen 16
0,220779220779221
0,20030303030303
0,220779220779221
0,213333333333333
0,194805194805195
0,172294372294372
Gen 17
0,220779220779221
0,217359307359308
0,220779220779221
0,220779220779221
0,220779220779221
0,207099567099567
Gen 18
0,220779220779221
0,216103896103896
0,220779220779221
0,220779220779221
0,220779220779221
0,202077922077922
Gen 19
0,220779220779221
0,219200451722191
0,220779220779221
0,220779220779221
0,220779220779221
0,214464144551101
Gen 20
0,220779220779221
0,21655762594893
0,220779220779221
0,220779220779221
0,220779220779221
0,203892841458059
Gen 21
0,220779220779221
0,218831168831169
0,220779220779221
0,220779220779221
0,220779220779221
0,212987012987013
Gen 22
0,220779220779221
0,214372294372295
0,220779220779221
0,220779220779221
0,220779220779221
0,195151515151515
Gen 23
0,220779220779221
0,21489365706757
0,220779220779221
0,220779220779221
0,220779220779221
0,197236965932618
Gen 24
0,229437229437229
0,220519480519481
0,221125541125541
0,220779220779221
0,220779220779221
0,219393939393939
Gen 25
0,229437229437229
0,216493506493507
0,225627705627706
0,220779220779221
0,220779220779221
0,198787878787879
Gen 26
0,229437229437229
0,218812723508376
0,229437229437229
0,229437229437229
0,225281385281385
0,191095049877659
Gen 27
0,229437229437229
0,227856578204405
0,229437229437229
0,229437229437229
0,229437229437229
0,223114624505929
Gen 28
0,229437229437229
0,227316017316018
0,229437229437229
0,229437229437229
0,229437229437229
0,220952380952381
Gen 29
0,229437229437229
0,225129305477132
0,229437229437229
0,229437229437229
0,229437229437229
0,212205533596838
Gen 30
0,229437229437229
0,217792207792208
0,229437229437229
0,229437229437229
0,229437229437229
0,182857142857143
Gen 31
0,229437229437229
0,222121212121212
0,229437229437229
0,229437229437229
0,229437229437229
0,20017316017316
Gen 32
0,246753246753247
0,222554112554113
0,23012987012987
0,229437229437229
0,229437229437229
0,201212121212121
Gen 33
0,246753246753247
0,223927222535918
0,234978354978355
0,229437229437229
0,229437229437229
0,201856076290859
Gen 34
0,246753246753247
0,235800865800866
0,246753246753247
0,246753246753247
0,229437229437229
0,22025974025974
Gen 35
0,311688311688312
0,242900432900433
0,24935064935065
0,246753246753247
0,246753246753247
0,228744588744589
Gen 36
0,311688311688312
0,246256728778468
0,264935064935065
0,246753246753247
0,246753246753247
0,226585356672313
Gen 37
0,311688311688312
0,275830353221658
0,311688311688312
0,311688311688312
0,254718614718615
0,225226174791392
Gen 38
0,311688311688312
0,300239412761151
0,311688311688312
0,311688311688312
0,311688311688312
0,265892715979673
Gen 39
0,311688311688312
0,302845473367212
0,311688311688312
0,311688311688312
0,311688311688312
0,276316958403915
Gen 40
0,311688311688312
0,29864420603551
0,311688311688312
0,311688311688312
0,311688311688312
0,259511889077107
Gen 41
0,311688311688312
0,30370073404856
0,311688311688312
0,311688311688312
0,311688311688312
0,279738001129306
Gen 42
0,311688311688312
0,294848484848484
0,311688311688312
0,311688311688312
0,311688311688312
0,244329004329004
Gen 43
0,311688311688312
0,29735027291549
0,311688311688312
0,311688311688312
0,311688311688312
0,254336156597026
Gen 44
0,311688311688312
0,302663655185394
0,311688311688312
0,311688311688312
0,311688311688312
0,275589685676642
Gen 45
0,311688311688312
0,300313821444256
0,311688311688312
0,311688311688312
0,311688311688312
0,26619035071209
Gen 46
0,311688311688312
0,303376623376623
0,311688311688312
0,311688311688312
0,311688311688312
0,278441558441558
Gen 47
0,311688311688312
0,301733483907396
0,311688311688312
0,311688311688312
0,311688311688312
0,271869000564653
Gen 48
0,311688311688312
0,297945040466779
0,311688311688312
0,311688311688312
0,311688311688312
0,256715226802183
Gen 49
0,311688311688312
0,302323859715164
0,311688311688312
0,311688311688312
0,311688311688312
0,274230503795721
Gen 50
0,311688311688312
0,309380136771441
0,311688311688312
0,311688311688312
0,311688311688312
0,302455612020829
Gen 51
0,311688311688312
0,300175293305728
0,311688311688312
0,311688311688312
0,311688311688312
0,265636238157977
Gen 52
0,311688311688312
0,30077922077922
0,311688311688312
0,311688311688312
0,311688311688312
0,268051948051948
Gen 53
0,311688311688312
0,305670995670995
0,311688311688312
0,311688311688312
0,311688311688312
0,287619047619048
Gen 54
0,311688311688312
0,300152832674571
0,311688311688312
0,311688311688312
0,311688311688312
0,265546395633352
Gen 55
0,311688311688312
0,305587050630528
0,311688311688312
0,311688311688312
0,311688311688312
0,287283267457181
Gen 56
0,311688311688312
0,304155844155844
0,311688311688312
0,311688311688312
0,311688311688312
0,281558441558442
Gen 57
0,311688311688312
0,29656791517661
0,311688311688312
0,311688311688312
0,311688311688312
0,251206725641508
Gen 58
0,311688311688312
0,305281385281385
0,311688311688312
0,311688311688312
0,311688311688312
0,286060606060606
Gen 59
0,311688311688312
0,299340360122968
0,311688311688312
0,311688311688312
0,311688311688312
0,26229650542694
Gen 60
0,311688311688312
0,302729154903067
0,311688311688312
0,311688311688312
0,311688311688312
0,275851684547337
Gen 61
0,311688311688312
0,305271096053704
0,311688311688312
0,311688311688312
0,311688311688312
0,286019449149884
Gen 62
0,311688311688312
0,29899052638183
0,311688311688312
0,311688311688312
0,311688311688312
0,260897170462388
Gen 63
0,311688311688312
0,298672564150824
0,311688311688312
0,311688311688312
0,311688311688312
0,259625321538365
Gen 64
0,311688311688312
0,299458058849363
0,311688311688312
0,311688311688312
0,311688311688312
0,262767300332518
Gen 65
0,311688311688312
0,302943722943722
0,311688311688312
0,311688311688312
0,311688311688312
0,276709956709957
Gen 66
0,311688311688312
0,307901750423489
0,311688311688312
0,311688311688312
0,311688311688312
0,296542066629023
Gen 67
0,311688311688312
0,296179308614091
0,311688311688312
0,311688311688312
0,311688311688312
0,24965229939143
Gen 68
0,311688311688312
0,298409310496267
0,311688311688312
0,311688311688312
0,311688311688312
0,258572306920133
Gen 69
0,311688311688312
0,299534600665035
0,311688311688312
0,311688311688312
0,311688311688312
0,263073467595207
Gen 70
0,311688311688312
0,294828157349896
0,311688311688312
0,311688311688312
0,311688311688312
0,244247694334651
Gen 71
0,311688311688312
0,301251019511889
0,311688311688312
0,311688311688312
0,311688311688312
0,269939142982621
Gen 72
0,311688311688312
0,306776209297948
0,311688311688312
0,311688311688312
0,311688311688312
0,292039902126859
Gen 73
0,311688311688312
0,301471861471861
0,311688311688312
0,311688311688312
0,311688311688312
0,270822510822511
Gen 74
0,311688311688312
0,300029487420791
0,311688311688312
0,311688311688312
0,311688311688312
0,265053014618232
Gen 75
0,311688311688312
0,308441558441558
0,311688311688312
0,311688311688312
0,311688311688312
0,298701298701299
Gen 76
0,311688311688312
0,306064119455423
0,311688311688312
0,311688311688312
0,311688311688312
0,28919154275676
Gen 77
0,311688311688312
0,305454545454545
0,311688311688312
0,311688311688312
0,311688311688312
0,286753246753247
Gen 78
0,311688311688312
0,304805194805194
0,311688311688312
0,311688311688312
0,311688311688312
0,284155844155844
Gen 79
0,311688311688312
0,305151515151515
0,311688311688312
0,311688311688312
0,311688311688312
0,285541125541126
Gen 80
0,311688311688312
0,299136834180312
0,311688311688312
0,311688311688312
0,311688311688312
0,261482401656315
Gen 81
0,311688311688312
0,293993977037455
0,311688311688312
0,311688311688312
0,311688311688312
0,240910973084886
Gen 82
0,311688311688312
0,305151515151515
0,311688311688312
0,311688311688312
0,311688311688312
0,285541125541126
Gen 83
0,311688311688312
0,305324675324675
0,311688311688312
0,311688311688312
0,311688311688312
0,286233766233766
Gen 84
0,311688311688312
0,30898400150574
0,311688311688312
0,311688311688312
0,311688311688312
0,300871070958028
Gen 85
0,311688311688312
0,297878787878787
0,311688311688312
0,311688311688312
0,311688311688312
0,256450216450216
