Gen 1
0,0476190476190476
0,0476190476190476
0
0
0
0
0
0
0
0
0
0
0
0
0
0
0
0
0
0
Gen 2
0,0476190476190476
0,0476190476190476
0,0476190476190476
0,0476190476190476
0,0476190476190476
0,0476190476190476
0,0476190476190476
0,0476190476190476
0,0476190476190476
0,0476190476190476
0,0476190476190476
0,0476190476190476
0
0
0
0
0
0
0
0
Gen 3
0,0476190476190476
0,0476190476190476
0,0476190476190476
0,0476190476190476
0,0476190476190476
0,0476190476190476
0,0476190476190476
0,0476190476190476
0,0476190476190476
0,0476190476190476
0,0476190476190476
0,0476190476190476
0,0476190476190476
0,0476190476190476
0,0476190476190476
0,0476190476190476
0,0476190476190476
0
0
0
Gen 4
0,0476190476190476
0,0476190476190476
0,0476190476190476
0,0476190476190476
0,0476190476190476
0,0476190476190476
0,0476190476190476
0,0476190476190476
0,0476190476190476
0,0476190476190476
0,0476190476190476
0,0476190476190476
0,0476190476190476
0,0476190476190476
0,0476190476190476
0,0476190476190476
0,0476190476190476
0,0476190476190476
0
0
Gen 5
0,0476190476190476
0,0476190476190476
0,0476190476190476
0,0476190476190476
0,0476190476190476
0,0476190476190476
0,0476190476190476
0,0476190476190476
0,0476190476190476
0,0476190476190476
0,0476190476190476
0,0476190476190476
0,0476190476190476
0,0476190476190476
0,0476190476190476
0,0476190476190476
0,0476190476190476
0,0476190476190476
0,0476190476190476
0
Gen 6
0,0476190476190476
0,0476190476190476
0,0476190476190476
0,0476190476190476
0,0476190476190476
0,0476190476190476
0,0476190476190476
0,0476190476190476
0,0476190476190476
0,0476190476190476
0,0476190476190476
0,0476190476190476
0,0476190476190476
0,0476190476190476
0,0476190476190476
0,0476190476190476
0,0476190476190476
0,0476190476190476
0,0476190476190476
0,0476190476190476
Gen 7
0,0531400966183575
0,0476190476190476
0,0476190476190476
0,0476190476190476
0,0476190476190476
0,0476190476190476
0,0476190476190476
0,0476190476190476
0,0476190476190476
0,0476190476190476
0,0476190476190476
0,0476190476190476
0,0476190476190476
0,0476190476190476
0,0476190476190476
0,0476190476190476
0,0476190476190476
0,0476190476190476
0,0476190476190476
0,0476190476190476
Gen 8
0,0531400966183575
0,0531400966183575
0,0531400966183575
0,0531400966183575
0,0476190476190476
0,0476190476190476
0,0476190476190476
0,0476190476190476
0,0476190476190476
0,0476190476190476
0,0476190476190476
0,0476190476190476
0,0476190476190476
0,0476190476190476
0,0476190476190476
0,0476190476190476
0,0476190476190476
0,0476190476190476
0,0476190476190476
0
Gen 9
0,0531400966183575
0,0531400966183575
0,0531400966183575
0,0531400966183575
0,0531400966183575
0,0531400966183575
0,0531400966183575
0,0531400966183575
0,0531400966183575
0,0531400966183575
0,0531400966183575
0,0531400966183575
0,0531400966183575
0,0531400966183575
0,0531400966183575
0,0476190476190476
0,0476190476190476
0,0476190476190476
0,0476190476190476
0
Gen 10
0,0531400966183575
0,0531400966183575
0,0531400966183575
0,0531400966183575
0,0531400966183575
0,0531400966183575
0,0531400966183575
0,0531400966183575
0,0531400966183575
0,0531400966183575
0,0531400966183575
0,0531400966183575
0,0531400966183575
0,0531400966183575
0,0531400966183575
0,0531400966183575
0,0531400966183575
0,0531400966183575
0,0531400966183575
0,0483091787439614
Gen 11
0,0531400966183575
0,0531400966183575
0,0531400966183575
0,0531400966183575
0,0531400966183575
0,0531400966183575
0,0531400966183575
0,0531400966183575
0,0531400966183575
0,0531400966183575
0,0531400966183575
0,0531400966183575
0,0531400966183575
0,0531400966183575
0,0531400966183575
0,0531400966183575
0,0531400966183575
0,0531400966183575
0,0531400966183575
0
Gen 12
0,0531400966183575
0,0531400966183575
0,0531400966183575
0,0531400966183575
0,0531400966183575
0,0531400966183575
0,0531400966183575
0,0531400966183575
0,0531400966183575
0,0531400966183575
0,0531400966183575
0,0531400966183575
0,0531400966183575
0,0531400966183575
0,0531400966183575
0,0531400966183575
0,0531400966183575
0,0531400966183575
0,0531400966183575
0
Gen 13
0,0531400966183575
0,0531400966183575
0,0531400966183575
0,0531400966183575
0,0531400966183575
0,0531400966183575
0,0531400966183575
0,0531400966183575
0,0531400966183575
0,0531400966183575
0,0531400966183575
0,0531400966183575
0,0531400966183575
0,0531400966183575
0,0531400966183575
0,0531400966183575
0,0531400966183575
0,0531400966183575
0,0531400966183575
0,0531400966183575
Gen 14
0,0531400966183575
0,0531400966183575
0,0531400966183575
0,0531400966183575
0,0531400966183575
0,0531400966183575
0,0531400966183575
0,0531400966183575
0,0531400966183575
0,0531400966183575
0,0531400966183575
0,0531400966183575
0,0531400966183575
0,0531400966183575
0,0531400966183575
0,0531400966183575
0,0531400966183575
0,0476190476190476
0,00966183574879227
0
Gen 15
0,0531400966183575
0,0531400966183575
0,0531400966183575
0,0531400966183575
0,0531400966183575
0,0531400966183575
0,0531400966183575
0,0531400966183575
0,0531400966183575
0,0531400966183575
0,0531400966183575
0,0531400966183575
0,0531400966183575
0,0531400966183575
0,0531400966183575
0,0531400966183575
0,0531400966183575
0,0531400966183575
0,0531400966183575
0,0531400966183575
Gen 16
0,0531400966183575
0,0531400966183575
0,0531400966183575
0,0531400966183575
0,0531400966183575
0,0531400966183575
0,0531400966183575
0,0531400966183575
0,0531400966183575
0,0531400966183575
0,0531400966183575
0,0531400966183575
0,0531400966183575
0,0531400966183575
0,0531400966183575
0,0531400966183575
0,0531400966183575
0,0531400966183575
0,0531400966183575
0
Gen 17
0,0531400966183575
0,0531400966183575
0,0531400966183575
0,0531400966183575
0,0531400966183575
0,0531400966183575
0,0531400966183575
0,0531400966183575
0,0531400966183575
0,0531400966183575
0,0531400966183575
0,0531400966183575
0,0531400966183575
0,0531400966183575
0,0531400966183575
0,0531400966183575
0,0531400966183575
0,0531400966183575
0,0531400966183575
0,0531400966183575
Gen 18
0,0531400966183575
0,0531400966183575
0,0531400966183575
0,0531400966183575
0,0531400966183575
0,0531400966183575
0,0531400966183575
0,0531400966183575
0,0531400966183575
0,0531400966183575
0,0531400966183575
0,0531400966183575
0,0531400966183575
0,0531400966183575
0,0531400966183575
0,0531400966183575
0,0531400966183575
0,0531400966183575
0,0531400966183575
0,0531400966183575
Gen 19
0,0531400966183575
0,0531400966183575
0,0531400966183575
0,0531400966183575
0,0531400966183575
0,0531400966183575
0,0531400966183575
0,0531400966183575
0,0531400966183575
0,0531400966183575
0,0531400966183575
0,0531400966183575
0,0531400966183575
0,0531400966183575
0,0531400966183575
0,0531400966183575
0,0531400966183575
0,0531400966183575
0,0531400966183575
0
Gen 20
0,0531400966183575
0,0531400966183575
0,0531400966183575
0,0531400966183575
0,0531400966183575
0,0531400966183575
0,0531400966183575
0,0531400966183575
0,0531400966183575
0,0531400966183575
0,0531400966183575
0,0531400966183575
0,0531400966183575
0,0531400966183575
0,0531400966183575
0,0531400966183575
0,0531400966183575
0,0531400966183575
0,0476190476190476
0
Gen 21
0,0531400966183575
0,0531400966183575
0,0531400966183575
0,0531400966183575
0,0531400966183575
0,0531400966183575
0,0531400966183575
0,0531400966183575
0,0531400966183575
0,0531400966183575
0,0531400966183575
0,0531400966183575
0,0531400966183575
0,0531400966183575
0,0531400966183575
0,0531400966183575
0,0531400966183575
0,0531400966183575
0,0531400966183575
0
Gen 22
0,0531400966183575
0,0531400966183575
0,0531400966183575
0,0531400966183575
0,0531400966183575
0,0531400966183575
0,0531400966183575
0,0531400966183575
0,0531400966183575
0,0531400966183575
0,0531400966183575
0,0531400966183575
0,0531400966183575
0,0531400966183575
0,0531400966183575
0,0531400966183575
0,0531400966183575
0,0531400966183575
0,0531400966183575
0,0531400966183575
Gen 23
0,0531400966183575
0,0531400966183575
0,0531400966183575
0,0531400966183575
0,0531400966183575
0,0531400966183575
0,0531400966183575
0,0531400966183575
0,0531400966183575
0,0531400966183575
0,0531400966183575
0,0531400966183575
0,0531400966183575
0,0531400966183575
0,0531400966183575
0,0531400966183575
0,0531400966183575
0,0531400966183575
0,0531400966183575
0,0531400966183575
Gen 24
0,0531400966183575
0,0531400966183575
0,0531400966183575
0,0531400966183575
0,0531400966183575
0,0531400966183575
0,0531400966183575
0,0531400966183575
0,0531400966183575
0,0531400966183575
0,0531400966183575
0,0531400966183575
0,0531400966183575
0,0531400966183575
0,0531400966183575
0,0531400966183575
0,0531400966183575
0,0531400966183575
0,0531400966183575
0,0531400966183575
Gen 25
0,0531400966183575
0,0531400966183575
0,0531400966183575
0,0531400966183575
0,0531400966183575
0,0531400966183575
0,0531400966183575
0,0531400966183575
0,0531400966183575
0,0531400966183575
0,0531400966183575
0,0531400966183575
0,0531400966183575
0,0531400966183575
0,0531400966183575
0,0531400966183575
0,0531400966183575
0,0531400966183575
0,0531400966183575
0,0531400966183575
Gen 26
0,0531400966183575
0,0531400966183575
0,0531400966183575
0,0531400966183575
0,0531400966183575
0,0531400966183575
0,0531400966183575
0,0531400966183575
0,0531400966183575
0,0531400966183575
0,0531400966183575
0,0531400966183575
0,0531400966183575
0,0531400966183575
0,0531400966183575
0,0531400966183575
0,0531400966183575
0,0531400966183575
0,0531400966183575
0
Gen 27
0,0531400966183575
0,0531400966183575
0,0531400966183575
0,0531400966183575
0,0531400966183575
0,0531400966183575
0,0531400966183575
0,0531400966183575
0,0531400966183575
0,0531400966183575
0,0531400966183575
0,0531400966183575
0,0531400966183575
0,0531400966183575
0,0531400966183575
0,0531400966183575
0,0531400966183575
0,0531400966183575
0,0531400966183575
0,0531400966183575
Gen 28
0,0560386473429952
0,0531400966183575
0,0531400966183575
0,0531400966183575
0,0531400966183575
0,0531400966183575
0,0531400966183575
0,0531400966183575
0,0531400966183575
0,0531400966183575
0,0531400966183575
0,0531400966183575
0,0531400966183575
0,0531400966183575
0,0531400966183575
0,0531400966183575
0,0531400966183575
0,0531400966183575
0,0531400966183575
0,0531400966183575
Gen 29
0,0909090909090909
0,0560386473429952
0,0560386473429952
0,0560386473429952
0,0560386473429952
0,0560386473429952
0,0531400966183575
0,0531400966183575
0,0531400966183575
0,0531400966183575
0,0531400966183575
0,0531400966183575
0,0531400966183575
0,0531400966183575
0,0531400966183575
0,0531400966183575
0,0531400966183575
0,0531400966183575
0,0531400966183575
0,0531400966183575
Gen 30
0,0909090909090909
0,0909090909090909
0,0909090909090909
0,0909090909090909
0,0909090909090909
0,0909090909090909
0,0909090909090909
0,0909090909090909
0,0560386473429952
0,0560386473429952
0,0560386473429952
0,0560386473429952
0,0560386473429952
0,0560386473429952
0,0560386473429952
0,0560386473429952
0,0560386473429952
0,0560386473429952
0,0560386473429952
0,0560386473429952
Gen 31
0,0909090909090909
0,0909090909090909
0,0909090909090909
0,0909090909090909
0,0909090909090909
0,0909090909090909
0,0909090909090909
0,0909090909090909
0,0909090909090909
0,0909090909090909
0,0909090909090909
0,0909090909090909
0,0909090909090909
0,0909090909090909
0,0909090909090909
0,0909090909090909
0,0909090909090909
0,0909090909090909
0,0909090909090909
0,0909090909090909
Gen 32
0,0909090909090909
0,0909090909090909
0,0909090909090909
0,0909090909090909
0,0909090909090909
0,0909090909090909
0,0909090909090909
0,0909090909090909
0,0909090909090909
0,0909090909090909
0,0909090909090909
0,0909090909090909
0,0909090909090909
0,0909090909090909
0,0909090909090909
0,0909090909090909
0,0909090909090909
0,0909090909090909
0,0909090909090909
0,0909090909090909
Gen 33
0,0909090909090909
0,0909090909090909
0,0909090909090909
0,0909090909090909
0,0909090909090909
0,0909090909090909
0,0909090909090909
0,0909090909090909
0,0909090909090909
0,0909090909090909
0,0909090909090909
0,0909090909090909
0,0909090909090909
0,0909090909090909
0,0909090909090909
0,0909090909090909
0,0909090909090909
0,0909090909090909
0,0909090909090909
0,0909090909090909
Gen 34
0,0909090909090909
0,0909090909090909
0,0909090909090909
0,0909090909090909
0,0909090909090909
0,0909090909090909
0,0909090909090909
0,0909090909090909
0,0909090909090909
0,0909090909090909
0,0909090909090909
0,0909090909090909
0,0909090909090909
0,0909090909090909
0,0909090909090909
0,0909090909090909
0,0909090909090909
0,0909090909090909
0,0909090909090909
0,0909090909090909
Gen 35
0,0909090909090909
0,0909090909090909
0,0909090909090909
0,0909090909090909
0,0909090909090909
0,0909090909090909
0,0909090909090909
0,0909090909090909
0,0909090909090909
0,0909090909090909
0,0909090909090909
0,0909090909090909
0,0909090909090909
0,0909090909090909
0,0909090909090909
0,0909090909090909
0,0909090909090909
0,0909090909090909
0,0909090909090909
0,0432900432900433
Gen 36
0,0952380952380952
0,0909090909090909
0,0909090909090909
0,0909090909090909
0,0909090909090909
0,0909090909090909
0,0909090909090909
0,0909090909090909
0,0909090909090909
0,0909090909090909
0,0909090909090909
0,0909090909090909
0,0909090909090909
0,0909090909090909
0,0909090909090909
0,0909090909090909
0,0909090909090909
0,0909090909090909
0,0909090909090909
0,0338164251207729
Gen 37
0,0952380952380952
0,0952380952380952
0,0952380952380952
0,0952380952380952
0,0952380952380952
0,0952380952380952
0,0952380952380952
0,0909090909090909
0,0909090909090909
0,0909090909090909
0,0909090909090909
0,0909090909090909
0,0909090909090909
0,0909090909090909
0,0909090909090909
0,0909090909090909
0,0909090909090909
0,0909090909090909
0,0909090909090909
0,0909090909090909
Gen 38
0,147186147186147
0,0952380952380952
0,0952380952380952
0,0952380952380952
0,0952380952380952
0,0952380952380952
0,0952380952380952
0,0952380952380952
0,0952380952380952
0,0952380952380952
0,0952380952380952
0,0952380952380952
0,0952380952380952
0,0952380952380952
0,0952380952380952
0,0952380952380952
0,0952380952380952
0,0952380952380952
0,0952380952380952
0,0952380952380952
Gen 39
0,147186147186147
0,147186147186147
0,147186147186147
0,147186147186147
0,147186147186147
0,147186147186147
0,147186147186147
0,147186147186147
0,147186147186147
0,147186147186147
0,147186147186147
0,147186147186147
0,103896103896104
0,0952380952380952
0,0952380952380952
0,0952380952380952
0,0952380952380952
0,0952380952380952
0,0952380952380952
0,0952380952380952
Gen 40
0,147186147186147
0,147186147186147
0,147186147186147
0,147186147186147
0,147186147186147
0,147186147186147
0,147186147186147
0,147186147186147
0,147186147186147
0,147186147186147
0,147186147186147
0,147186147186147
0,147186147186147
0,147186147186147
0,147186147186147
0,147186147186147
0,147186147186147
0,147186147186147
0,147186147186147
0,147186147186147
Gen 41
0,147186147186147
0,147186147186147
0,147186147186147
0,147186147186147
0,147186147186147
0,147186147186147
0,147186147186147
0,147186147186147
0,147186147186147
0,147186147186147
0,147186147186147
0,147186147186147
0,147186147186147
0,147186147186147
0,147186147186147
0,147186147186147
0,147186147186147
0,147186147186147
0,147186147186147
0,0714975845410628
Gen 42
0,147186147186147
0,147186147186147
0,147186147186147
0,147186147186147
0,147186147186147
0,147186147186147
0,147186147186147
0,147186147186147
0,147186147186147
0,147186147186147
0,147186147186147
0,147186147186147
0,147186147186147
0,147186147186147
0,147186147186147
0,147186147186147
0,147186147186147
0,147186147186147
0,0975845410628019
0,0975845410628019
Gen 43
0,147186147186147
0,147186147186147
0,147186147186147
0,147186147186147
0,147186147186147
0,147186147186147
0,147186147186147
0,147186147186147
0,147186147186147
0,147186147186147
0,147186147186147
0,147186147186147
0,147186147186147
0,147186147186147
0,147186147186147
0,147186147186147
0,147186147186147
0,147186147186147
0,147186147186147
0,147186147186147
Gen 44
0,151515151515152
0,147186147186147
0,147186147186147
0,147186147186147
0,147186147186147
0,147186147186147
0,147186147186147
0,147186147186147
0,147186147186147
0,147186147186147
0,147186147186147
0,147186147186147
0,147186147186147
0,147186147186147
0,147186147186147
0,147186147186147
0,147186147186147
0,147186147186147
0,147186147186147
0
Gen 45
0,151515151515152
0,151515151515152
0,151515151515152
0,151515151515152
0,151515151515152
0,147186147186147
0,147186147186147
0,147186147186147
0,147186147186147
0,147186147186147
0,147186147186147
0,147186147186147
0,147186147186147
0,147186147186147
0,147186147186147
0,147186147186147
0,147186147186147
0,147186147186147
0,147186147186147
0,0231884057971015
Gen 46
0,151515151515152
0,151515151515152
0,151515151515152
0,151515151515152
0,151515151515152
0,151515151515152
0,151515151515152
0,151515151515152
0,151515151515152
0,151515151515152
0,151515151515152
0,151515151515152
0,151515151515152
0,151515151515152
0,151515151515152
0,151515151515152
0,151515151515152
0,151515151515152
0,151515151515152
0,151515151515152
Gen 47
0,151515151515152
0,151515151515152
0,151515151515152
0,151515151515152
0,151515151515152
0,151515151515152
0,151515151515152
0,151515151515152
0,151515151515152
0,151515151515152
0,151515151515152
0,151515151515152
0,151515151515152
0,151515151515152
0,151515151515152
0,151515151515152
0,151515151515152
0,151515151515152
0,151515151515152
0,138528138528139
Gen 48
0,151515151515152
0,151515151515152
0,151515151515152
0,151515151515152
0,151515151515152
0,151515151515152
0,151515151515152
0,151515151515152
0,151515151515152
0,151515151515152
0,151515151515152
0,151515151515152
0,151515151515152
0,151515151515152
0,151515151515152
0,151515151515152
0,151515151515152
0,151515151515152
0,151515151515152
0,151515151515152
Gen 49
0,151515151515152
0,151515151515152
0,151515151515152
0,151515151515152
0,151515151515152
0,151515151515152
0,151515151515152
0,151515151515152
0,151515151515152
0,151515151515152
0,151515151515152
0,151515151515152
0,151515151515152
0,151515151515152
0,151515151515152
0,151515151515152
0,151515151515152
0,151515151515152
0,151515151515152
0,151515151515152
Gen 50
0,151515151515152
0,151515151515152
0,151515151515152
0,151515151515152
0,151515151515152
0,151515151515152
0,151515151515152
0,151515151515152
0,151515151515152
0,151515151515152
0,151515151515152
0,151515151515152
0,151515151515152
0,151515151515152
0,151515151515152
0,151515151515152
0,151515151515152
0,151515151515152
0,151515151515152
0,136231884057971
Gen 51
0,151515151515152
0,151515151515152
0,151515151515152
0,151515151515152
0,151515151515152
0,151515151515152
0,151515151515152
0,151515151515152
0,151515151515152
0,151515151515152
0,151515151515152
0,151515151515152
0,151515151515152
0,151515151515152
0,151515151515152
0,151515151515152
0,151515151515152
0,151515151515152
0,151515151515152
0,151515151515152
Gen 52
0,151515151515152
0,151515151515152
0,151515151515152
0,151515151515152
0,151515151515152
0,151515151515152
0,151515151515152
0,151515151515152
0,151515151515152
0,151515151515152
0,151515151515152
0,151515151515152
0,151515151515152
0,151515151515152
0,151515151515152
0,151515151515152
0,151515151515152
0,151515151515152
0,151515151515152
0,151515151515152
Gen 53
0,151515151515152
0,151515151515152
0,151515151515152
0,151515151515152
0,151515151515152
0,151515151515152
0,151515151515152
0,151515151515152
0,151515151515152
0,151515151515152
0,151515151515152
0,151515151515152
0,151515151515152
0,151515151515152
0,151515151515152
0,151515151515152
0,151515151515152
0,151515151515152
0,151515151515152
0,151515151515152
Gen 54
0,151515151515152
0,151515151515152
0,151515151515152
0,151515151515152
0,151515151515152
0,151515151515152
0,151515151515152
0,151515151515152
0,151515151515152
0,151515151515152
0,151515151515152
0,151515151515152
0,151515151515152
0,151515151515152
0,151515151515152
0,151515151515152
0,151515151515152
0,151515151515152
0,151515151515152
0,0432900432900433
Gen 55
0,151515151515152
0,151515151515152
0,151515151515152
0,151515151515152
0,151515151515152
0,151515151515152
0,151515151515152
0,151515151515152
0,151515151515152
0,151515151515152
0,151515151515152
0,151515151515152
0,151515151515152
0,151515151515152
0,151515151515152
0,151515151515152
0,151515151515152
0,151515151515152
0,147186147186147
0,147186147186147
Gen 56
0,151515151515152
0,151515151515152
0,151515151515152
0,151515151515152
0,151515151515152
0,151515151515152
0,151515151515152
0,151515151515152
0,151515151515152
0,151515151515152
0,151515151515152
0,151515151515152
0,151515151515152
0,151515151515152
0,151515151515152
0,151515151515152
0,151515151515152
0,151515151515152
0,142857142857143
0,0432900432900433
Gen 57
0,151515151515152
0,151515151515152
0,151515151515152
0,151515151515152
0,151515151515152
0,151515151515152
0,151515151515152
0,151515151515152
0,151515151515152
0,151515151515152
0,151515151515152
0,151515151515152
0,151515151515152
0,151515151515152
0,151515151515152
0,151515151515152
0,151515151515152
0,151515151515152
0,138528138528139
0,0753623188405797
Gen 58
0,151515151515152
0,151515151515152
0,151515151515152
0,151515151515152
0,151515151515152
0,151515151515152
0,151515151515152
0,151515151515152
0,151515151515152
0,151515151515152
0,151515151515152
0,151515151515152
0,151515151515152
0,151515151515152
0,151515151515152
0,151515151515152
0,151515151515152
0,151515151515152
0,138528138528139
0,138528138528139
Gen 59
0,151515151515152
0,151515151515152
0,151515151515152
0,151515151515152
0,151515151515152
0,151515151515152
0,151515151515152
0,151515151515152
0,151515151515152
0,151515151515152
0,151515151515152
0,151515151515152
0,151515151515152
0,151515151515152
0,151515151515152
0,151515151515152
0,151515151515152
0,151515151515152
0,151515151515152
0,151515151515152
Gen 60
0,151515151515152
0,151515151515152
0,151515151515152
0,151515151515152
0,151515151515152
0,151515151515152
0,151515151515152
0,151515151515152
0,151515151515152
0,151515151515152
0,151515151515152
0,151515151515152
0,151515151515152
0,151515151515152
0,151515151515152
0,151515151515152
0,151515151515152
0,151515151515152
0,151515151515152
0,0952380952380952
Gen 61
0,151515151515152
0,151515151515152
0,151515151515152
0,151515151515152
0,151515151515152
0,151515151515152
0,151515151515152
0,151515151515152
0,151515151515152
0,151515151515152
0,151515151515152
0,151515151515152
0,151515151515152
0,151515151515152
0,151515151515152
0,151515151515152
0,151515151515152
0,151515151515152
0,151515151515152
0,151515151515152
Gen 62
0,151515151515152
0,151515151515152
0,151515151515152
0,151515151515152
0,151515151515152
0,151515151515152
0,151515151515152
0,151515151515152
0,151515151515152
0,151515151515152
0,151515151515152
0,151515151515152
0,151515151515152
0,151515151515152
0,151515151515152
0,151515151515152
0,151515151515152
0,151515151515152
0,151515151515152
0,147186147186147
Gen 63
0,151515151515152
0,151515151515152
0,151515151515152
0,151515151515152
0,151515151515152
0,151515151515152
0,151515151515152
0,151515151515152
0,151515151515152
0,151515151515152
0,151515151515152
0,151515151515152
0,151515151515152
0,151515151515152
0,151515151515152
0,151515151515152
0,151515151515152
0,151515151515152
0,151515151515152
0
Gen 64
0,151515151515152
0,151515151515152
0,151515151515152
0,151515151515152
0,151515151515152
0,151515151515152
0,151515151515152
0,151515151515152
0,151515151515152
0,151515151515152
0,151515151515152
0,151515151515152
0,151515151515152
0,151515151515152
0,151515151515152
0,151515151515152
0,151515151515152
0,151515151515152
0,142857142857143
0
Gen 65
0,151515151515152
0,151515151515152
0,151515151515152
0,151515151515152
0,151515151515152
0,151515151515152
0,151515151515152
0,151515151515152
0,151515151515152
0,151515151515152
0,151515151515152
0,151515151515152
0,151515151515152
0,151515151515152
0,151515151515152
0,151515151515152
0,151515151515152
0,151515151515152
0,151515151515152
0
Gen 66
0,151515151515152
0,151515151515152
0,151515151515152
0,151515151515152
0,151515151515152
0,151515151515152
0,151515151515152
0,151515151515152
0,151515151515152
0,151515151515152
0,151515151515152
0,151515151515152
0,151515151515152
0,151515151515152
0,151515151515152
0,151515151515152
0,151515151515152
0,151515151515152
0,151515151515152
0,151515151515152
Gen 67
0,151515151515152
0,151515151515152
0,151515151515152
0,151515151515152
0,151515151515152
0,151515151515152
0,151515151515152
0,151515151515152
0,151515151515152
0,151515151515152
0,151515151515152
0,151515151515152
0,151515151515152
0,151515151515152
0,151515151515152
0,151515151515152
0,151515151515152
0,151515151515152
0,151515151515152
0
Gen 68
0,151515151515152
0,151515151515152
0,151515151515152
0,151515151515152
0,151515151515152
0,151515151515152
0,151515151515152
0,151515151515152
0,151515151515152
0,151515151515152
0,151515151515152
0,151515151515152
0,151515151515152
0,151515151515152
0,151515151515152
0,151515151515152
0,151515151515152
0,151515151515152
0,151515151515152
0,151515151515152
Gen 69
0,151515151515152
0,151515151515152
0,151515151515152
0,151515151515152
0,151515151515152
0,151515151515152
0,151515151515152
0,151515151515152
0,151515151515152
0,151515151515152
0,151515151515152
0,151515151515152
0,151515151515152
0,151515151515152
0,151515151515152
0,151515151515152
0,151515151515152
0,151515151515152
0,147186147186147
0,0432900432900433
Gen 70
0,151515151515152
0,151515151515152
0,151515151515152
0,151515151515152
0,151515151515152
0,151515151515152
0,151515151515152
0,151515151515152
0,151515151515152
0,151515151515152
0,151515151515152
0,151515151515152
0,151515151515152
0,151515151515152
0,151515151515152
0,151515151515152
0,151515151515152
0,151515151515152
0,151515151515152
0,0432900432900433
Gen 71
0,151515151515152
0,151515151515152
0,151515151515152
0,151515151515152
0,151515151515152
0,151515151515152
0,151515151515152
0,151515151515152
0,151515151515152
0,151515151515152
0,151515151515152
0,151515151515152
0,151515151515152
0,151515151515152
0,151515151515152
0,151515151515152
0,151515151515152
0,12987012987013
0
0
Gen 72
0,151515151515152
0,151515151515152
0,151515151515152
0,151515151515152
0,151515151515152
0,151515151515152
0,151515151515152
0,151515151515152
0,151515151515152
0,151515151515152
0,151515151515152
0,151515151515152
0,151515151515152
0,151515151515152
0,151515151515152
0,151515151515152
0,151515151515152
0,151515151515152
0,151515151515152
0,147186147186147
Gen 73
0,151515151515152
0,151515151515152
0,151515151515152
0,151515151515152
0,151515151515152
0,151515151515152
0,151515151515152
0,151515151515152
0,151515151515152
0,151515151515152
0,151515151515152
0,151515151515152
0,151515151515152
0,151515151515152
0,151515151515152
0,151515151515152
0,151515151515152
0,151515151515152
0,151515151515152
0,151515151515152
Gen 74
0,151515151515152
0,151515151515152
0,151515151515152
0,151515151515152
0,151515151515152
0,151515151515152
0,151515151515152
0,151515151515152
0,151515151515152
0,151515151515152
0,151515151515152
0,151515151515152
0,151515151515152
0,151515151515152
0,151515151515152
0,151515151515152
0,151515151515152
0,151515151515152
0,151515151515152
0,12987012987013
Gen 75
0,151515151515152
0,151515151515152
0,151515151515152
0,151515151515152
0,151515151515152
0,151515151515152
0,151515151515152
0,151515151515152
0,151515151515152
0,151515151515152
0,151515151515152
0,151515151515152
0,151515151515152
0,151515151515152
0,151515151515152
0,151515151515152
0,151515151515152
0,151515151515152
0,151515151515152
0,0476190476190476
Gen 76
0,151515151515152
0,151515151515152
0,151515151515152
0,151515151515152
0,151515151515152
0,151515151515152
0,151515151515152
0,151515151515152
0,151515151515152
0,151515151515152
0,151515151515152
0,151515151515152
0,151515151515152
0,151515151515152
0,151515151515152
0,151515151515152
0,151515151515152
0,151515151515152
0,151515151515152
0,151515151515152
Gen 77
0,151515151515152
0,151515151515152
0,151515151515152
0,151515151515152
0,151515151515152
0,151515151515152
0,151515151515152
0,151515151515152
0,151515151515152
0,151515151515152
0,151515151515152
0,151515151515152
0,151515151515152
0,151515151515152
0,151515151515152
0,151515151515152
0,151515151515152
0,151515151515152
0,151515151515152
0,151515151515152
Gen 78
0,151515151515152
0,151515151515152
0,151515151515152
0,151515151515152
0,151515151515152
0,151515151515152
0,151515151515152
0,151515151515152
0,151515151515152
0,151515151515152
0,151515151515152
0,151515151515152
0,151515151515152
0,151515151515152
0,151515151515152
0,151515151515152
0,151515151515152
0,151515151515152
0,151515151515152
0,151515151515152
Gen 79
0,151515151515152
0,151515151515152
0,151515151515152
0,151515151515152
0,151515151515152
0,151515151515152
0,151515151515152
0,151515151515152
0,151515151515152
0,151515151515152
0,151515151515152
0,151515151515152
0,151515151515152
0,151515151515152
0,151515151515152
0,151515151515152
0,151515151515152
0,151515151515152
0,151515151515152
0,0432900432900433
Gen 80
0,151515151515152
0,151515151515152
0,151515151515152
0,151515151515152
0,151515151515152
0,151515151515152
0,151515151515152
0,151515151515152
0,151515151515152
0,151515151515152
0,151515151515152
0,151515151515152
0,151515151515152
0,151515151515152
0,151515151515152
0,151515151515152
0,151515151515152
0,151515151515152
0,151515151515152
0,127536231884058
Gen 81
0,16017316017316
0,151515151515152
0,151515151515152
0,151515151515152
0,151515151515152
0,151515151515152
0,151515151515152
0,151515151515152
0,151515151515152
0,151515151515152
0,151515151515152
0,151515151515152
0,151515151515152
0,151515151515152
0,151515151515152
0,151515151515152
0,151515151515152
0,151515151515152
0,151515151515152
0,138528138528139
Gen 82
0,16017316017316
0,16017316017316
0,16017316017316
0,16017316017316
0,16017316017316
0,16017316017316
0,16017316017316
0,16017316017316
0,151515151515152
0,151515151515152
0,151515151515152
0,151515151515152
0,151515151515152
0,151515151515152
0,151515151515152
0,151515151515152
0,151515151515152
0,144927536231884
0,0995670995670996
0,0432900432900433
Gen 83
0,16017316017316
0,16017316017316
0,16017316017316
0,16017316017316
0,16017316017316
0,16017316017316
0,16017316017316
0,16017316017316
0,16017316017316
0,16017316017316
0,16017316017316
0,16017316017316
0,16017316017316
0,16017316017316
0,16017316017316
0,16017316017316
0,16017316017316
0,16017316017316
0,16017316017316
0,151515151515152
Gen 84
0,16017316017316
0,16017316017316
0,16017316017316
0,16017316017316
0,16017316017316
0,16017316017316
0,16017316017316
0,16017316017316
0,16017316017316
0,16017316017316
0,16017316017316
0,16017316017316
0,16017316017316
0,16017316017316
0,16017316017316
0,16017316017316
0,16017316017316
0,0476190476190476
0,0432900432900433
0
Gen 85
0,164502164502165
0,16017316017316
0,16017316017316
0,16017316017316
0,16017316017316
0,16017316017316
0,16017316017316
0,16017316017316
0,16017316017316
0,16017316017316
0,16017316017316
0,16017316017316
0,16017316017316
0,16017316017316
0,16017316017316
0,16017316017316
0,16017316017316
0,16017316017316
0,16017316017316
0,16017316017316
Gen 86
0,164502164502165
0,164502164502165
0,164502164502165
0,164502164502165
0,164502164502165
0,164502164502165
0,164502164502165
0,164502164502165
0,164502164502165
0,16017316017316
0,16017316017316
0,16017316017316
0,16017316017316
0,16017316017316
0,16017316017316
0,16017316017316
0,16017316017316
0,16017316017316
0,16017316017316
0,16017316017316
Gen 87
0,164502164502165
0,164502164502165
0,164502164502165
0,164502164502165
0,164502164502165
0,164502164502165
0,164502164502165
0,164502164502165
0,164502164502165
0,164502164502165
0,164502164502165
0,164502164502165
0,164502164502165
0,164502164502165
0,164502164502165
0,164502164502165
0,164502164502165
0,16017316017316
0,16017316017316
0,0560386473429952
Gen 88
0,173160173160173
0,164502164502165
0,164502164502165
0,164502164502165
0,164502164502165
0,164502164502165
0,164502164502165
0,164502164502165
0,164502164502165
0,164502164502165
0,164502164502165
0,164502164502165
0,164502164502165
0,164502164502165
0,164502164502165
0,164502164502165
0,164502164502165
0,16017316017316
0,142857142857143
0,038961038961039
Gen 89
0,173160173160173
0,173160173160173
0,173160173160173
0,173160173160173
0,173160173160173
0,173160173160173
0,173160173160173
0,173160173160173
0,173160173160173
0,173160173160173
0,173160173160173
0,164502164502165
0,164502164502165
0,164502164502165
0,164502164502165
0,164502164502165
0,164502164502165
0,155844155844156
0,0985507246376812
0,021256038647343
Gen 90
0,173160173160173
0,173160173160173
0,173160173160173
0,173160173160173
0,173160173160173
0,173160173160173
0,173160173160173
0,173160173160173
0,173160173160173
0,173160173160173
0,173160173160173
0,173160173160173
0,173160173160173
0,173160173160173
0,173160173160173
0,173160173160173
0,173160173160173
0,173160173160173
0,173160173160173
0,0649350649350649
Gen 91
0,173160173160173
0,173160173160173
0,173160173160173
0,173160173160173
0,173160173160173
0,173160173160173
0,173160173160173
0,173160173160173
0,173160173160173
0,173160173160173
0,173160173160173
0,173160173160173
0,173160173160173
0,173160173160173
0,173160173160173
0,173160173160173
0,173160173160173
0,164502164502165
0,051948051948052
0
Gen 92
0,173160173160173
0,173160173160173
0,173160173160173
0,173160173160173
0,173160173160173
0,173160173160173
0,173160173160173
0,173160173160173
0,173160173160173
0,173160173160173
0,173160173160173
0,173160173160173
0,173160173160173
0,173160173160173
0,173160173160173
0,173160173160173
0,173160173160173
0,173160173160173
0,038961038961039
0
Gen 93
0,173160173160173
0,173160173160173
0,173160173160173
0,173160173160173
0,173160173160173
0,173160173160173
0,173160173160173
0,173160173160173
0,173160173160173
0,173160173160173
0,173160173160173
0,173160173160173
0,173160173160173
0,173160173160173
0,173160173160173
0,173160173160173
0,173160173160173
0,173160173160173
0,173160173160173
0,173160173160173
Gen 94
0,173160173160173
0,173160173160173
0,173160173160173
0,173160173160173
0,173160173160173
0,173160173160173
0,173160173160173
0,173160173160173
0,173160173160173
0,173160173160173
0,173160173160173
0,173160173160173
0,173160173160173
0,173160173160173
0,173160173160173
0,173160173160173
0,173160173160173
0,173160173160173
0,173160173160173
0,173160173160173
Gen 95
0,173160173160173
0,173160173160173
0,173160173160173
0,173160173160173
0,173160173160173
0,173160173160173
0,173160173160173
0,173160173160173
0,173160173160173
0,173160173160173
0,173160173160173
0,173160173160173
0,173160173160173
0,173160173160173
0,173160173160173
0,173160173160173
0,173160173160173
0,173160173160173
0,173160173160173
0,173160173160173
Gen 96
0,173160173160173
0,173160173160173
0,173160173160173
0,173160173160173
0,173160173160173
0,173160173160173
0,173160173160173
0,173160173160173
0,173160173160173
0,173160173160173
0,173160173160173
0,173160173160173
0,173160173160173
0,173160173160173
0,173160173160173
0,173160173160173
0,173160173160173
0,173160173160173
0,173160173160173
0,173160173160173
Gen 97
0,173160173160173
0,173160173160173
0,173160173160173
0,173160173160173
0,173160173160173
0,173160173160173
0,173160173160173
0,173160173160173
0,173160173160173
0,173160173160173
0,173160173160173
0,173160173160173
0,173160173160173
0,173160173160173
0,173160173160173
0,173160173160173
0,173160173160173
0,173160173160173
0,173160173160173
0,173160173160173
Gen 98
0,173160173160173
0,173160173160173
0,173160173160173
0,173160173160173
0,173160173160173
0,173160173160173
0,173160173160173
0,173160173160173
0,173160173160173
0,173160173160173
0,173160173160173
0,173160173160173
0,173160173160173
0,173160173160173
0,173160173160173
0,173160173160173
0,173160173160173
0,173160173160173
0,173160173160173
0,173160173160173
Gen 99
0,173160173160173
0,173160173160173
0,173160173160173
0,173160173160173
0,173160173160173
0,173160173160173
0,173160173160173
0,173160173160173
0,173160173160173
0,173160173160173
0,173160173160173
0,173160173160173
0,173160173160173
0,173160173160173
0,173160173160173
0,173160173160173
0,173160173160173
0,147186147186147
0,051948051948052
0
Gen 100
0,173160173160173
0,173160173160173
0,173160173160173
0,173160173160173
0,173160173160173
0,173160173160173
0,173160173160173
0,173160173160173
0,173160173160173
0,173160173160173
0,173160173160173
0,173160173160173
0,173160173160173
0,173160173160173
0,173160173160173
0,173160173160173
0,173160173160173
0,173160173160173
0,173160173160173
0
Gen 101
0,177489177489178
0,173160173160173
0,173160173160173
0,173160173160173
0,173160173160173
0,173160173160173
0,173160173160173
0,173160173160173
0,173160173160173
0,173160173160173
0,173160173160173
0,173160173160173
0,173160173160173
0,173160173160173
0,173160173160173
0,173160173160173
0,173160173160173
0,173160173160173
0,173160173160173
0,173160173160173
Gen 102
0,177489177489178
0,177489177489178
0,177489177489178
0,177489177489178
0,177489177489178
0,173160173160173
0,173160173160173
0,173160173160173
0,173160173160173
0,173160173160173
0,173160173160173
0,173160173160173
0,173160173160173
0,173160173160173
0,173160173160173
0,173160173160173
0,173160173160173
0,173160173160173
0
0
Gen 103
0,177489177489178
0,177489177489178
0,177489177489178
0,177489177489178
0,177489177489178
0,177489177489178
0,177489177489178
0,177489177489178
0,177489177489178
0,177489177489178
0,177489177489178
0,177489177489178
0,177489177489178
0,177489177489178
0,177489177489178
0,177489177489178
0,173160173160173
0,173160173160173
0,168831168831169
0,051948051948052
Gen 104
0,177489177489178
0,177489177489178
0,177489177489178
0,177489177489178
0,177489177489178
0,177489177489178
0,177489177489178
0,177489177489178
0,177489177489178
0,177489177489178
0,177489177489178
0,177489177489178
0,177489177489178
0,177489177489178
0,177489177489178
0,177489177489178
0,177489177489178
0,177489177489178
0
0
Gen 105
0,177489177489178
0,177489177489178
0,177489177489178
0,177489177489178
0,177489177489178
0,177489177489178
0,177489177489178
0,177489177489178
0,177489177489178
0,177489177489178
0,177489177489178
0,177489177489178
0,177489177489178
0,177489177489178
0,177489177489178
0,177489177489178
0,177489177489178
0,177489177489178
0,177489177489178
0,173160173160173
Gen 106
0,177489177489178
0,177489177489178
0,177489177489178
0,177489177489178
0,177489177489178
0,177489177489178
0,177489177489178
0,177489177489178
0,177489177489178
0,177489177489178
0,177489177489178
0,177489177489178
0,177489177489178
0,177489177489178
0,177489177489178
0,177489177489178
0,177489177489178
0,177489177489178
0,177489177489178
0,173160173160173
Gen 107
0,177489177489178
0,177489177489178
0,177489177489178
0,177489177489178
0,177489177489178
0,177489177489178
0,177489177489178
0,177489177489178
0,177489177489178
0,177489177489178
0,177489177489178
0,177489177489178
0,177489177489178
0,177489177489178
0,177489177489178
0,177489177489178
0,177489177489178
0,177489177489178
0,147186147186147
0
Gen 108
0,177489177489178
0,177489177489178
0,177489177489178
0,177489177489178
0,177489177489178
0,177489177489178
0,177489177489178
0,177489177489178
0,177489177489178
0,177489177489178
0,177489177489178
0,177489177489178
0,177489177489178
0,177489177489178
0,177489177489178
0,177489177489178
0,177489177489178
0,177489177489178
0,177489177489178
0,177489177489178
Gen 109
0,177489177489178
0,177489177489178
0,177489177489178
0,177489177489178
0,177489177489178
0,177489177489178
0,177489177489178
0,177489177489178
0,177489177489178
0,177489177489178
0,177489177489178
0,177489177489178
0,177489177489178
0,177489177489178
0,177489177489178
0,177489177489178
0,177489177489178
0,177489177489178
0,177489177489178
0,177489177489178
Gen 110
0,177489177489178
0,177489177489178
0,177489177489178
0,177489177489178
0,177489177489178
0,177489177489178
0,177489177489178
0,177489177489178
0,177489177489178
0,177489177489178
0,177489177489178
0,177489177489178
0,177489177489178
0,177489177489178
0,177489177489178
0,177489177489178
0,177489177489178
0,177489177489178
0,177489177489178
0,177489177489178
Gen 111
0,177489177489178
0,177489177489178
0,177489177489178
0,177489177489178
0,177489177489178
0,177489177489178
0,177489177489178
0,177489177489178
0,177489177489178
0,177489177489178
0,177489177489178
0,177489177489178
0,177489177489178
0,177489177489178
0,177489177489178
0,177489177489178
0,177489177489178
0,177489177489178
0,177489177489178
0,177489177489178
Gen 112
0,177489177489178
0,177489177489178
0,177489177489178
0,177489177489178
0,177489177489178
0,177489177489178
0,177489177489178
0,177489177489178
0,177489177489178
0,177489177489178
0,177489177489178
0,177489177489178
0,177489177489178
0,177489177489178
0,177489177489178
0,177489177489178
0,177489177489178
0,177489177489178
0,177489177489178
0,147186147186147
Gen 113
0,177489177489178
0,177489177489178
0,177489177489178
0,177489177489178
0,177489177489178
0,177489177489178
0,177489177489178
0,177489177489178
0,177489177489178
0,177489177489178
0,177489177489178
0,177489177489178
0,177489177489178
0,177489177489178
0,177489177489178
0,177489177489178
0,177489177489178
0,177489177489178
0,177489177489178
0
Gen 114
0,177489177489178
0,177489177489178
0,177489177489178
0,177489177489178
0,177489177489178
0,177489177489178
0,177489177489178
0,177489177489178
0,177489177489178
0,177489177489178
0,177489177489178
0,177489177489178
0,177489177489178
0,177489177489178
0,177489177489178
0,177489177489178
0,177489177489178
0,177489177489178
0,177489177489178
0,0985507246376812
Gen 115
0,177489177489178
0,177489177489178
0,177489177489178
0,177489177489178
0,177489177489178
0,177489177489178
0,177489177489178
0,177489177489178
0,177489177489178
0,177489177489178
0,177489177489178
0,177489177489178
0,177489177489178
0,177489177489178
0,177489177489178
0,177489177489178
0,177489177489178
0,177489177489178
0,173160173160173
0
Gen 116
0,177489177489178
0,177489177489178
0,177489177489178
0,177489177489178
0,177489177489178
0,177489177489178
0,177489177489178
0,177489177489178
0,177489177489178
0,177489177489178
0,177489177489178
0,177489177489178
0,177489177489178
0,177489177489178
0,177489177489178
0,177489177489178
0,177489177489178
0
0
0
Gen 117
0,177489177489178
0,177489177489178
0,177489177489178
0,177489177489178
0,177489177489178
0,177489177489178
0,177489177489178
0,177489177489178
0,177489177489178
0,177489177489178
0,177489177489178
0,177489177489178
0,177489177489178
0,177489177489178
0,177489177489178
0,177489177489178
0,177489177489178
0,177489177489178
0,051948051948052
0,051948051948052
Gen 118
0,177489177489178
0,177489177489178
0,177489177489178
0,177489177489178
0,177489177489178
0,177489177489178
0,177489177489178
0,177489177489178
0,177489177489178
0,177489177489178
0,177489177489178
0,177489177489178
0,177489177489178
0,177489177489178
0,177489177489178
0,177489177489178
0,177489177489178
0,177489177489178
0,177489177489178
0,177489177489178
Gen 119
0,177489177489178
0,177489177489178
0,177489177489178
0,177489177489178
0,177489177489178
0,177489177489178
0,177489177489178
0,177489177489178
0,177489177489178
0,177489177489178
0,177489177489178
0,177489177489178
0,177489177489178
0,177489177489178
0,177489177489178
0,177489177489178
0,177489177489178
0,177489177489178
0,177489177489178
0,051948051948052
Gen 120
0,177489177489178
0,177489177489178
0,177489177489178
0,177489177489178
0,177489177489178
0,177489177489178
0,177489177489178
0,177489177489178
0,177489177489178
0,177489177489178
0,177489177489178
0,177489177489178
0,177489177489178
0,177489177489178
0,177489177489178
0,177489177489178
0,177489177489178
0,177489177489178
0,177489177489178
0,121212121212121
Gen 121
0,177489177489178
0,177489177489178
0,177489177489178
0,177489177489178
0,177489177489178
0,177489177489178
0,177489177489178
0,177489177489178
0,177489177489178
0,177489177489178
0,177489177489178
0,177489177489178
0,177489177489178
0,177489177489178
0,177489177489178
0,177489177489178
0,177489177489178
0,177489177489178
0,177489177489178
0,0338164251207729
Gen 122
0,177489177489178
0,177489177489178
0,177489177489178
0,177489177489178
0,177489177489178
0,177489177489178
0,177489177489178
0,177489177489178
0,177489177489178
0,177489177489178
0,177489177489178
0,177489177489178
0,177489177489178
0,177489177489178
0,177489177489178
0,177489177489178
0,177489177489178
0,177489177489178
0,177489177489178
0,177489177489178
Gen 123
0,177489177489178
0,177489177489178
0,177489177489178
0,177489177489178
0,177489177489178
0,177489177489178
0,177489177489178
0,177489177489178
0,177489177489178
0,177489177489178
0,177489177489178
0,177489177489178
0,177489177489178
0,177489177489178
0,177489177489178
0,177489177489178
0,177489177489178
0,177489177489178
0,177489177489178
0,177489177489178
Gen 124
0,177489177489178
0,177489177489178
0,177489177489178
0,177489177489178
0,177489177489178
0,177489177489178
0,177489177489178
0,177489177489178
0,177489177489178
0,177489177489178
0,177489177489178
0,177489177489178
0,177489177489178
0,177489177489178
0,177489177489178
0,177489177489178
0,177489177489178
0,177489177489178
0,177489177489178
0,177489177489178
Gen 125
0,177489177489178
0,177489177489178
0,177489177489178
0,177489177489178
0,177489177489178
0,177489177489178
0,177489177489178
0,177489177489178
0,177489177489178
0,177489177489178
0,177489177489178
0,177489177489178
0,177489177489178
0,177489177489178
0,177489177489178
0,177489177489178
0,177489177489178
0,177489177489178
0,177489177489178
0
Gen 126
0,177489177489178
0,177489177489178
0,177489177489178
0,177489177489178
0,177489177489178
0,177489177489178
0,177489177489178
0,177489177489178
0,177489177489178
0,177489177489178
0,177489177489178
0,177489177489178
0,177489177489178
0,177489177489178
0,177489177489178
0,177489177489178
0,177489177489178
0,177489177489178
0,177489177489178
0,177489177489178
Gen 127
0,177489177489178
0,177489177489178
0,177489177489178
0,177489177489178
0,177489177489178
0,177489177489178
0,177489177489178
0,177489177489178
0,177489177489178
0,177489177489178
0,177489177489178
0,177489177489178
0,177489177489178
0,177489177489178
0,177489177489178
0,177489177489178
0,177489177489178
0,177489177489178
0,177489177489178
0,177489177489178
Gen 128
0,177489177489178
0,177489177489178
0,177489177489178
0,177489177489178
0,177489177489178
0,177489177489178
0,177489177489178
0,177489177489178
0,177489177489178
0,177489177489178
0,177489177489178
0,177489177489178
0,177489177489178
0,177489177489178
0,177489177489178
0,177489177489178
0,177489177489178
0,177489177489178
0,168831168831169
0,0927536231884058
Gen 129
0,177489177489178
0,177489177489178
0,177489177489178
0,177489177489178
0,177489177489178
0,177489177489178
0,177489177489178
0,177489177489178
0,177489177489178
0,177489177489178
0,177489177489178
0,177489177489178
0,177489177489178
0,177489177489178
0,177489177489178
0,177489177489178
0,177489177489178
0,177489177489178
0,177489177489178
0,177489177489178
Gen 130
0,177489177489178
0,177489177489178
0,177489177489178
0,177489177489178
0,177489177489178
0,177489177489178
0,177489177489178
0,177489177489178
0,177489177489178
0,177489177489178
0,177489177489178
0,177489177489178
0,177489177489178
0,177489177489178
0,177489177489178
0,177489177489178
0,177489177489178
0,177489177489178
0,177489177489178
0,0649350649350649
Gen 131
0,177489177489178
0,177489177489178
0,177489177489178
0,177489177489178
0,177489177489178
0,177489177489178
0,177489177489178
0,177489177489178
0,177489177489178
0,177489177489178
0,177489177489178
0,177489177489178
0,177489177489178
0,177489177489178
0,177489177489178
0,177489177489178
0,177489177489178
0,177489177489178
0,177489177489178
0,177489177489178
Gen 132
0,177489177489178
0,177489177489178
0,177489177489178
0,177489177489178
0,177489177489178
0,177489177489178
0,177489177489178
0,177489177489178
0,177489177489178
0,177489177489178
0,177489177489178
0,177489177489178
0,177489177489178
0,177489177489178
0,177489177489178
0,177489177489178
0,177489177489178
0,177489177489178
0,177489177489178
0
Gen 133
0,177489177489178
0,177489177489178
0,177489177489178
0,177489177489178
0,177489177489178
0,177489177489178
0,177489177489178
0,177489177489178
0,177489177489178
0,177489177489178
0,177489177489178
0,177489177489178
0,177489177489178
0,177489177489178
0,177489177489178
0,177489177489178
0,177489177489178
0,177489177489178
0,177489177489178
0,168831168831169
Gen 134
0,177489177489178
0,177489177489178
0,177489177489178
0,177489177489178
0,177489177489178
0,177489177489178
0,177489177489178
0,177489177489178
0,177489177489178
0,177489177489178
0,177489177489178
0,177489177489178
0,177489177489178
0,177489177489178
0,177489177489178
0,177489177489178
0,177489177489178
0,177489177489178
0,177489177489178
0,177489177489178
Gen 135
0,177489177489178
0,177489177489178
0,177489177489178
0,177489177489178
0,177489177489178
0,177489177489178
0,177489177489178
0,177489177489178
0,177489177489178
0,177489177489178
0,177489177489178
0,177489177489178
0,177489177489178
0,177489177489178
0,177489177489178
0,177489177489178
0,177489177489178
0,177489177489178
0,177489177489178
0,177489177489178
Gen 136
0,177489177489178
0,177489177489178
0,177489177489178
0,177489177489178
0,177489177489178
0,177489177489178
0,177489177489178
0,177489177489178
0,177489177489178
0,177489177489178
0,177489177489178
0,177489177489178
0,177489177489178
0,177489177489178
0,177489177489178
0,177489177489178
0,177489177489178
0,177489177489178
0,177489177489178
0,0995670995670996
Gen 137
0,177489177489178
0,177489177489178
0,177489177489178
0,177489177489178
0,177489177489178
0,177489177489178
0,177489177489178
0,177489177489178
0,177489177489178
0,177489177489178
0,177489177489178
0,177489177489178
0,177489177489178
0,177489177489178
0,177489177489178
0,177489177489178
0,177489177489178
0,177489177489178
0,177489177489178
0,164502164502165
Gen 138
0,177489177489178
0,177489177489178
0,177489177489178
0,177489177489178
0,177489177489178
0,177489177489178
0,177489177489178
0,177489177489178
0,177489177489178
0,177489177489178
0,177489177489178
0,177489177489178
0,177489177489178
0,177489177489178
0,177489177489178
0,177489177489178
0,177489177489178
0,177489177489178
0,173160173160173
0,151515151515152
Gen 139
0,177489177489178
0,177489177489178
0,177489177489178
0,177489177489178
0,177489177489178
0,177489177489178
0,177489177489178
0,177489177489178
0,177489177489178
0,177489177489178
0,177489177489178
0,177489177489178
0,177489177489178
0,177489177489178
0,177489177489178
0,177489177489178
0,177489177489178
0,177489177489178
0,177489177489178
0,177489177489178
Gen 140
0,177489177489178
0,177489177489178
0,177489177489178
0,177489177489178
0,177489177489178
0,177489177489178
0,177489177489178
0,177489177489178
0,177489177489178
0,177489177489178
0,177489177489178
0,177489177489178
0,177489177489178
0,177489177489178
0,177489177489178
0,177489177489178
0,177489177489178
0,168831168831169
0
0
Gen 141
0,177489177489178
0,177489177489178
0,177489177489178
0,177489177489178
0,177489177489178
0,177489177489178
0,177489177489178
0,177489177489178
0,177489177489178
0,177489177489178
0,177489177489178
0,177489177489178
0,177489177489178
0,177489177489178
0,177489177489178
0,177489177489178
0,177489177489178
0,173160173160173
0,173160173160173
0
Gen 142
0,177489177489178
0,177489177489178
0,177489177489178
0,177489177489178
0,177489177489178
0,177489177489178
0,177489177489178
0,177489177489178
0,177489177489178
0,177489177489178
0,177489177489178
0,177489177489178
0,177489177489178
0,177489177489178
0,177489177489178
0,177489177489178
0,147186147186147
0,147186147186147
0,051948051948052
0
Gen 143
0,177489177489178
0,177489177489178
0,177489177489178
0,177489177489178
0,177489177489178
0,177489177489178
0,177489177489178
0,177489177489178
0,177489177489178
0,177489177489178
0,177489177489178
0,177489177489178
0,177489177489178
0,177489177489178
0,177489177489178
0,177489177489178
0,177489177489178
0,177489177489178
0,177489177489178
0,177489177489178
Gen 144
0,177489177489178
0,177489177489178
0,177489177489178
0,177489177489178
0,177489177489178
0,177489177489178
0,177489177489178
0,177489177489178
0,177489177489178
0,177489177489178
0,177489177489178
0,177489177489178
0,177489177489178
0,177489177489178
0,177489177489178
0,177489177489178
0,177489177489178
0,177489177489178
0,177489177489178
0,173160173160173
Gen 145
0,177489177489178
0,177489177489178
0,177489177489178
0,177489177489178
0,177489177489178
0,177489177489178
0,177489177489178
0,177489177489178
0,177489177489178
0,177489177489178
0,177489177489178
0,177489177489178
0,177489177489178
0,177489177489178
0,177489177489178
0,177489177489178
0,177489177489178
0,177489177489178
0,177489177489178
0,168831168831169
Gen 146
0,177489177489178
0,177489177489178
0,177489177489178
0,177489177489178
0,177489177489178
0,177489177489178
0,177489177489178
0,177489177489178
0,177489177489178
0,177489177489178
0,177489177489178
0,177489177489178
0,177489177489178
0,177489177489178
0,177489177489178
0,177489177489178
0,177489177489178
0,173160173160173
0,168831168831169
0,151515151515152
Gen 147
0,177489177489178
0,177489177489178
0,177489177489178
0,177489177489178
0,177489177489178
0,177489177489178
0,177489177489178
0,177489177489178
0,177489177489178
0,177489177489178
0,177489177489178
0,177489177489178
0,177489177489178
0,177489177489178
0,177489177489178
0,177489177489178
0,177489177489178
0,177489177489178
0
0
Gen 148
0,177489177489178
0,177489177489178
0,177489177489178
0,177489177489178
0,177489177489178
0,177489177489178
0,177489177489178
0,177489177489178
0,177489177489178
0,177489177489178
0,177489177489178
0,177489177489178
0,177489177489178
0,177489177489178
0,177489177489178
0,177489177489178
0,177489177489178
0,177489177489178
0,177489177489178
0,177489177489178
Gen 149
0,177489177489178
0,177489177489178
0,177489177489178
0,177489177489178
0,177489177489178
0,177489177489178
0,177489177489178
0,177489177489178
0,177489177489178
0,177489177489178
0,177489177489178
0,177489177489178
0,177489177489178
0,177489177489178
0,177489177489178
0,177489177489178
0,177489177489178
0,177489177489178
0,177489177489178
0,177489177489178
Gen 150
0,177489177489178
0,177489177489178
0,177489177489178
0,177489177489178
0,177489177489178
0,177489177489178
0,177489177489178
0,177489177489178
0,177489177489178
0,177489177489178
0,177489177489178
0,177489177489178
0,177489177489178
0,177489177489178
0,177489177489178
0,177489177489178
0,177489177489178
0,177489177489178
0,151515151515152
0
Gen 151
0,177489177489178
0,177489177489178
0,177489177489178
0,177489177489178
0,177489177489178
0,177489177489178
0,177489177489178
0,177489177489178
0,177489177489178
0,177489177489178
0,177489177489178
0,177489177489178
0,177489177489178
0,177489177489178
0,177489177489178
0,177489177489178
0,173160173160173
0,151515151515152
0,051948051948052
0
