Gen 1
0,0476190476190476
0,00476190476190476
0,019047619047619
0
0
0
Gen 2
0,0476190476190476
0,0285714285714286
0,0476190476190476
0,0476190476190476
0,019047619047619
0
Gen 3
0,0476190476190476
0,0404761904761905
0,0476190476190476
0,0476190476190476
0,0476190476190476
0,019047619047619
Gen 4
0,0476190476190476
0,0428571428571429
0,0476190476190476
0,0476190476190476
0,0476190476190476
0,0285714285714286
Gen 5
0,0476190476190476
0,0452380952380953
0,0476190476190476
0,0476190476190476
0,0476190476190476
0,0380952380952381
Gen 6
0,0476190476190476
0,0476190476190476
0,0476190476190476
0,0476190476190476
0,0476190476190476
0,0476190476190476
Gen 7
0,0531400966183575
0,0478951000690131
0,0487232574189096
0,0476190476190476
0,0476190476190476
0,0476190476190476
Gen 8
0,0531400966183575
0,0463423050379572
0,0520358868184955
0,0476190476190476
0,0476190476190476
0,0380952380952381
Gen 9
0,0531400966183575
0,0493788819875777
0,0531400966183575
0,0531400966183575
0,0531400966183575
0,0380952380952381
Gen 10
0,0531400966183575
0,0528985507246377
0,0531400966183575
0,0531400966183575
0,0531400966183575
0,0521739130434783
Gen 11
0,0531400966183575
0,0504830917874396
0,0531400966183575
0,0531400966183575
0,0531400966183575
0,042512077294686
Gen 12
0,0531400966183575
0,0504830917874396
0,0531400966183575
0,0531400966183575
0,0531400966183575
0,042512077294686
Gen 13
0,0531400966183575
0,0531400966183575
0,0531400966183575
0,0531400966183575
0,0531400966183575
0,0531400966183575
Gen 14
0,0531400966183575
0,0480331262939959
0,0531400966183575
0,0531400966183575
0,0531400966183575
0,032712215320911
Gen 15
0,0531400966183575
0,0531400966183575
0,0531400966183575
0,0531400966183575
0,0531400966183575
0,0531400966183575
Gen 16
0,0531400966183575
0,0504830917874396
0,0531400966183575
0,0531400966183575
0,0531400966183575
0,042512077294686
Gen 17
0,0531400966183575
0,0531400966183575
0,0531400966183575
0,0531400966183575
0,0531400966183575
0,0531400966183575
Gen 18
0,0531400966183575
0,0531400966183575
0,0531400966183575
0,0531400966183575
0,0531400966183575
0,0531400966183575
Gen 19
0,0531400966183575
0,0504830917874396
0,0531400966183575
0,0531400966183575
0,0531400966183575
0,042512077294686
Gen 20
0,0531400966183575
0,0502070393374741
0,0531400966183575
0,0531400966183575
0,0531400966183575
0,041407867494824
Gen 21
0,0531400966183575
0,0504830917874396
0,0531400966183575
0,0531400966183575
0,0531400966183575
0,042512077294686
Gen 22
0,0531400966183575
0,0531400966183575
0,0531400966183575
0,0531400966183575
0,0531400966183575
0,0531400966183575
Gen 23
0,0531400966183575
0,0531400966183575
0,0531400966183575
0,0531400966183575
0,0531400966183575
0,0531400966183575
Gen 24
0,0531400966183575
0,0531400966183575
0,0531400966183575
0,0531400966183575
0,0531400966183575
0,0531400966183575
Gen 25
0,0531400966183575
0,0531400966183575
0,0531400966183575
0,0531400966183575
0,0531400966183575
0,0531400966183575
Gen 26
0,0531400966183575
0,0504830917874396
0,0531400966183575
0,0531400966183575
0,0531400966183575
0,042512077294686
Gen 27
0,0531400966183575
0,0531400966183575
0,0531400966183575
0,0531400966183575
0,0531400966183575
0,0531400966183575
Gen 28
0,0560386473429952
0,0532850241545894
0,053719806763285
0,0531400966183575
0,0531400966183575
0,0531400966183575
Gen 29
0,0909090909090909
0,0557531840140536
0,0630127360562143
0,053719806763285
0,0531400966183575
0,0531400966183575
Gen 30
0,0909090909090909
0,0699868247694335
0,0909090909090909
0,0769609134826526
0,0560386473429952
0,0560386473429952
Gen 31
0,0909090909090909
0,0909090909090909
0,0909090909090909
0,0909090909090909
0,0909090909090909
0,0909090909090909
Gen 32
0,0909090909090909
0,0909090909090909
0,0909090909090909
0,0909090909090909
0,0909090909090909
0,0909090909090909
Gen 33
0,0909090909090909
0,0909090909090909
0,0909090909090909
0,0909090909090909
0,0909090909090909
0,0909090909090909
Gen 34
0,0909090909090909
0,0909090909090909
0,0909090909090909
0,0909090909090909
0,0909090909090909
0,0909090909090909
Gen 35
0,0909090909090909
0,0885281385281385
0,0909090909090909
0,0909090909090909
0,0909090909090909
0,0813852813852814
Gen 36
0,0952380952380952
0,0882709078361252
0,0917748917748918
0,0909090909090909
0,0909090909090909
0,0794905577514273
Gen 37
0,0952380952380952
0,0924242424242424
0,0952380952380952
0,0926406926406927
0,0909090909090909
0,0909090909090909
Gen 38
0,147186147186147
0,0978354978354979
0,105627705627706
0,0952380952380952
0,0952380952380952
0,0952380952380952
Gen 39
0,147186147186147
0,126839826839827
0,147186147186147
0,147186147186147
0,117748917748918
0,0952380952380952
Gen 40
0,147186147186147
0,147186147186147
0,147186147186147
0,147186147186147
0,147186147186147
0,147186147186147
Gen 41
0,147186147186147
0,143401719053893
0,147186147186147
0,147186147186147
0,147186147186147
0,13204843465713
Gen 42
0,147186147186147
0,142225986573813
0,147186147186147
0,147186147186147
0,147186147186147
0,127345504736809
Gen 43
0,147186147186147
0,147186147186147
0,147186147186147
0,147186147186147
0,147186147186147
0,147186147186147
Gen 44
0,151515151515152
0,14004329004329
0,148051948051948
0,147186147186147
0,147186147186147
0,117748917748918
Gen 45
0,151515151515152
0,142068511198946
0,151515151515152
0,147186147186147
0,147186147186147
0,122386598908338
Gen 46
0,151515151515152
0,151515151515151
0,151515151515152
0,151515151515152
0,151515151515152
0,151515151515152
Gen 47
0,151515151515152
0,150865800865801
0,151515151515152
0,151515151515152
0,151515151515152
0,148917748917749
Gen 48
0,151515151515152
0,151515151515151
0,151515151515152
0,151515151515152
0,151515151515152
0,151515151515152
Gen 49
0,151515151515152
0,151515151515151
0,151515151515152
0,151515151515152
0,151515151515152
0,151515151515152
Gen 50
0,151515151515152
0,150750988142292
0,151515151515152
0,151515151515152
0,151515151515152
0,148458498023715
Gen 51
0,151515151515152
0,151515151515151
0,151515151515152
0,151515151515152
0,151515151515152
0,151515151515152
Gen 52
0,151515151515152
0,151515151515151
0,151515151515152
0,151515151515152
0,151515151515152
0,151515151515152
Gen 53
0,151515151515152
0,151515151515151
0,151515151515152
0,151515151515152
0,151515151515152
0,151515151515152
Gen 54
0,151515151515152
0,146103896103896
0,151515151515152
0,151515151515152
0,151515151515152
0,12987012987013
Gen 55
0,151515151515152
0,151082251082251
0,151515151515152
0,151515151515152
0,151515151515152
0,14978354978355
Gen 56
0,151515151515152
0,145670995670996
0,151515151515152
0,151515151515152
0,151515151515152
0,128138528138528
Gen 57
0,151515151515152
0,147058159232072
0,151515151515152
0,151515151515152
0,151515151515152
0,133687182382835
Gen 58
0,151515151515152
0,15021645021645
0,151515151515152
0,151515151515152
0,151515151515152
0,146320346320346
Gen 59
0,151515151515152
0,151515151515151
0,151515151515152
0,151515151515152
0,151515151515152
0,151515151515152
Gen 60
0,151515151515152
0,148701298701299
0,151515151515152
0,151515151515152
0,151515151515152
0,14025974025974
Gen 61
0,151515151515152
0,151515151515151
0,151515151515152
0,151515151515152
0,151515151515152
0,151515151515152
Gen 62
0,151515151515152
0,151298701298701
0,151515151515152
0,151515151515152
0,151515151515152
0,150649350649351
Gen 63
0,151515151515152
0,143939393939394
0,151515151515152
0,151515151515152
0,151515151515152
0,121212121212121
Gen 64
0,151515151515152
0,143506493506494
0,151515151515152
0,151515151515152
0,151515151515152
0,119480519480519
Gen 65
0,151515151515152
0,143939393939394
0,151515151515152
0,151515151515152
0,151515151515152
0,121212121212121
Gen 66
0,151515151515152
0,151515151515151
0,151515151515152
0,151515151515152
0,151515151515152
0,151515151515152
Gen 67
0,151515151515152
0,143939393939394
0,151515151515152
0,151515151515152
0,151515151515152
0,121212121212121
Gen 68
0,151515151515152
0,151515151515151
0,151515151515152
0,151515151515152
0,151515151515152
0,151515151515152
Gen 69
0,151515151515152
0,145887445887446
0,151515151515152
0,151515151515152
0,151515151515152
0,129004329004329
Gen 70
0,151515151515152
0,146103896103896
0,151515151515152
0,151515151515152
0,151515151515152
0,12987012987013
Gen 71
0,151515151515152
0,135281385281385
0,151515151515152
0,151515151515152
0,151515151515152
0,0865800865800866
Gen 72
0,151515151515152
0,151298701298701
0,151515151515152
0,151515151515152
0,151515151515152
0,150649350649351
Gen 73
0,151515151515152
0,151515151515151
0,151515151515152
0,151515151515152
0,151515151515152
0,151515151515152
Gen 74
0,151515151515152
0,1504329004329
0,151515151515152
0,151515151515152
0,151515151515152
0,147186147186147
Gen 75
0,151515151515152
0,146320346320346
0,151515151515152
0,151515151515152
0,151515151515152
0,130735930735931
Gen 76
0,151515151515152
0,151515151515151
0,151515151515152
0,151515151515152
0,151515151515152
0,151515151515152
Gen 77
0,151515151515152
0,151515151515151
0,151515151515152
0,151515151515152
0,151515151515152
0,151515151515152
Gen 78
0,151515151515152
0,151515151515151
0,151515151515152
0,151515151515152
0,151515151515152
0,151515151515152
Gen 79
0,151515151515152
0,146103896103896
0,151515151515152
0,151515151515152
0,151515151515152
0,12987012987013
Gen 80
0,151515151515152
0,150316205533597
0,151515151515152
0,151515151515152
0,151515151515152
0,146719367588933
Gen 81
0,16017316017316
0,151298701298701
0,153246753246753
0,151515151515152
0,151515151515152
0,148917748917749
Gen 82
0,16017316017316
0,146640316205534
0,16017316017316
0,156709956709957
0,151515151515152
0,118162996423866
Gen 83
0,16017316017316
0,15974025974026
0,16017316017316
0,16017316017316
0,16017316017316
0,158441558441558
Gen 84
0,16017316017316
0,140692640692641
0,16017316017316
0,16017316017316
0,16017316017316
0,0822510822510822
Gen 85
0,164502164502165
0,16038961038961
0,161038961038961
0,16017316017316
0,16017316017316
0,16017316017316
Gen 86
0,164502164502165
0,162121212121212
0,164502164502165
0,163636363636364
0,16017316017316
0,16017316017316
Gen 87
0,164502164502165
0,158646088211306
0,164502164502165
0,164502164502165
0,164502164502165
0,141077859338729
Gen 88
0,173160173160173
0,157359307359307
0,166233766233766
0,164502164502165
0,164502164502165
0,134199134199134
Gen 89
0,173160173160173
0,158371290545204
0,173160173160173
0,173160173160173
0,166233766233766
0,120931049626702
Gen 90
0,173160173160173
0,167748917748918
0,173160173160173
0,173160173160173
0,173160173160173
0,151515151515152
Gen 91
0,173160173160173
0,158008658008658
0,173160173160173
0,173160173160173
0,173160173160173
0,112554112554113
Gen 92
0,173160173160173
0,157792207792208
0,173160173160173
0,173160173160173
0,173160173160173
0,111688311688312
Gen 93
0,173160173160173
0,173160173160173
0,173160173160173
0,173160173160173
0,173160173160173
0,173160173160173
Gen 94
0,173160173160173
0,173160173160173
0,173160173160173
0,173160173160173
0,173160173160173
0,173160173160173
Gen 95
0,173160173160173
0,173160173160173
0,173160173160173
0,173160173160173
0,173160173160173
0,173160173160173
Gen 96
0,173160173160173
0,173160173160173
0,173160173160173
0,173160173160173
0,173160173160173
0,173160173160173
Gen 97
0,173160173160173
0,173160173160173
0,173160173160173
0,173160173160173
0,173160173160173
0,173160173160173
Gen 98
0,173160173160173
0,173160173160173
0,173160173160173
0,173160173160173
0,173160173160173
0,173160173160173
Gen 99
0,173160173160173
0,157142857142857
0,173160173160173
0,173160173160173
0,173160173160173
0,109090909090909
Gen 100
0,173160173160173
0,164502164502164
0,173160173160173
0,173160173160173
0,173160173160173
0,138528138528139
Gen 101
0,177489177489178
0,173376623376623
0,174025974025974
0,173160173160173
0,173160173160173
0,173160173160173
Gen 102
0,177489177489178
0,156926406926407
0,177489177489178
0,173160173160173
0,173160173160173
0,103896103896104
Gen 103
0,177489177489178
0,17034632034632
0,177489177489178
0,177489177489178
0,177489177489178
0,148917748917749
Gen 104
0,177489177489178
0,15974025974026
0,177489177489178
0,177489177489178
0,177489177489178
0,106493506493507
Gen 105
0,177489177489178
0,177272727272727
0,177489177489178
0,177489177489178
0,177489177489178
0,176623376623377
Gen 106
0,177489177489178
0,177272727272727
0,177489177489178
0,177489177489178
0,177489177489178
0,176623376623377
Gen 107
0,177489177489178
0,167099567099567
0,177489177489178
0,177489177489178
0,177489177489178
0,135930735930736
Gen 108
0,177489177489178
0,177489177489178
0,177489177489178
0,177489177489178
0,177489177489178
0,177489177489178
Gen 109
0,177489177489178
0,177489177489178
0,177489177489178
0,177489177489178
0,177489177489178
0,177489177489178
Gen 110
0,177489177489178
0,177489177489178
0,177489177489178
0,177489177489178
0,177489177489178
0,177489177489178
Gen 111
0,177489177489178
0,177489177489178
0,177489177489178
0,177489177489178
0,177489177489178
0,177489177489178
Gen 112
0,177489177489178
0,175974025974026
0,177489177489178
0,177489177489178
0,177489177489178
0,171428571428571
Gen 113
0,177489177489178
0,168614718614719
0,177489177489178
0,177489177489178
0,177489177489178
0,141991341991342
Gen 114
0,177489177489178
0,173542254846603
0,177489177489178
0,177489177489178
0,177489177489178
0,161701486918878
Gen 115
0,177489177489178
0,168398268398268
0,177489177489178
0,177489177489178
0,177489177489178
0,141125541125541
Gen 116
0,177489177489178
0,150865800865801
0,177489177489178
0,177489177489178
0,177489177489178
0,070995670995671
Gen 117
0,177489177489178
0,164935064935065
0,177489177489178
0,177489177489178
0,177489177489178
0,127272727272727
Gen 118
0,177489177489178
0,177489177489178
0,177489177489178
0,177489177489178
0,177489177489178
0,177489177489178
Gen 119
0,177489177489178
0,171212121212121
0,177489177489178
0,177489177489178
0,177489177489178
0,152380952380952
Gen 120
0,177489177489178
0,174675324675325
0,177489177489178
0,177489177489178
0,177489177489178
0,166233766233766
Gen 121
0,177489177489178
0,170305539870757
0,177489177489178
0,177489177489178
0,177489177489178
0,148754627015497
Gen 122
0,177489177489178
0,177489177489178
0,177489177489178
0,177489177489178
0,177489177489178
0,177489177489178
Gen 123
0,177489177489178
0,177489177489178
0,177489177489178
0,177489177489178
0,177489177489178
0,177489177489178
Gen 124
0,177489177489178
0,177489177489178
0,177489177489178
0,177489177489178
0,177489177489178
0,177489177489178
Gen 125
0,177489177489178
0,168614718614719
0,177489177489178
0,177489177489178
0,177489177489178
0,141991341991342
Gen 126
0,177489177489178
0,177489177489178
0,177489177489178
0,177489177489178
0,177489177489178
0,177489177489178
Gen 127
0,177489177489178
0,177489177489178
0,177489177489178
0,177489177489178
0,177489177489178
0,177489177489178
Gen 128
0,177489177489178
0,172819499341239
0,177489177489178
0,177489177489178
0,177489177489178
0,158810464897421
Gen 129
0,177489177489178
0,177489177489178
0,177489177489178
0,177489177489178
0,177489177489178
0,177489177489178
Gen 130
0,177489177489178
0,171861471861472
0,177489177489178
0,177489177489178
0,177489177489178
0,154978354978355
Gen 131
0,177489177489178
0,177489177489178
0,177489177489178
0,177489177489178
0,177489177489178
0,177489177489178
Gen 132
0,177489177489178
0,168614718614719
0,177489177489178
0,177489177489178
0,177489177489178
0,141991341991342
Gen 133
0,177489177489178
0,177056277056277
0,177489177489178
0,177489177489178
0,177489177489178
0,175757575757576
Gen 134
0,177489177489178
0,177489177489178
0,177489177489178
0,177489177489178
0,177489177489178
0,177489177489178
Gen 135
0,177489177489178
0,177489177489178
0,177489177489178
0,177489177489178
0,177489177489178
0,177489177489178
Gen 136
0,177489177489178
0,173593073593074
0,177489177489178
0,177489177489178
0,177489177489178
0,161904761904762
Gen 137
0,177489177489178
0,176839826839827
0,177489177489178
0,177489177489178
0,177489177489178
0,174891774891775
Gen 138
0,177489177489178
0,175974025974026
0,177489177489178
0,177489177489178
0,177489177489178
0,171428571428571
Gen 139
0,177489177489178
0,177489177489178
0,177489177489178
0,177489177489178
0,177489177489178
0,177489177489178
Gen 140
0,177489177489178
0,159307359307359
0,177489177489178
0,177489177489178
0,177489177489178
0,104761904761905
Gen 141
0,177489177489178
0,168181818181818
0,177489177489178
0,177489177489178
0,177489177489178
0,14025974025974
Gen 142
0,177489177489178
0,159307359307359
0,177489177489178
0,177489177489178
0,177489177489178
0,104761904761905
Gen 143
0,177489177489178
0,177489177489178
0,177489177489178
0,177489177489178
0,177489177489178
0,177489177489178
Gen 144
0,177489177489178
0,177272727272727
0,177489177489178
0,177489177489178
0,177489177489178
0,176623376623377
Gen 145
0,177489177489178
0,177056277056277
0,177489177489178
0,177489177489178
0,177489177489178
0,175757575757576
Gen 146
0,177489177489178
0,175541125541126
0,177489177489178
0,177489177489178
0,177489177489178
0,16969696969697
Gen 147
0,177489177489178
0,15974025974026
0,177489177489178
0,177489177489178
0,177489177489178
0,106493506493507
Gen 148
0,177489177489178
0,177489177489178
0,177489177489178
0,177489177489178
0,177489177489178
0,177489177489178
Gen 149
0,177489177489178
0,177489177489178
0,177489177489178
0,177489177489178
0,177489177489178
0,177489177489178
Gen 150
0,177489177489178
0,167316017316017
0,177489177489178
0,177489177489178
0,177489177489178
0,136796536796537
Gen 151
0,177489177489178
0,160822510822511
0,177489177489178
0,177489177489178
0,177489177489178
0,110822510822511
