Gen 1
0.0822510822510823
0.00353547901373988
0.0141419160549595
0
0
0
Gen 2
0.16017316017316
0.0531601731601731
0.0853679653679654
0.0642424242424243
0.0460606060606061
0.016969696969697
Gen 3
0.16017316017316
0.0671428571428572
0.100952380952381
0.0822510822510823
0.0600865800865801
0.0252813852813853
Gen 4
0.16017316017316
0.0902164502164504
0.147705627705628
0.0822510822510823
0.0822510822510823
0.0486580086580087
Gen 5
0.177489177489178
0.121298701298701
0.160865800865801
0.16017316017316
0.0978354978354978
0.0663203463203463
Gen 6
0.177489177489178
0.144978354978355
0.162251082251082
0.16017316017316
0.16017316017316
0.0973160173160173
Gen 7
0.177489177489178
0.151172219085263
0.163636363636364
0.16017316017316
0.16017316017316
0.120706192358366
Gen 8
0.207792207792208
0.151002446828534
0.167619047619048
0.16017316017316
0.16017316017316
0.116044419348767
Gen 9
0.207792207792208
0.155718301022649
0.175064935064935
0.16017316017316
0.16017316017316
0.12746194867934
Gen 10
0.207792207792208
0.158039400213313
0.182337662337662
0.162943722943723
0.16017316017316
0.126703055398708
Gen 11
0.207792207792208
0.166294623251145
0.187186147186147
0.176103896103896
0.16017316017316
0.141715289541376
Gen 12
0.207792207792208
0.170030742204655
0.201731601731602
0.177489177489178
0.167792207792208
0.133109981805634
Gen 13
0.207792207792208
0.179420415333458
0.207792207792208
0.193246753246753
0.173612397264571
0.143030303030303
Gen 14
0.207792207792208
0.183792709705753
0.207792207792208
0.204848484848485
0.177489177489178
0.145040968693143
Gen 15
0.207792207792208
0.188140912227868
0.207792207792208
0.207792207792208
0.186666666666667
0.150312566660393
Gen 16
0.207792207792208
0.186736934563021
0.207792207792208
0.207792207792208
0.202424242424242
0.128939080243428
Gen 17
0.207792207792208
0.190797289666855
0.207792207792208
0.207792207792208
0.207792207792208
0.139812535290796
Gen 18
0.207792207792208
0.197317523056653
0.207792207792208
0.207792207792208
0.207792207792208
0.165893468849991
Gen 19
0.207792207792208
0.204998055085011
0.207792207792208
0.207792207792208
0.207792207792208
0.196615596963423
Gen 20
0.216450216450216
0.196859526946483
0.208138528138528
0.207792207792208
0.207792207792208
0.16371516406299
Gen 21
0.216450216450216
0.199307359307359
0.208484848484849
0.207792207792208
0.207792207792208
0.173160173160173
Gen 22
0.247342995169082
0.201130560260995
0.210759520672564
0.207792207792208
0.207792207792208
0.178178304787
Gen 23
0.247342995169082
0.202906330384591
0.212144802057846
0.207792207792208
0.207792207792208
0.183896103896104
Gen 24
0.247342995169082
0.207556057469101
0.218622498274672
0.207792207792208
0.207792207792208
0.196017316017316
Gen 25
0.247342995169082
0.209138465399335
0.221393061045235
0.209445511010728
0.207792207792208
0.197923081749169
Gen 26
0.247342995169082
0.209765982809461
0.230043039086517
0.216450216450216
0.208674571805007
0.183896103896104
Gen 27
0.247342995169082
0.209233703494572
0.239928728276554
0.216450216450216
0.215947299077734
0.164608570173788
Gen 28
0.247342995169082
0.219458184327749
0.247342995169082
0.231625070581592
0.216450216450216
0.182414455110107
Gen 29
0.247342995169082
0.227905263818307
0.247342995169082
0.247342995169082
0.219614279440366
0.197320785494699
Gen 30
0.247342995169082
0.225085638998682
0.247342995169082
0.247342995169082
0.229499968630403
0.176156597026162
Gen 31
0.252173913043478
0.236280067758329
0.247536231884058
0.247342995169082
0.23903933747412
0.211201706506054
Gen 32
0.252173913043478
0.236711336972206
0.247806763285024
0.247342995169082
0.247342995169082
0.204352594265638
Gen 33
0.253140096618358
0.23604052951879
0.24807729468599
0.247342995169082
0.247342995169082
0.201398833051007
Gen 34
0.253140096618358
0.23468887634105
0.248811594202898
0.247342995169082
0.247342995169082
0.195257920823138
Gen 35
0.253140096618358
0.243490055837882
0.250821256038647
0.247420289855072
0.247342995169082
0.228375682288726
Gen 36
0.255411255411255
0.235311500094109
0.252780726519857
0.248618357487923
0.247342995169082
0.192503921199573
Gen 37
0.255411255411255
0.246645837254533
0.253660079051383
0.252019323671498
0.247613526570048
0.233290419725202
Gen 38
0.255411255411255
0.240992408557626
0.254321099190665
0.252521739130435
0.249115753811406
0.208011042097999
Gen 39
0.255411255411255
0.249661082878474
0.255411255411255
0.253167199949809
0.250782608695652
0.23928326745718
Gen 40
0.255411255411255
0.24703281259803
0.255411255411255
0.255229562707824
0.252753623188406
0.224736809084635
Gen 41
0.255411255411255
0.250018570801179
0.255411255411255
0.255411255411255
0.254502791894096
0.234748980488111
Gen 42
0.255411255411255
0.244713219148002
0.255411255411255
0.255411255411255
0.255138716356108
0.212891649413389
Gen 43
0.255411255411255
0.243213250517598
0.255411255411255
0.255411255411255
0.255411255411255
0.206619235836627
Gen 44
0.255411255411255
0.24554062362758
0.255411255411255
0.255411255411255
0.255411255411255
0.215928728276554
Gen 45
0.255411255411255
0.243225296442688
0.255411255411255
0.255411255411255
0.255411255411255
0.206667419536985
Gen 46
0.255411255411255
0.248744588744589
0.255411255411255
0.255411255411255
0.255411255411255
0.228744588744589
Gen 47
0.255411255411255
0.248155342242299
0.255411255411255
0.255411255411255
0.255411255411255
0.226387602735429
Gen 48
0.255411255411255
0.24854495263191
0.255411255411255
0.255411255411255
0.255411255411255
0.22794604429387
Gen 49
0.255411255411255
0.253297321036452
0.255411255411255
0.255411255411255
0.255411255411255
0.24695551791204
Gen 50
0.255411255411255
0.243815546772069
0.255411255411255
0.255411255411255
0.255411255411255
0.209028420854508
Gen 51
0.255411255411255
0.24337674885501
0.255411255411255
0.255411255411255
0.255411255411255
0.207273229186273
Gen 52
0.255411255411255
0.243417529330573
0.255411255411255
0.255411255411255
0.255411255411255
0.207436351088525
Gen 53
0.255411255411255
0.245041345128302
0.255411255411255
0.255411255411255
0.255411255411255
0.21393161427944
Gen 54
0.255411255411255
0.247521927348015
0.255411255411255
0.255411255411255
0.255411255411255
0.223853943158291
Gen 55
0.255411255411255
0.243121651295565
0.255411255411255
0.255411255411255
0.255411255411255
0.206252838948491
Gen 56
0.255411255411255
0.240976347324174
0.255411255411255
0.255411255411255
0.255411255411255
0.197671623062927
Gen 57
0.255411255411255
0.248602170776084
0.255411255411255
0.255411255411255
0.255411255411255
0.228174916870569
Gen 58
0.255411255411255
0.242541564715478
0.255411255411255
0.255411255411255
0.255411255411255
0.203932492628145
Gen 59
0.255411255411255
0.242408557625949
0.255411255411255
0.255411255411255
0.255411255411255
0.203400464270029
Gen 60
0.255411255411255
0.240979986197378
0.255411255411255
0.255411255411255
0.255411255411255
0.197686178555744
Gen 61
0.255411255411255
0.249787063178368
0.255411255411255
0.255411255411255
0.255411255411255
0.232914486479704
Gen 62
0.255411255411255
0.242422234770061
0.255411255411255
0.255411255411255
0.255411255411255
0.203455172846477
Gen 63
0.255411255411255
0.246904197252024
0.255411255411255
0.255411255411255
0.255411255411255
0.221383022774327
Gen 64
0.255411255411255
0.222457494196625
0.255411255411255
0.255411255411255
0.255411255411255
0.123596210552732
Gen 65
0.255411255411255
0.23948051948052
0.255411255411255
0.255411255411255
0.255411255411255
0.191688311688312
Gen 66
0.255411255411255
0.244502164502165
0.255411255411255
0.255411255411255
0.255411255411255
0.211774891774892
Gen 67
0.255411255411255
0.243073593073593
0.255411255411255
0.255411255411255
0.255411255411255
0.206060606060606
Gen 68
0.255411255411255
0.24995670995671
0.255411255411255
0.255411255411255
0.255411255411255
0.233593073593074
Gen 69
0.255411255411255
0.25017316017316
0.255411255411255
0.255411255411255
0.255411255411255
0.234458874458874
Gen 70
0.255411255411255
0.244935064935065
0.255411255411255
0.255411255411255
0.255411255411255
0.213506493506493
Gen 71
0.255411255411255
0.251255411255412
0.255411255411255
0.255411255411255
0.255411255411255
0.238787878787879
Gen 72
0.255411255411255
0.24273492690884
0.255411255411255
0.255411255411255
0.255411255411255
0.204705941401594
Gen 73
0.255411255411255
0.249094171528954
0.255411255411255
0.255411255411255
0.255411255411255
0.23014291988205
Gen 74
0.255411255411255
0.249894221720309
0.255411255411255
0.255411255411255
0.255411255411255
0.233343120647468
Gen 75
0.255411255411255
0.249894221720309
0.255411255411255
0.255411255411255
0.255411255411255
0.233343120647468
Gen 76
0.255411255411255
0.249980801806889
0.255411255411255
0.255411255411255
0.255411255411255
0.233689440993789
Gen 77
0.255411255411255
0.24784126984127
0.255411255411255
0.255411255411255
0.255411255411255
0.225131313131313
Gen 78
0.255411255411255
0.250611832611833
0.255411255411255
0.255411255411255
0.255411255411255
0.236213564213564
Gen 79
0.255411255411255
0.249890331890332
0.255411255411255
0.255411255411255
0.255411255411255
0.233327561327561
Gen 80
0.255411255411255
0.24353547901374
0.255411255411255
0.255411255411255
0.255411255411255
0.207908149821193
Gen 81
0.255411255411255
0.249176359872012
0.255411255411255
0.255411255411255
0.255411255411255
0.230471673254282
Gen 82
0.255411255411255
0.246439048873832
0.255411255411255
0.255411255411255
0.255411255411255
0.21952242926156
Gen 83
0.255411255411255
0.241609511261685
0.255411255411255
0.255411255411255
0.255411255411255
0.200204278812974
Gen 84
0.255411255411255
0.247799987452162
0.255411255411255
0.255411255411255
0.255411255411255
0.224966183574879
Gen 85
0.255411255411255
0.244949118514336
0.255411255411255
0.255411255411255
0.255411255411255
0.213562707823577
Gen 86
0.255411255411255
0.247008218834306
0.255411255411255
0.255411255411255
0.255411255411255
0.221799109103457
Gen 87
0.255411255411255
0.246119957337349
0.255411255411255
0.255411255411255
0.255411255411255
0.218246063115628
Gen 88
0.255411255411255
0.248268398268399
0.255411255411255
0.255411255411255
0.255411255411255
0.226839826839827
Gen 89
0.255411255411255
0.244791392182697
0.255411255411255
0.255411255411255
0.255411255411255
0.21293180249702
Gen 90
0.255411255411255
0.24747537486668
0.255411255411255
0.255411255411255
0.255411255411255
0.223667733232951
Gen 91
0.255411255411255
0.247186147186148
0.255411255411255
0.255411255411255
0.255411255411255
0.222510822510822
Gen 92
0.255411255411255
0.244588744588745
0.255411255411255
0.255411255411255
0.255411255411255
0.212121212121212
Gen 93
0.255411255411255
0.24809072087333
0.255411255411255
0.255411255411255
0.255411255411255
0.226129117259552
Gen 94
0.255411255411255
0.251850806198633
0.255411255411255
0.255411255411255
0.255411255411255
0.241169458560763
Gen 95
0.255411255411255
0.247194679716419
0.255411255411255
0.255411255411255
0.255411255411255
0.222544952631909
Gen 96
0.255411255411255
0.252660267268963
0.255411255411255
0.255411255411255
0.255411255411255
0.244407302842085
Gen 97
0.256038647342995
0.24178116569421
0.255436351088525
0.255411255411255
0.255411255411255
0.200865800865801
Gen 98
0.256038647342995
0.250488738314826
0.255461446765795
0.255411255411255
0.255411255411255
0.235670995670996
Gen 99
0.261835748792271
0.247600853253028
0.255743522178305
0.255411255411255
0.255411255411255
0.223837380011293
Gen 100
0.261835748792271
0.248532655750048
0.256075788945354
0.255411255411255
0.255411255411255
0.227232323232323
Gen 101
0.261835748792271
0.246102139406488
0.256226363008972
0.255411255411255
0.255411255411255
0.217359683794466
Gen 102
0.261835748792271
0.250653115000942
0.25694108789761
0.255411255411255
0.255411255411255
0.234848861283644
Gen 103
0.261835748792271
0.250202020202021
0.257661835748792
0.255862977602108
0.255411255411255
0.231872012045925
Gen 104
0.261835748792271
0.244435159043855
0.259285024154589
0.256013551665726
0.255411255411255
0.207030804943848
Gen 105
0.261835748792271
0.25360524499655
0.261835748792271
0.256541062801933
0.255862977602108
0.240181190789886
Gen 106
0.264069264069264
0.254885375494071
0.26192508940335
0.260676328502415
0.256013551665726
0.240926532404793
Gen 107
0.264069264069264
0.251516531777401
0.26201443001443
0.261835748792271
0.259053140096618
0.223162808206286
Gen 108
0.264069264069264
0.249820063993977
0.262193111236589
0.261835748792271
0.260908212560386
0.214343183386662
Gen 109
0.264069264069264
0.255371227806011
0.262550473680908
0.261835748792271
0.261835748792271
0.235262939958592
Gen 110
0.264069264069264
0.252208294121338
0.263265198569546
0.261835748792271
0.261835748792271
0.221896480331263
Gen 111
0.264069264069264
0.252890896543071
0.264069264069264
0.26192508940335
0.261835748792271
0.223733483907397
Gen 112
0.264069264069264
0.247450530146183
0.264069264069264
0.263622561013865
0.261835748792271
0.200274546709329
Gen 113
0.264069264069264
0.246038898299768
0.264069264069264
0.264069264069264
0.262282451847669
0.193734613212874
Gen 114
0.264069264069264
0.24629650542694
0.264069264069264
0.264069264069264
0.262818495514148
0.194228998055085
Gen 115
0.264069264069264
0.254790011920447
0.264069264069264
0.264069264069264
0.263801242236025
0.227220277307234
Gen 116
0.264069264069264
0.257503231068448
0.264069264069264
0.264069264069264
0.264069264069264
0.237805132066002
Gen 117
0.264069264069264
0.257306355480268
0.264069264069264
0.264069264069264
0.264069264069264
0.237017629713282
Gen 118
0.264069264069264
0.250775079992471
0.264069264069264
0.264069264069264
0.264069264069264
0.210892527762093
Gen 119
0.264069264069264
0.258568668046929
0.264069264069264
0.264069264069264
0.264069264069264
0.242066879979923
Gen 120
0.264069264069264
0.258634293242989
0.264069264069264
0.264069264069264
0.264069264069264
0.242329380764163
Gen 121
0.264069264069264
0.252030867683041
0.264069264069264
0.264069264069264
0.264069264069264
0.215915678524374
Gen 122
0.264069264069264
0.24980312441182
0.264069264069264
0.264069264069264
0.264069264069264
0.207004705439488
Gen 123
0.264069264069264
0.26027931488801
0.264069264069264
0.264069264069264
0.264069264069264
0.24890946734425
Gen 124
0.264069264069264
0.248616600790514
0.264069264069264
0.264069264069264
0.264069264069264
0.202258610954263
Gen 125
0.264069264069264
0.252509442248572
0.264069264069264
0.264069264069264
0.264069264069264
0.217829976786498
Gen 126
0.264069264069264
0.260973335842901
0.264069264069264
0.264069264069264
0.264069264069264
0.251685551163812
Gen 127
0.264069264069264
0.251362946232511
0.264069264069264
0.264069264069264
0.264069264069264
0.213243992722254
Gen 128
0.264069264069264
0.255172470042035
0.264069264069264
0.264069264069264
0.264069264069264
0.228482087960349
Gen 129
0.264069264069264
0.256599661208357
0.264069264069264
0.264069264069264
0.264069264069264
0.234190852625635
Gen 130
0.264069264069264
0.257401217140347
0.264069264069264
0.264069264069264
0.264069264069264
0.237397076353598
Gen 131
0.264069264069264
0.257660957400087
0.264069264069264
0.264069264069264
0.264069264069264
0.238436037392559
Gen 132
0.264069264069264
0.250777840516971
0.264069264069264
0.264069264069264
0.264069264069264
0.210903569860092
Gen 133
0.264069264069264
0.251444632662024
0.264069264069264
0.264069264069264
0.264069264069264
0.213570738440304
Gen 134
0.264069264069264
0.25756672313194
0.264069264069264
0.264069264069264
0.264069264069264
0.23805910031997
Gen 135
0.264069264069264
0.24947223790702
0.264069264069264
0.264069264069264
0.264069264069264
0.20568115942029
Gen 136
0.264069264069264
0.248220967438358
0.264069264069264
0.264069264069264
0.264069264069264
0.200676077545643
Gen 137
0.264069264069264
0.248783738001129
0.264069264069264
0.264069264069264
0.264069264069264
0.202927159796725
Gen 138
0.264069264069264
0.260424618859401
0.264069264069264
0.264069264069264
0.264069264069264
0.249490683229814
Gen 139
0.264069264069264
0.259597465336595
0.264069264069264
0.264069264069264
0.264069264069264
0.246182069138591
Gen 140
0.264069264069264
0.250137900746596
0.264069264069264
0.264069264069264
0.264069264069264
0.208343810778593
Gen 141
0.264069264069264
0.258986887508626
0.264069264069264
0.264069264069264
0.264069264069264
0.243739757826714
Gen 142
0.264069264069264
0.255459439111613
0.264069264069264
0.264069264069264
0.264069264069264
0.22962996423866
Gen 143
0.264069264069264
0.255753434970826
0.264069264069264
0.264069264069264
0.264069264069264
0.230805947675513
Gen 144
0.264069264069264
0.254215948302905
0.264069264069264
0.264069264069264
0.264069264069264
0.224656001003827
Gen 145
0.264069264069264
0.25925854821507
0.264069264069264
0.264069264069264
0.264069264069264
0.244826400652488
Gen 146
0.264069264069264
0.260470669427191
0.264069264069264
0.264069264069264
0.264069264069264
0.249674885500972
Gen 147
0.264069264069264
0.258346194867934
0.264069264069264
0.264069264069264
0.264069264069264
0.241176987263944
Gen 148
0.264069264069264
0.25488299140473
0.264069264069264
0.264069264069264
0.264069264069264
0.22732417341113
Gen 149
0.264069264069264
0.246181692703432
0.264069264069264
0.264069264069264
0.264069264069264
0.192518978605935
Gen 150
0.264069264069264
0.253549783549783
0.264069264069264
0.264069264069264
0.264069264069264
0.221991341991342
Gen 151
0.264069264069264
0.246051822573561
0.264069264069264
0.264069264069264
0.264069264069264
0.191999498086455
Gen 152
0.264069264069264
0.247645272601794
0.264069264069264
0.264069264069264
0.264069264069264
0.198373298199385
Gen 153
0.264069264069264
0.251541376497898
0.264069264069264
0.264069264069264
0.264069264069264
0.213957713783801
Gen 154
0.264069264069264
0.259947926469665
0.264069264069264
0.264069264069264
0.264069264069264
0.24758391367087
Gen 155
0.264069264069264
0.257528326745718
0.264069264069264
0.264069264069264
0.264069264069264
0.23790551477508
Gen 156
0.264069264069264
0.256272915490306
0.264069264069264
0.264069264069264
0.264069264069264
0.232883869753435
Gen 157
0.264069264069264
0.257355166572558
0.264069264069264
0.264069264069264
0.264069264069264
0.237212874082439
Gen 158
0.264069264069264
0.252337662337662
0.264069264069264
0.264069264069264
0.264069264069264
0.217142857142857
Gen 159
0.264069264069264
0.262554112554112
0.264069264069264
0.264069264069264
0.264069264069264
0.258008658008658
Gen 160
0.264069264069264
0.257221155655938
0.264069264069264
0.264069264069264
0.264069264069264
0.236676830415961
Gen 161
0.264069264069264
0.258216826651609
0.264069264069264
0.264069264069264
0.264069264069264
0.240659514398645
Gen 162
0.264069264069264
0.260991530208921
0.264069264069264
0.264069264069264
0.264069264069264
0.251758328627894
Gen 163
0.264069264069264
0.254541313758705
0.264069264069264
0.264069264069264
0.264069264069264
0.225957462827028
Gen 164
0.264069264069264
0.254108413325804
0.264069264069264
0.264069264069264
0.264069264069264
0.224225861095426
Gen 165
0.264069264069264
0.2553832737311
0.264069264069264
0.264069264069264
0.264069264069264
0.229325302716607
Gen 166
0.264069264069264
0.24908262751741
0.264069264069264
0.264069264069264
0.264069264069264
0.204122717861848
Gen 167
0.264069264069264
0.246778593387289
0.264069264069264
0.264069264069264
0.264069264069264
0.194906581341364
Gen 168
0.264069264069264
0.255700483091787
0.264069264069264
0.264069264069264
0.264069264069264
0.230594140159357
Gen 169
0.264069264069264
0.251648033126294
0.264069264069264
0.264069264069264
0.264069264069264
0.214384340297384
Gen 170
0.264069264069264
0.253072463768116
0.264069264069264
0.264069264069264
0.264069264069264
0.220082062864672
Gen 171
0.264069264069264
0.257339983687809
0.264069264069264
0.264069264069264
0.264069264069264
0.237152142543447
Gen 172
0.264069264069264
0.257376623376623
0.264069264069264
0.264069264069264
0.264069264069264
0.237298701298701
Gen 173
0.264069264069264
0.260253842775582
0.264069264069264
0.264069264069264
0.264069264069264
0.248807578894535
Gen 174
0.264069264069264
0.255254532906707
0.264069264069264
0.264069264069264
0.264069264069264
0.228810339419035
Gen 175
0.264069264069264
0.25818897044984
0.264069264069264
0.264069264069264
0.264069264069264
0.240548089591568
Gen 176
0.264069264069264
0.259882301273605
0.264069264069264
0.264069264069264
0.264069264069264
0.24732141288663
Gen 177
0.264069264069264
0.262199008720747
0.264069264069264
0.264069264069264
0.264069264069264
0.256588242675199
Gen 178
0.264069264069264
0.261255411255411
0.264069264069264
0.264069264069264
0.264069264069264
0.252813852813853
Gen 179
0.264069264069264
0.259177489177489
0.264069264069264
0.264069264069264
0.264069264069264
0.244502164502165
Gen 180
0.264069264069264
0.251640880858272
0.264069264069264
0.264069264069264
0.264069264069264
0.214355731225296
Gen 181
0.264069264069264
0.258385344124474
0.264069264069264
0.264069264069264
0.264069264069264
0.241333584290106
Gen 182
0.264069264069264
0.259597465336595
0.264069264069264
0.264069264069264
0.264069264069264
0.246182069138591
Gen 183
0.264069264069264
0.261904761904762
0.264069264069264
0.264069264069264
0.264069264069264
0.255411255411255
Gen 184
0.264069264069264
0.254805194805194
0.264069264069264
0.264069264069264
0.264069264069264
0.227012987012987
Gen 185
0.264069264069264
0.253073593073593
0.264069264069264
0.264069264069264
0.264069264069264
0.22008658008658
Gen 186
0.264069264069264
0.252337662337662
0.264069264069264
0.264069264069264
0.264069264069264
0.217142857142857
Gen 187
0.264069264069264
0.252368028107158
0.264069264069264
0.264069264069264
0.264069264069264
0.217264320220842
Gen 188
0.264069264069264
0.2546874960788
0.264069264069264
0.264069264069264
0.264069264069264
0.226542192107409
Gen 189
0.264069264069264
0.256427881297446
0.264069264069264
0.264069264069264
0.264069264069264
0.233503732981994
Gen 190
0.264069264069264
0.261249890206412
0.264069264069264
0.264069264069264
0.264069264069264
0.252791768617856
Gen 191
0.264069264069264
0.253261183261183
0.264069264069264
0.264069264069264
0.264069264069264
0.220836940836941
Gen 192
0.264069264069264
0.257770750988142
0.264069264069264
0.264069264069264
0.264069264069264
0.238875211744777
Gen 193
0.264069264069264
0.257155906895037
0.264069264069264
0.264069264069264
0.264069264069264
0.236415835372357
Gen 194
0.264069264069264
0.256636426375557
0.264069264069264
0.264069264069264
0.264069264069264
0.234337913294435
Gen 195
0.264069264069264
0.257978417717548
0.264069264069264
0.264069264069264
0.264069264069264
0.2397058786624
Gen 196
0.264069264069264
0.254450969320534
0.264069264069264
0.264069264069264
0.264069264069264
0.225596085074346
Gen 197
0.264069264069264
0.252897170462388
0.264069264069264
0.264069264069264
0.264069264069264
0.219380889641759
Gen 198
0.264069264069264
0.26025974025974
0.264069264069264
0.264069264069264
0.264069264069264
0.248831168831169
Gen 199
0.264069264069264
0.261207980425371
0.264069264069264
0.264069264069264
0.264069264069264
0.252624129493695
Gen 200
0.264069264069264
0.257961227178618
0.264069264069264
0.264069264069264
0.264069264069264
0.239637116506682
Gen 201
0.264069264069264
0.258596147813539
0.264069264069264
0.264069264069264
0.264069264069264
0.242176799046364
Gen 202
0.264069264069264
0.256928791015747
0.264069264069264
0.264069264069264
0.264069264069264
0.235507371855198
Gen 203
0.264069264069264
0.258522617479139
0.264069264069264
0.264069264069264
0.264069264069264
0.241882677708765
Gen 204
0.264069264069264
0.260882614969571
0.264069264069264
0.264069264069264
0.264069264069264
0.251322667670494
Gen 205
0.264069264069264
0.260463266202396
0.264069264069264
0.264069264069264
0.264069264069264
0.249645272601794
Gen 206
0.264069264069264
0.257688562645084
0.264069264069264
0.264069264069264
0.264069264069264
0.238546458372545
Gen 207
0.264069264069264
0.257999874521613
0.264069264069264
0.264069264069264
0.264069264069264
0.239791705878662
Gen 208
0.264069264069264
0.253497710019449
0.264069264069264
0.264069264069264
0.264069264069264
0.221783047870004
Gen 209
0.264069264069264
0.256095112616851
0.264069264069264
0.264069264069264
0.264069264069264
0.232172658259615
Gen 210
0.264069264069264
0.259777903256164
0.264069264069264
0.264069264069264
0.264069264069264
0.246903820816864
Gen 211
0.264069264069264
0.260816864295125
0.264069264069264
0.264069264069264
0.264069264069264
0.251059664972708
Gen 212
0.264069264069264
0.256147186147186
0.264069264069264
0.264069264069264
0.264069264069264
0.232380952380952
Gen 213
0.264069264069264
0.254978354978355
0.264069264069264
0.264069264069264
0.264069264069264
0.227705627705628
Gen 214
0.264069264069264
0.255013739883305
0.264069264069264
0.264069264069264
0.264069264069264
0.227847167325428
Gen 215
0.264069264069264
0.258251709643014
0.264069264069264
0.264069264069264
0.264069264069264
0.240799046364264
Gen 216
0.264069264069264
0.259256164125729
0.264069264069264
0.264069264069264
0.264069264069264
0.244816864295125
Gen 217
0.264069264069264
0.258698036263253
0.264069264069264
0.264069264069264
0.264069264069264
0.242584352845222
Gen 218
0.264069264069264
0.257822573561704
0.264069264069264
0.264069264069264
0.264069264069264
0.239082502039024
Gen 219
0.264069264069264
0.259601606123345
0.264069264069264
0.264069264069264
0.264069264069264
0.246198632285589
Gen 220
0.264069264069264
0.260116945856076
0.264069264069264
0.264069264069264
0.264069264069264
0.248259991216513
Gen 221
0.264069264069264
0.257437103958843
0.264069264069264
0.264069264069264
0.264069264069264
0.23754062362758
Gen 222
0.264069264069264
0.258562645084384
0.264069264069264
0.264069264069264
0.264069264069264
0.242042788129745
Gen 223
0.264069264069264
0.255757575757575
0.264069264069264
0.264069264069264
0.264069264069264
0.230822510822511
Gen 224
0.264069264069264
0.257229437229437
0.264069264069264
0.264069264069264
0.264069264069264
0.236709956709957
Gen 225
0.264069264069264
0.254021833239224
0.264069264069264
0.264069264069264
0.264069264069264
0.223879540749106
Gen 226
0.264069264069264
0.249155781416651
0.264069264069264
0.264069264069264
0.264069264069264
0.204415333458812
Gen 227
0.264069264069264
0.25841985068072
0.264069264069264
0.264069264069264
0.264069264069264
0.241471610515089
Gen 228
0.264069264069264
0.257562833301963
0.264069264069264
0.264069264069264
0.264069264069264
0.238043541000063
Gen 229
0.264069264069264
0.257601982558504
0.264069264069264
0.264069264069264
0.264069264069264
0.238200138026225
Gen 230
0.264069264069264
0.260502415458937
0.264069264069264
0.264069264069264
0.264069264069264
0.249801869627956
Gen 231
0.264069264069264
0.252757638496769
0.264069264069264
0.264069264069264
0.264069264069264
0.218822761779283
Gen 232
0.264069264069264
0.253147248886379
0.264069264069264
0.264069264069264
0.264069264069264
0.220381203337725
Gen 233
0.264069264069264
0.251005081874647
0.264069264069264
0.264069264069264
0.264069264069264
0.211812535290796
Gen 234
0.264069264069264
0.25431608005521
0.264069264069264
0.264069264069264
0.264069264069264
0.22505652801305
Gen 235
0.264069264069264
0.246398142919882
0.264069264069264
0.264069264069264
0.264069264069264
0.193384779471736
Gen 236
0.264069264069264
0.256311562833302
0.264069264069264
0.264069264069264
0.264069264069264
0.233038459125416
Gen 237
0.264069264069264
0.260207666729405
0.264069264069264
0.264069264069264
0.264069264069264
0.248622874709831
Gen 238
0.264069264069264
0.255783298826777
0.264069264069264
0.264069264069264
0.264069264069264
0.230925403099316
Gen 239
0.264069264069264
0.263561954953259
0.264069264069264
0.264069264069264
0.264069264069264
0.262040027605245
Gen 240
0.264069264069264
0.249016500407804
0.264069264069264
0.264069264069264
0.264069264069264
0.203858209423427
Gen 241
0.264069264069264
0.250436288349332
0.264069264069264
0.264069264069264
0.264069264069264
0.209537361189535
Gen 242
0.264069264069264
0.256202647593952
0.264069264069264
0.264069264069264
0.264069264069264
0.232602798168016
Gen 243
0.264069264069264
0.259968881360185
0.264069264069264
0.264069264069264
0.264069264069264
0.247667733232951
Gen 244
0.264069264069264
0.252185457055022
0.264069264069264
0.264069264069264
0.264069264069264
0.216534036012297
Gen 245
0.264069264069264
0.261103205972771
0.264069264069264
0.264069264069264
0.264069264069264
0.252205031683293
Gen 246
0.264069264069264
0.25991994478951
0.264069264069264
0.264069264069264
0.264069264069264
0.247471986950248
Gen 247
0.264069264069264
0.250472175167827
0.264069264069264
0.264069264069264
0.264069264069264
0.209680908463517
Gen 248
0.264069264069264
0.25505100696405
0.264069264069264
0.264069264069264
0.264069264069264
0.227996235648409
Gen 249
0.264069264069264
0.25364815860468
0.264069264069264
0.264069264069264
0.264069264069264
0.222384842210929
Gen 250
0.264069264069264
0.255955455172846
0.264069264069264
0.264069264069264
0.264069264069264
0.231614028483594
Gen 251
0.264069264069264
0.253811907898864
0.264069264069264
0.264069264069264
0.264069264069264
0.223039839387665
Gen 252
0.264069264069264
0.25205633979547
0.264069264069264
0.264069264069264
0.264069264069264
0.216017566974089
Gen 253
0.264069264069264
0.260340673818934
0.264069264069264
0.264069264069264
0.264069264069264
0.249154903067946
Gen 254
0.264069264069264
0.254712089842524
0.264069264069264
0.264069264069264
0.264069264069264
0.226640567162306
Gen 255
0.264069264069264
0.259562582345191
0.264069264069264
0.264069264069264
0.264069264069264
0.246042537172972
Gen 256
0.264069264069264
0.259870129870129
0.264069264069264
0.264069264069264
0.264069264069264
0.247272727272727
Gen 257
0.264069264069264
0.263073593073593
0.264069264069264
0.264069264069264
0.264069264069264
0.26008658008658
Gen 258
0.264069264069264
0.260481962481962
0.264069264069264
0.264069264069264
0.264069264069264
0.249720057720058
Gen 259
0.264069264069264
0.256205533596838
0.264069264069264
0.264069264069264
0.264069264069264
0.232614342179559
Gen 260
0.264069264069264
0.260078925905013
0.264069264069264
0.264069264069264
0.264069264069264
0.248107911412259
Gen 261
0.264069264069264
0.253165192295627
0.264069264069264
0.264069264069264
0.264069264069264
0.220452976974716
Gen 262
0.264069264069264
0.25159043854696
0.264069264069264
0.264069264069264
0.264069264069264
0.214153961980049
Gen 263
0.264069264069264
0.252913608130999
0.264069264069264
0.264069264069264
0.264069264069264
0.219446640316205
Gen 264
0.264069264069264
0.253887947800991
0.264069264069264
0.264069264069264
0.264069264069264
0.223343998996173
Gen 265
0.264069264069264
0.254225359181881
0.264069264069264
0.264069264069264
0.264069264069264
0.224693644519731
Gen 266
0.264069264069264
0.258818244557375
0.264069264069264
0.264069264069264
0.264069264069264
0.243065186021708
Gen 267
0.264069264069264
0.263147499843152
0.264069264069264
0.264069264069264
0.264069264069264
0.260382207164816
Gen 268
0.264069264069264
0.257532467532467
0.264069264069264
0.264069264069264
0.264069264069264
0.237922077922078
Gen 269
0.264069264069264
0.250866679214505
0.264069264069264
0.264069264069264
0.264069264069264
0.211258924650229
Gen 270
0.264069264069264
0.254804065499717
0.264069264069264
0.264069264069264
0.264069264069264
0.227008469791078
Gen 271
0.264069264069264
0.25788179936006
0.264069264069264
0.264069264069264
0.264069264069264
0.239319405232449
Gen 272
0.264069264069264
0.254574189095928
0.264069264069264
0.264069264069264
0.264069264069264
0.226088964175921
Gen 273
0.264069264069264
0.254199134199134
0.264069264069264
0.264069264069264
0.264069264069264
0.224588744588745
Gen 274
0.264069264069264
0.25501185770751
0.264069264069264
0.264069264069264
0.264069264069264
0.227839638622247
Gen 275
0.264069264069264
0.25479641131815
0.264069264069264
0.264069264069264
0.264069264069264
0.226977853064809
Gen 276
0.264069264069264
0.257038710082188
0.264069264069264
0.264069264069264
0.264069264069264
0.235947048120961
Gen 277
0.264069264069264
0.261982558504297
0.264069264069264
0.264069264069264
0.264069264069264
0.255722441809398
Gen 278
0.264069264069264
0.261982558504297
0.264069264069264
0.264069264069264
0.264069264069264
0.255722441809398
Gen 279
0.264069264069264
0.256652236652236
0.264069264069264
0.264069264069264
0.264069264069264
0.234401154401154
Gen 280
0.264069264069264
0.251419787941527
0.264069264069264
0.264069264069264
0.264069264069264
0.213471359558316
Gen 281
0.264069264069264
0.25514273166447
0.264069264069264
0.264069264069264
0.264069264069264
0.228363134450091
Gen 282
0.264069264069264
0.248129744651483
0.264069264069264
0.264069264069264
0.264069264069264
0.200311186398143
Gen 283
0.264069264069264
0.255095300834431
0.264069264069264
0.264069264069264
0.264069264069264
0.228173411129933
Gen 284
0.264069264069264
0.256446075663467
0.264069264069264
0.264069264069264
0.264069264069264
0.233576510446076
Gen 285
0.264069264069264
0.255407114624506
0.264069264069264
0.264069264069264
0.264069264069264
0.229420666290231
Gen 286
0.264069264069264
0.258498023715415
0.264069264069264
0.264069264069264
0.264069264069264
0.241784302653868
Gen 287
0.264069264069264
0.257441119267206
0.264069264069264
0.264069264069264
0.264069264069264
0.237556684861033
Gen 288
0.264069264069264
0.254883367839889
0.264069264069264
0.264069264069264
0.264069264069264
0.227325679151766
Gen 289
0.264069264069264
0.261911537737624
0.264069264069264
0.264069264069264
0.264069264069264
0.255438358742706
Gen 290
0.264069264069264
0.260049187527448
0.264069264069264
0.264069264069264
0.264069264069264
0.247988957902001
Gen 291
0.264069264069264
0.257668235146496
0.264069264069264
0.264069264069264
0.264069264069264
0.238465148378192
Gen 292
0.264069264069264
0.255351527699353
0.264069264069264
0.264069264069264
0.264069264069264
0.229198318589623
Gen 293
0.264069264069264
0.254788757136583
0.264069264069264
0.264069264069264
0.264069264069264
0.226947236338541
Gen 294
0.264069264069264
0.249936131501349
0.264069264069264
0.264069264069264
0.264069264069264
0.207536733797603
Gen 295
0.264069264069264
0.254995796474057
0.264069264069264
0.264069264069264
0.264069264069264
0.227775393688437
Gen 296
0.264069264069264
0.247281385281385
0.264069264069264
0.264069264069264
0.264069264069264
0.196917748917749
Gen 297
0.264069264069264
0.260593136332266
0.264069264069264
0.264069264069264
0.264069264069264
0.250164753121275
Gen 298
0.264069264069264
0.255225170964301
0.264069264069264
0.264069264069264
0.264069264069264
0.228692891649413
Gen 299
0.264069264069264
0.259675261936131
0.264069264069264
0.264069264069264
0.264069264069264
0.246493255536734
Gen 300
0.264069264069264
0.254610326871196
0.264069264069264
0.264069264069264
0.264069264069264
0.226233515276993
Gen 301
0.264069264069264
0.255740008783487
0.264069264069264
0.264069264069264
0.264069264069264
0.230752242926156
Gen 302
0.264069264069264
0.254484597528075
0.264069264069264
0.264069264069264
0.264069264069264
0.225730597904511
Gen 303
0.264069264069264
0.257489177489177
0.264069264069264
0.264069264069264
0.264069264069264
0.237748917748918
Gen 304
0.264069264069264
0.249802747976661
0.264069264069264
0.264069264069264
0.264069264069264
0.207003199698852
Gen 305
0.264069264069264
0.251317899491812
0.264069264069264
0.264069264069264
0.264069264069264
0.213063805759458
Gen 306
0.264069264069264
0.254084321475625
0.264069264069264
0.264069264069264
0.264069264069264
0.224129493694711
Gen 307
0.264069264069264
0.254537172971955
0.264069264069264
0.264069264069264
0.264069264069264
0.22594089968003
Gen 308
0.264069264069264
0.256134261873392
0.264069264069264
0.264069264069264
0.264069264069264
0.232329255285777
Gen 309
0.264069264069264
0.262407177363699
0.264069264069264
0.264069264069264
0.264069264069264
0.257420917247004
Gen 310
0.264069264069264
0.252196122717862
0.264069264069264
0.264069264069264
0.264069264069264
0.216576698663655
Gen 311
0.264069264069264
0.258832423615032
0.264069264069264
0.264069264069264
0.264069264069264
0.243121902252337
Gen 312
0.264069264069264
0.261237844281322
0.264069264069264
0.264069264069264
0.264069264069264
0.252743584917498
Gen 313
0.264069264069264
0.261536733797603
0.264069264069264
0.264069264069264
0.264069264069264
0.253939142982621
Gen 314
0.264069264069264
0.259987075726206
0.264069264069264
0.264069264069264
0.264069264069264
0.247740510697032
Gen 315
0.264069264069264
0.253852813852813
0.264069264069264
0.264069264069264
0.264069264069264
0.223203463203463
Gen 316
0.264069264069264
0.246883116883117
0.264069264069264
0.264069264069264
0.264069264069264
0.195324675324675
Gen 317
0.264069264069264
0.261774891774891
0.264069264069264
0.264069264069264
0.264069264069264
0.254891774891775
Gen 318
0.264069264069264
0.259004329004329
0.264069264069264
0.264069264069264
0.264069264069264
0.243809523809524
Gen 319
0.264069264069264
0.257965367965368
0.264069264069264
0.264069264069264
0.264069264069264
0.23965367965368
Gen 320
0.264069264069264
0.263073593073593
0.264069264069264
0.264069264069264
0.264069264069264
0.26008658008658
Gen 321
0.264069264069264
0.255174101261057
0.264069264069264
0.264069264069264
0.264069264069264
0.228488612836439
Gen 322
0.264069264069264
0.255064935064935
0.264069264069264
0.264069264069264
0.264069264069264
0.228051948051948
Gen 323
0.264069264069264
0.25991341991342
0.264069264069264
0.264069264069264
0.264069264069264
0.247445887445887
Gen 324
0.264069264069264
0.2473042223477
0.264069264069264
0.264069264069264
0.264069264069264
0.19700909718301
Gen 325
0.264069264069264
0.251554300771692
0.264069264069264
0.264069264069264
0.264069264069264
0.214009410878976
Gen 326
0.264069264069264
0.258653867871259
0.264069264069264
0.264069264069264
0.264069264069264
0.242407679277244
Gen 327
0.264069264069264
0.257748917748917
0.264069264069264
0.264069264069264
0.264069264069264
0.238787878787879
Gen 328
0.264069264069264
0.257922077922078
0.264069264069264
0.264069264069264
0.264069264069264
0.239480519480519
Gen 329
0.264069264069264
0.257706506054332
0.264069264069264
0.264069264069264
0.264069264069264
0.238618232009536
Gen 330
0.264069264069264
0.251472739820566
0.264069264069264
0.264069264069264
0.264069264069264
0.213683167074471
Gen 331
0.264069264069264
0.258866553736119
0.264069264069264
0.264069264069264
0.264069264069264
0.243258422736684
Gen 332
0.264069264069264
0.261852688374427
0.264069264069264
0.264069264069264
0.264069264069264
0.255202961289918
Gen 333
0.264069264069264
0.260865800865801
0.264069264069264
0.264069264069264
0.264069264069264
0.251255411255411
Gen 334
0.264069264069264
0.257229437229437
0.264069264069264
0.264069264069264
0.264069264069264
0.236709956709957
Gen 335
0.264069264069264
0.263506493506493
0.264069264069264
0.264069264069264
0.264069264069264
0.261818181818182
Gen 336
0.264069264069264
0.256982746721877
0.264069264069264
0.264069264069264
0.264069264069264
0.235723194679716
Gen 337
0.264069264069264
0.254013802622498
0.264069264069264
0.264069264069264
0.264069264069264
0.223847418282201
Gen 338
0.264069264069264
0.263013237969759
0.264069264069264
0.264069264069264
0.264069264069264
0.259845159671247
Gen 339
0.264069264069264
0.260372545329067
0.264069264069264
0.264069264069264
0.264069264069264
0.249282389108476
Gen 340
0.264069264069264
0.261125541125541
0.264069264069264
0.264069264069264
0.264069264069264
0.252294372294372
Gen 341
0.264069264069264
0.253636363636363
0.264069264069264
0.264069264069264
0.264069264069264
0.222337662337662
Gen 342
0.264069264069264
0.256112805069326
0.264069264069264
0.264069264069264
0.264069264069264
0.232243428069515
Gen 343
0.264069264069264
0.251471359558316
0.264069264069264
0.264069264069264
0.264069264069264
0.213677646025472
Gen 344
0.264069264069264
0.252900432900433
0.264069264069264
0.264069264069264
0.264069264069264
0.219393939393939
Gen 345
0.264069264069264
0.259130058347449
0.264069264069264
0.264069264069264
0.264069264069264
0.244312441182006
Gen 346
0.264069264069264
0.252160361377752
0.264069264069264
0.264069264069264
0.264069264069264
0.216433653303218
Gen 347
0.264069264069264
0.255451533973273
0.264069264069264
0.264069264069264
0.264069264069264
0.2295983436853
Gen 348
0.264069264069264
0.25100633665851
0.264069264069264
0.264069264069264
0.264069264069264
0.21181755442625
Gen 349
0.264069264069264
0.255223037831733
0.264069264069264
0.264069264069264
0.264069264069264
0.228684359119142
Gen 350
0.264069264069264
0.247650291737248
0.264069264069264
0.264069264069264
0.264069264069264
0.198393374741201
Gen 351
0.264069264069264
0.260823389171215
0.264069264069264
0.264069264069264
0.264069264069264
0.251085764477069
Gen 352
0.264069264069264
0.255238095238095
0.264069264069264
0.264069264069264
0.264069264069264
0.228744588744589
Gen 353
0.264069264069264
0.258051948051948
0.264069264069264
0.264069264069264
0.264069264069264
0.24
Gen 354
0.264069264069264
0.2504329004329
0.264069264069264
0.264069264069264
0.264069264069264
0.209523809523809
Gen 355
0.264069264069264
0.260813727335466
0.264069264069264
0.264069264069264
0.264069264069264
0.251047117134074
Gen 356
0.264069264069264
0.257999874521613
0.264069264069264
0.264069264069264
0.264069264069264
0.239791705878662
Gen 357
0.264069264069264
0.259991216512955
0.264069264069264
0.264069264069264
0.264069264069264
0.24775707384403
Gen 358
0.264069264069264
0.259636112679591
0.264069264069264
0.264069264069264
0.264069264069264
0.246336658510571
Gen 359
0.264069264069264
0.255748792270531
0.264069264069264
0.264069264069264
0.264069264069264
0.230787376874333
Gen 360
0.264069264069264
0.260266641570989
0.264069264069264
0.264069264069264
0.264069264069264
0.248858774076165
Gen 361
0.264069264069264
0.253353409875149
0.264069264069264
0.264069264069264
0.264069264069264
0.221205847292804
Gen 362
0.264069264069264
0.256838070142418
0.264069264069264
0.264069264069264
0.264069264069264
0.23514448836188
Gen 363
0.264069264069264
0.254225986573812
0.264069264069264
0.264069264069264
0.264069264069264
0.224696154087458
Gen 364
0.264069264069264
0.25667821067821
0.264069264069264
0.264069264069264
0.264069264069264
0.23450505050505
Gen 365
0.264069264069264
0.259121274860405
0.264069264069264
0.264069264069264
0.264069264069264
0.244277307233829
Gen 366
0.264069264069264
0.251926093230441
0.264069264069264
0.264069264069264
0.264069264069264
0.215496580713972
Gen 367
0.264069264069264
0.25668235146496
0.264069264069264
0.264069264069264
0.264069264069264
0.234521613652048
Gen 368
0.264069264069264
0.249885814668423
0.264069264069264
0.264069264069264
0.264069264069264
0.207335466465901
Gen 369
0.264069264069264
0.250645209862601
0.264069264069264
0.264069264069264
0.264069264069264
0.210373047242612
Gen 370
0.264069264069264
0.258827028044419
0.264069264069264
0.264069264069264
0.264069264069264
0.243100319969885
Gen 371
0.264069264069264
0.260804943848422
0.264069264069264
0.264069264069264
0.264069264069264
0.251011983185896
Gen 372
0.264069264069264
0.262060355103833
0.264069264069264
0.264069264069264
0.264069264069264
0.256033628207541
Gen 373
0.264069264069264
0.258744588744588
0.264069264069264
0.264069264069264
0.264069264069264
0.242770562770563
Gen 374
0.264069264069264
0.252467532467532
0.264069264069264
0.264069264069264
0.264069264069264
0.217662337662338
Gen 375
0.264069264069264
0.256229625447016
0.264069264069264
0.264069264069264
0.264069264069264
0.232710709580275
Gen 376
0.264069264069264
0.257398456615848
0.264069264069264
0.264069264069264
0.264069264069264
0.237386034255599
Gen 377
0.264069264069264
0.253459062676454
0.264069264069264
0.264069264069264
0.264069264069264
0.221628458498024
Gen 378
0.264069264069264
0.258095238095238
0.264069264069264
0.264069264069264
0.264069264069264
0.24017316017316
Gen 379
0.264069264069264
0.262380952380952
0.264069264069264
0.264069264069264
0.264069264069264
0.257316017316017
Gen 380
0.264069264069264
0.257520045172219
0.264069264069264
0.264069264069264
0.264069264069264
0.237872388481084
Gen 381
0.264069264069264
0.254017692452475
0.264069264069264
0.264069264069264
0.264069264069264
0.223862977602108
Gen 382
0.264069264069264
0.254956019825585
0.264069264069264
0.264069264069264
0.264069264069264
0.227616287094548
Gen 383
0.264069264069264
0.253133069828722
0.264069264069264
0.264069264069264
0.264069264069264
0.220324487107096
Gen 384
0.264069264069264
0.257635234330886
0.264069264069264
0.264069264069264
0.264069264069264
0.238333145115754
Gen 385
0.264069264069264
0.257096932053454
0.264069264069264
0.264069264069264
0.264069264069264
0.236179936006023
Gen 386
0.264069264069264
0.25580174414957
0.264069264069264
0.264069264069264
0.264069264069264
0.230999184390489
Gen 387
0.264069264069264
0.251641759206976
0.264069264069264
0.264069264069264
0.264069264069264
0.214359244620114
Gen 388
0.264069264069264
0.260031746031746
0.264069264069264
0.264069264069264
0.264069264069264
0.247919191919192
Gen 389
0.264069264069264
0.261978417717548
0.264069264069264
0.264069264069264
0.264069264069264
0.2557058786624
Gen 390
0.264069264069264
0.255835372357111
0.264069264069264
0.264069264069264
0.264069264069264
0.231133697220654
Gen 391
0.264069264069264
0.262857142857143
0.264069264069264
0.264069264069264
0.264069264069264
0.259220779220779
Gen 392
0.268398268398268
0.261645021645021
0.264242424242424
0.264069264069264
0.264069264069264
0.254199134199134
Gen 393
0.268398268398268
0.255735240604806
0.264761904761905
0.264069264069264
0.264069264069264
0.23004052951879
Gen 394
0.268398268398268
0.256885250015685
0.265454545454546
0.264069264069264
0.264069264069264
0.233947926469666
Gen 395
0.268398268398268
0.259588054457619
0.266666666666667
0.264069264069264
0.264069264069264
0.243547023025284
Gen 396
0.268398268398268
0.262294372294372
0.268398268398268
0.264761904761905
0.264069264069264
0.251948051948052
Gen 397
0.268398268398268
0.262813852813853
0.268398268398268
0.267532467532468
0.264069264069264
0.251255411255411
Gen 398
0.268398268398268
0.253714411192672
0.268398268398268
0.268398268398268
0.264588744588745
0.213472363385407
Gen 399
0.268398268398268
0.25958391367087
0.268398268398268
0.268398268398268
0.266839826839827
0.234699291047117
Gen 400
0.268398268398268
0.261084384214819
0.268398268398268
0.268398268398268
0.267012987012987
0.240528013049752
Gen 401
0.268398268398268
0.260264759395194
0.268398268398268
0.268398268398268
0.268398268398268
0.235864232385972
Gen 402
0.268398268398268
0.252787376874333
0.268398268398268
0.268398268398268
0.268398268398268
0.205954702302528
Gen 403
0.268398268398268
0.260206662902315
0.268398268398268
0.268398268398268
0.268398268398268
0.235631846414455
Gen 404
0.268398268398268
0.262093857832988
0.268398268398268
0.268398268398268
0.268398268398268
0.243180626137148
Gen 405
0.268398268398268
0.254608695652174
0.268398268398268
0.268398268398268
0.268398268398268
0.21323997741389
Gen 406
0.268398268398268
0.25805910031997
0.268398268398268
0.268398268398268
0.268398268398268
0.227041596085074
Gen 407
0.268398268398268
0.26177288412071
0.268398268398268
0.268398268398268
0.268398268398268
0.241896731288036
Gen 408
0.270531400966184
0.262577953447519
0.268483593700985
0.268398268398268
0.268398268398268
0.245031683292553
Gen 409
0.270531400966184
0.265176234393626
0.268483593700985
0.268398268398268
0.268398268398268
0.255424807076981
Gen 410
0.270531400966184
0.265543886065625
0.268568919003702
0.268398268398268
0.268398268398268
0.256810088462262
Gen 411
0.270531400966184
0.264032247945291
0.268739569609135
0.268398268398268
0.268398268398268
0.250592885375494
Gen 412
0.270531400966184
0.265800865800866
0.269080870820001
0.268398268398268
0.268398268398268
0.257326055586925
Gen 413
0.270531400966184
0.259430579082753
0.269763473241734
0.268398268398268
0.268398268398268
0.231162306292741
Gen 414
0.270531400966184
0.259990212685865
0.270531400966184
0.268483593700985
0.268398268398268
0.232547587678022
Gen 415
0.270531400966184
0.263099567099567
0.270531400966184
0.270531400966184
0.268483593700985
0.242851872764916
Gen 416
0.270531400966184
0.261232448710709
0.270531400966184
0.270531400966184
0.269251521425434
0.234615471485037
Gen 417
0.271497584541063
0.263874270656879
0.270570048309179
0.270531400966184
0.270446075663467
0.243949557688688
Gen 418
0.271497584541063
0.25893180249702
0.270570048309179
0.270531400966184
0.270446075663467
0.22417968504925
Gen 419
0.271497584541063
0.265262563523433
0.270608695652174
0.270531400966184
0.270531400966184
0.249378756509191
Gen 420
0.303030303030303
0.267269966748228
0.273247255160299
0.270531400966184
0.270531400966184
0.254769809900245
Gen 421
0.303030303030303
0.2682941213376
0.27631093544137
0.270531400966184
0.270531400966184
0.255802747976661
Gen 422
0.303030303030303
0.265866867432085
0.281493694711086
0.270531400966184
0.270531400966184
0.240910973084886
Gen 423
0.303030303030303
0.271991216512956
0.292494635798984
0.271111111111111
0.270531400966184
0.253827718175544
Gen 424
0.303030303030303
0.274818119078989
0.3004329004329
0.276258736432649
0.270570048309179
0.252010791141226
Gen 425
0.303030303030303
0.280415960850744
0.303030303030303
0.294720120459251
0.271729468599034
0.252183951314386
Gen 426
0.303030303030303
0.287546019198193
0.303030303030303
0.303030303030303
0.286891272978229
0.257232197753937
Gen 427
0.303030303030303
0.289022021456804
0.303030303030303
0.303030303030303
0.29544990275425
0.25457757701236
Gen 428
0.303030303030303
0.289546270154966
0.303030303030303
0.303030303030303
0.298961791831357
0.2531626827279
Gen 429
0.303030303030303
0.287613401091662
0.303030303030303
0.303030303030303
0.303030303030303
0.241362695275739
Gen 430
0.303030303030303
0.291652048434658
0.303030303030303
0.303030303030303
0.303030303030303
0.257517284647719
Gen 431
0.303030303030303
0.289844532279315
0.303030303030303
0.303030303030303
0.303030303030303
0.250287220026351
Gen 432
0.303030303030303
0.283285149632976
0.303030303030303
0.303030303030303
0.303030303030303
0.224049689440994
Gen 433
0.303030303030303
0.295700608570174
0.303030303030303
0.303030303030303
0.303030303030303
0.273711525189786
Gen 434
0.303030303030303
0.295245122027731
0.303030303030303
0.303030303030303
0.303030303030303
0.271889579020014
Gen 435
0.303030303030303
0.300544450718364
0.303030303030303
0.303030303030303
0.303030303030303
0.293086893782546
Gen 436
0.303030303030303
0.293539243365331
0.303030303030303
0.303030303030303
0.303030303030303
0.265066064370412
Gen 437
0.303030303030303
0.296107158541942
0.303030303030303
0.303030303030303
0.303030303030303
0.275337725076856
Gen 438
0.32034632034632
0.296168517472866
0.303722943722944
0.303030303030303
0.303030303030303
0.274890520107911
Gen 439
0.337662337662338
0.297835497835498
0.305108225108225
0.303030303030303
0.303030303030303
0.28017316017316
Gen 440
0.337662337662338
0.296590250329381
0.308744588744589
0.303030303030303
0.303030303030303
0.271555806512328
Gen 441
0.337662337662338
0.298234644582471
0.317229437229437
0.303030303030303
0.303030303030303
0.269648535039839
Gen 442
0.337662337662338
0.300735930735931
0.331082251082251
0.303376623376623
0.303030303030303
0.265454545454545
Gen 443
0.337662337662338
0.309837003576135
0.337662337662338
0.327099567099567
0.303722943722944
0.270863165819688
Gen 444
0.337662337662338
0.31439375117636
0.337662337662338
0.334891774891775
0.306666666666667
0.27835422548466
Gen 445
0.337662337662338
0.319177489177489
0.337662337662338
0.337662337662338
0.317748917748918
0.283636363636364
Gen 446
0.341991341991342
0.31807867494824
0.337835497835498
0.337662337662338
0.33004329004329
0.266773574251835
Gen 447
0.341991341991342
0.321715038584604
0.338008658008658
0.337662337662338
0.337142857142857
0.274046301524562
Gen 448
0.341991341991342
0.323619800489365
0.338354978354978
0.337662337662338
0.337662337662338
0.280799548277809
Gen 449
0.341991341991342
0.318664408055712
0.338701298701299
0.337662337662338
0.337662337662338
0.260631658196876
Gen 450
0.341991341991342
0.3249448522492
0.339220779220779
0.337662337662338
0.337662337662338
0.285233954451346
Gen 451
0.341991341991342
0.327142857142857
0.340952380952381
0.337662337662338
0.337662337662338
0.292294372294372
Gen 452
0.341991341991342
0.326044042913608
0.341991341991342
0.339220779220779
0.337662337662338
0.285301712779974
Gen 453
0.341991341991342
0.337835497835498
0.341991341991342
0.341991341991342
0.338701298701299
0.328658008658009
Gen 454
0.341991341991342
0.334588744588744
0.341991341991342
0.341991341991342
0.341125541125541
0.313246753246753
Gen 455
0.341991341991342
0.337922077922078
0.341991341991342
0.341991341991342
0.341991341991342
0.325714285714286
Gen 456
0.341991341991342
0.33722454357237
0.341991341991342
0.341991341991342
0.341991341991342
0.322924148315453
Gen 457
0.341991341991342
0.335238095238095
0.341991341991342
0.341991341991342
0.341991341991342
0.314978354978355
Gen 458
0.341991341991342
0.337050630528891
0.341991341991342
0.341991341991342
0.341991341991342
0.32222849614154
Gen 459
0.341991341991342
0.327839638622247
0.341991341991342
0.341991341991342
0.341991341991342
0.285384528514963
Gen 460
0.341991341991342
0.331420289855072
0.341991341991342
0.341991341991342
0.341991341991342
0.299707133446264
Gen 461
0.341991341991342
0.333852813852814
0.341991341991342
0.341991341991342
0.341991341991342
0.309437229437229
Gen 462
0.341991341991342
0.328419223288789
0.341991341991342
0.341991341991342
0.341991341991342
0.287702867181128
Gen 463
0.341991341991342
0.332034632034632
0.341991341991342
0.341991341991342
0.341991341991342
0.302164502164502
Gen 464
0.341991341991342
0.326433904259991
0.341991341991342
0.341991341991342
0.341991341991342
0.279761591065939
Gen 465
0.341991341991342
0.32517849300458
0.341991341991342
0.341991341991342
0.341991341991342
0.274739946044294
Gen 466
0.341991341991342
0.333722943722944
0.341991341991342
0.341991341991342
0.341991341991342
0.308917748917749
Gen 467
0.341991341991342
0.330860154338415
0.341991341991342
0.341991341991342
0.341991341991342
0.297466591379635
Gen 468
0.341991341991342
0.32566534914361
0.341991341991342
0.341991341991342
0.341991341991342
0.276687370600414
Gen 469
0.341991341991342
0.323030303030303
0.341991341991342
0.341991341991342
0.341991341991342
0.266147186147186
Gen 470
0.341991341991342
0.332034632034632
0.341991341991342
0.341991341991342
0.341991341991342
0.302164502164502
Gen 471
0.341991341991342
0.324916243177113
0.341991341991342
0.341991341991342
0.341991341991342
0.273690946734425
Gen 472
0.341991341991342
0.333271221532091
0.341991341991342
0.341991341991342
0.341991341991342
0.307110860154338
Gen 473
0.341991341991342
0.334935064935065
0.341991341991342
0.341991341991342
0.341991341991342
0.313766233766234
Gen 474
0.341991341991342
0.335584415584416
0.341991341991342
0.341991341991342
0.341991341991342
0.316363636363636
Gen 475
0.341991341991342
0.330562770562771
0.341991341991342
0.341991341991342
0.341991341991342
0.296277056277056
Gen 476
0.341991341991342
0.332294372294372
0.341991341991342
0.341991341991342
0.341991341991342
0.303203463203463
Gen 477
0.341991341991342
0.335377752682101
0.341991341991342
0.341991341991342
0.341991341991342
0.315536984754376
Gen 478
0.341991341991342
0.33
0.341991341991342
0.341991341991342
0.341991341991342
0.294025974025974
Gen 479
0.341991341991342
0.333939393939394
0.341991341991342
0.341991341991342
0.341991341991342
0.30978354978355
Gen 480
0.341991341991342
0.33435046113307
0.341991341991342
0.341991341991342
0.341991341991342
0.311427818558253
Gen 481
0.341991341991342
0.33004329004329
0.341991341991342
0.341991341991342
0.341991341991342
0.294199134199134
Gen 482
0.341991341991342
0.330484973963235
0.341991341991342
0.341991341991342
0.341991341991342
0.295965869878913
Gen 483
0.341991341991342
0.327584541062802
0.341991341991342
0.341991341991342
0.341991341991342
0.284364138277182
Gen 484
0.341991341991342
0.327194930673192
0.341991341991342
0.341991341991342
0.341991341991342
0.28280569671874
Gen 485
0.341991341991342
0.331428571428571
0.341991341991342
0.341991341991342
0.341991341991342
0.29974025974026
Gen 486
0.341991341991342
0.333421168203777
0.341991341991342
0.341991341991342
0.341991341991342
0.307710646841082
Gen 487
0.341991341991342
0.323576761402848
0.341991341991342
0.341991341991342
0.341991341991342
0.268333019637367
Gen 488
0.341991341991342
0.31978354978355
0.341991341991342
0.341991341991342
0.341991341991342
0.253160173160173
Gen 489
0.341991341991342
0.320909090909091
0.341991341991342
0.341991341991342
0.341991341991342
0.257662337662338
Gen 490
0.341991341991342
0.328869565217391
0.341991341991342
0.341991341991342
0.341991341991342
0.289504234895539
Gen 491
0.341991341991342
0.329903632599285
0.341991341991342
0.341991341991342
0.341991341991342
0.293640504423113
Gen 492
0.341991341991342
0.320374678461635
0.341991341991342
0.341991341991342
0.341991341991342
0.255524687872514
Gen 493
0.341991341991342
0.326838948491122
0.341991341991342
0.341991341991342
0.341991341991342
0.281381767990464
Gen 494
0.341991341991342
0.326801430453604
0.341991341991342
0.341991341991342
0.341991341991342
0.281231695840391
Gen 495
0.341991341991342
0.330610954263128
0.341991341991342
0.341991341991342
0.341991341991342
0.296469791078487
Gen 496
0.341991341991342
0.326228872576699
0.341991341991342
0.341991341991342
0.341991341991342
0.278941464332769
Gen 497
0.341991341991342
0.331683418031244
0.341991341991342
0.341991341991342
0.341991341991342
0.300759646150951
Gen 498
0.341991341991342
0.333166196122718
0.341991341991342
0.341991341991342
0.341991341991342
0.306690758516845
Gen 499
0.341991341991342
0.330530397139093
0.341991341991342
0.341991341991342
0.341991341991342
0.296147562582345
Gen 500
0.341991341991342
0.338582345191041
0.341991341991342
0.341991341991342
0.341991341991342
0.328355354790137
