Gen 1
0.029951690821256
0.0012463769065942
0.00498550732637681
1E-10
1E-10
1E-10
Gen 2
0.029951690821256
0.00148792279931402
0.00595169089725605
1E-10
1E-10
1E-10
Gen 3
0.038961038961039
0.00187753318792441
0.0075101324516976
1E-10
1E-10
1E-10
Gen 4
0.038961038961039
0.00197415154441233
0.00789660587764929
1E-10
1E-10
1E-10
Gen 5
0.038961038961039
0.00197415154441233
0.00789660587764929
1E-10
1E-10
1E-10
Gen 6
0.038961038961039
0.00197415154441233
0.00789660587764929
1E-10
1E-10
1E-10
Gen 7
0.038961038961039
0.00197415154441233
0.00789660587764929
1E-10
1E-10
1E-10
Gen 8
0.038961038961039
0.00236376193302272
0.00945504743209085
1E-10
1E-10
1E-10
Gen 9
0.038961038961039
0.00236376193302272
0.00945504743209085
1E-10
1E-10
1E-10
Gen 10
0.072463768115942
0.00308839961318214
0.0123535981527285
1E-10
1E-10
1E-10
Gen 11
0.072463768115942
0.00462463149424011
0.0184985256769604
1E-10
1E-10
1E-10
Gen 12
0.072463768115942
0.00504975226418697
0.0201990087567479
1E-10
1E-10
1E-10
Gen 13
0.072463768115942
0.00504975226418697
0.0201990087567479
1E-10
1E-10
1E-10
Gen 14
0.0779220779220779
0.00738741459884931
0.0295496580953972
1E-10
1E-10
1E-10
Gen 15
0.0779220779220779
0.00997038717682189
0.0398815484072875
1E-10
1E-10
1E-10
Gen 16
0.0779220779220779
0.00997038717682189
0.0398815484072875
1E-10
1E-10
1E-10
Gen 17
0.0779220779220779
0.0101153147120538
0.0404612585482151
1E-10
1E-10
1E-10
Gen 18
0.0779220779220779
0.0101153147120538
0.0404612585482151
1E-10
1E-10
1E-10
Gen 19
0.0779220779220779
0.0107736998082215
0.0430947989328859
1E-10
1E-10
1E-10
Gen 20
0.0779220779220779
0.0106075664256968
0.0424302654027871
1E-10
1E-10
1E-10
Gen 21
0.0779220779220779
0.0106075664256968
0.0424302654027871
1E-10
1E-10
1E-10
Gen 22
0.0779220779220779
0.011050128692346
0.044200514469384
1E-10
1E-10
1E-10
Gen 23
0.0779220779220779
0.0119583412467325
0.0463261183261183
0.0015072464608116
1E-10
1E-10
Gen 24
0.0779220779220779
0.0105209863401167
0.0420839450604668
1E-10
1E-10
1E-10
Gen 25
0.0779220779220779
0.0105209863401167
0.0420839450604668
1E-10
1E-10
1E-10
Gen 26
0.0779220779220779
0.0105209863401167
0.0420839450604668
1E-10
1E-10
1E-10
Gen 27
0.0779220779220779
0.0105209863401167
0.0420839450604668
1E-10
1E-10
1E-10
Gen 28
0.0779220779220779
0.0110404668575972
0.0441618671303889
1E-10
1E-10
1E-10
Gen 29
0.0779220779220779
0.0112136270297574
0.0448545078190295
1E-10
1E-10
1E-10
Gen 30
0.0995169082125604
0.0115161554212423
0.0460646213849692
1E-10
1E-10
1E-10
Gen 31
0.0995169082125604
0.0115161554212423
0.0460646213849692
1E-10
1E-10
1E-10
Gen 32
0.0995169082125604
0.011213125119212
0.044852500176848
1E-10
1E-10
1E-10
Gen 33
0.0995169082125604
0.0115899367094149
0.0463597465376596
1E-10
1E-10
1E-10
Gen 34
0.0995169082125604
0.0109157413415674
0.0436629650662694
1E-10
1E-10
1E-10
Gen 35
0.0995169082125604
0.0118109041477736
0.0472436162910946
1E-10
1E-10
1E-10
Gen 36
0.0995169082125604
0.010680469369165
0.0427218771766598
1E-10
1E-10
1E-10
Gen 37
0.0995169082125604
0.0106611456996674
0.0426445824986694
1E-10
1E-10
1E-10
Gen 38
0.0995169082125604
0.0106611456996674
0.0426445824986694
1E-10
1E-10
1E-10
Gen 39
0.0995169082125604
0.0106611456996674
0.0426445824986694
1E-10
1E-10
1E-10
Gen 40
0.0995169082125604
0.0123809524609524
0.0495238095438095
1E-10
1E-10
1E-10
Gen 41
0.0995169082125604
0.0109691951381516
0.0438767802526063
1E-10
1E-10
1E-10
Gen 42
0.0995169082125604
0.0148652990292555
0.0594611958170219
1E-10
1E-10
1E-10
Gen 43
0.0995169082125604
0.0147547525698829
0.0590190099795317
1E-10
1E-10
1E-10
Gen 44
0.0995169082125604
0.0152116193755758
0.0608464772023033
1E-10
1E-10
1E-10
Gen 45
0.0995169082125604
0.0152116193755758
0.0608464772023033
1E-10
1E-10
1E-10
Gen 46
0.0995169082125604
0.0152116193755758
0.0608464772023033
1E-10
1E-10
1E-10
Gen 47
0.0995169082125604
0.0152116193755758
0.0608464772023033
1E-10
1E-10
1E-10
Gen 48
0.0995169082125604
0.0165876153542675
0.0634438797917059
0.00290658142536395
1E-10
1E-10
Gen 49
0.0995169082125604
0.0150817492467057
0.0603269966868228
1E-10
1E-10
1E-10
Gen 50
0.0995169082125604
0.0150817492467057
0.0603269966868228
1E-10
1E-10
1E-10
Gen 51
0.0995169082125604
0.0166272665293534
0.0665090658174137
1E-10
1E-10
1E-10
Gen 52
0.0995169082125604
0.0157471611265089
0.0629886442060355
1E-10
1E-10
1E-10
Gen 53
0.0995169082125604
0.0124236151163107
0.0496944601652428
1E-10
1E-10
1E-10
Gen 54
0.0995169082125604
0.0130729657626613
0.0522918627506454
1E-10
1E-10
1E-10
Gen 55
0.0995169082125604
0.0130729657626613
0.0522918627506454
1E-10
1E-10
1E-10
Gen 56
0.0995169082125604
0.0137381266856918
0.0549525064427673
1E-10
1E-10
1E-10
Gen 57
0.0995169082125604
0.0160903445131705
0.0643613777526822
1E-10
1E-10
1E-10
Gen 58
0.0995169082125604
0.0145257545187979
0.0581030177751917
1E-10
1E-10
1E-10
Gen 59
0.0995169082125604
0.0145257545187979
0.0581030177751917
1E-10
1E-10
1E-10
Gen 60
0.0995169082125604
0.01525854829107
0.0610341928642799
1E-10
1E-10
1E-10
Gen 61
0.0995169082125604
0.0143525943456378
0.057410377082551
1E-10
1E-10
1E-10
Gen 62
0.0995169082125604
0.0172963172843607
0.0691852688374428
1E-10
1E-10
1E-10
Gen 63
0.0995169082125604
0.0173828973709408
0.0695315891837631
1E-10
1E-10
1E-10
Gen 64
0.0995169082125604
0.0176727524404046
0.0695315891837631
0.00115942037785507
1E-10
1E-10
Gen 65
0.0995169082125604
0.0194755004130656
0.0698779095300835
0.00802409192217881
1E-10
1E-10
Gen 66
0.0995169082125604
0.0200215823494519
0.0698779095300835
0.010208419667724
1E-10
1E-10
Gen 67
0.108225108225108
0.0202833302663737
0.0723021519543259
0.00883116891116884
1E-10
1E-10
Gen 68
0.108225108225108
0.020586360568404
0.0723021519543259
0.0100432901192901
1E-10
1E-10
Gen 69
0.108225108225108
0.0224911224691659
0.0723021519543259
0.0176623377223377
1E-10
1E-10
Gen 70
0.108225108225108
0.0204564904395339
0.0723021519543259
0.00952380960380953
1E-10
1E-10
Gen 71
0.108225108225108
0.0195041094891529
0.0723021519543259
0.00571428580228572
1E-10
1E-10
Gen 72
0.108225108225108
0.0198519355751094
0.0723021519543259
0.00710559014611181
1E-10
1E-10
Gen 73
0.108225108225108
0.0202415459637198
0.0723021519543259
0.00866403170055337
1E-10
1E-10
Gen 74
0.108225108225108
0.018551728538772
0.0723021519543259
0.00190476200076191
1E-10
1E-10
Gen 75
0.108225108225108
0.0168634168534603
0.0674536671138411
1E-10
1E-10
1E-10
Gen 76
0.108225108225108
0.0115928227163009
0.0463712905652036
1E-10
1E-10
1E-10
Gen 77
0.108225108225108
0.0115445135425569
0.0461780538702278
1E-10
1E-10
1E-10
Gen 78
0.12987012987013
0.0142621244300809
0.0570484974203235
1E-10
1E-10
1E-10
Gen 79
0.12987012987013
0.0144352846042411
0.0577411381169642
1E-10
1E-10
1E-10
Gen 80
0.12987012987013
0.014391994561951
0.057567977947804
1E-10
1E-10
1E-10
Gen 81
0.12987012987013
0.014391994561951
0.057567977947804
1E-10
1E-10
1E-10
Gen 82
0.12987012987013
0.014391994561951
0.057567977947804
1E-10
1E-10
1E-10
Gen 83
0.12987012987013
0.0160814355497398
0.0643257418989593
1E-10
1E-10
1E-10
Gen 84
0.12987012987013
0.0163218521369825
0.06528740824793
1E-10
1E-10
1E-10
Gen 85
0.12987012987013
0.0158205659875224
0.0632822636500897
1E-10
1E-10
1E-10
Gen 86
0.12987012987013
0.0188508690128255
0.0754034757513018
1E-10
1E-10
1E-10
Gen 87
0.12987012987013
0.0187209988839553
0.0748839952358213
1E-10
1E-10
1E-10
Gen 88
0.12987012987013
0.0185911287550852
0.0743645147203408
1E-10
1E-10
1E-10
Gen 89
0.171014492753623
0.0203012736816214
0.0812050944264857
1E-10
1E-10
1E-10
Gen 90
0.171014492753623
0.0203012736816214
0.0812050944264857
1E-10
1E-10
1E-10
Gen 91
0.171014492753623
0.0203012736816214
0.0812050944264857
1E-10
1E-10
1E-10
Gen 92
0.171014492753623
0.0203012736816214
0.0812050944264857
1E-10
1E-10
1E-10
Gen 93
0.171014492753623
0.0174987139275399
0.0699948554101597
1E-10
1E-10
1E-10
Gen 94
0.171014492753623
0.0174987139275399
0.0699948554101597
1E-10
1E-10
1E-10
Gen 95
0.171014492753623
0.0174987139275399
0.0699948554101597
1E-10
1E-10
1E-10
Gen 96
0.171014492753623
0.0174987139275399
0.0699948554101597
1E-10
1E-10
1E-10
Gen 97
0.171014492753623
0.0174987139275399
0.0699948554101597
1E-10
1E-10
1E-10
Gen 98
0.171014492753623
0.0174987139275399
0.0699948554101597
1E-10
1E-10
1E-10
Gen 99
0.171014492753623
0.0180181944460205
0.0720727774840818
1E-10
1E-10
1E-10
Gen 100
0.171014492753623
0.0180181944460205
0.0720727774840818
1E-10
1E-10
1E-10
Gen 101
0.171014492753623
0.018878097826663
0.0755123910066519
1E-10
1E-10
1E-10
Gen 102
0.171014492753623
0.0156313445849097
0.0625253780396389
1E-10
1E-10
1E-10
Gen 103
0.171014492753623
0.0171370852180851
0.0685483405723406
1E-10
1E-10
1E-10
Gen 104
0.171014492753623
0.0181327562107561
0.0725310245430245
1E-10
1E-10
1E-10
Gen 105
0.171014492753623
0.0181327562107561
0.0725310245430245
1E-10
1E-10
1E-10
Gen 106
0.171014492753623
0.0211762344686257
0.0847049375745028
1E-10
1E-10
1E-10
Gen 107
0.171014492753623
0.0209597842531755
0.0838391367127019
1E-10
1E-10
1E-10
Gen 108
0.171014492753623
0.0218516846243367
0.0874067381973469
1E-10
1E-10
1E-10
Gen 109
0.171014492753623
0.0246368028787159
0.0903504611330698
0.00819675018179359
1E-10
1E-10
Gen 110
0.171014492753623
0.0204526006175571
0.0818104021702283
1E-10
1E-10
1E-10
Gen 111
0.171014492753623
0.022752619438315
0.09101047745326
1E-10
1E-10
1E-10
Gen 112
0.171014492753623
0.022984127059127
0.0919365079365079
1E-10
1E-10
1E-10
Gen 113
0.171014492753623
0.0228975469745469
0.0915901875981876
1E-10
1E-10
1E-10
Gen 114
0.171014492753623
0.0228975469745469
0.0915901875981876
1E-10
1E-10
1E-10
Gen 115
0.171014492753623
0.0228975469745469
0.0915901875981876
1E-10
1E-10
1E-10
Gen 116
0.171014492753623
0.0228975469745469
0.0915901875981876
1E-10
1E-10
1E-10
Gen 117
0.171014492753623
0.0255010980088805
0.0998014931927975
0.00220289864272464
1E-10
1E-10
Gen 118
0.171014492753623
0.0267281511449772
0.0998014931927975
0.00711111118711112
1E-10
1E-10
Gen 119
0.171014492753623
0.0243010227248487
0.0972040905993949
1E-10
1E-10
1E-10
Gen 120
0.171014492753623
0.0199681285698676
0.0798725139794705
1E-10
1E-10
1E-10
Gen 121
0.171014492753623
0.0198715102133797
0.0794860405535188
1E-10
1E-10
1E-10
Gen 122
0.171014492753623
0.0214077420964377
0.0856309680857507
1E-10
1E-10
1E-10
Gen 123
0.171014492753623
0.021041470685688
0.084165882442752
1E-10
1E-10
1E-10
Gen 124
0.171014492753623
0.0208683105145278
0.0834732417581113
1E-10
1E-10
1E-10
Gen 125
0.171014492753623
0.0208683105145278
0.0834732417581113
1E-10
1E-10
1E-10
Gen 126
0.171014492753623
0.0222179560340864
0.0888718238363456
1E-10
1E-10
1E-10
Gen 127
0.171014492753623
0.0222179560340864
0.0888718238363456
1E-10
1E-10
1E-10
Gen 128
0.171014492753623
0.0222179560340864
0.0888718238363456
1E-10
1E-10
1E-10
Gen 129
0.171014492753623
0.0236898175069479
0.0947592697277915
1E-10
1E-10
1E-10
Gen 130
0.171014492753623
0.0236898175069479
0.0947592697277915
1E-10
1E-10
1E-10
Gen 131
0.171014492753623
0.0236898175069479
0.0947592697277915
1E-10
1E-10
1E-10
Gen 132
0.171014492753623
0.0236898175069479
0.0947592697277915
1E-10
1E-10
1E-10
Gen 133
0.171014492753623
0.0251004455232716
0.100401781793086
1E-10
1E-10
1E-10
Gen 134
0.171014492753623
0.024984503496286
0.0999380136851441
1E-10
1E-10
1E-10
Gen 135
0.171014492753623
0.0215254408228321
0.0861017629913282
1E-10
1E-10
1E-10
Gen 136
0.171014492753623
0.021438860737252
0.0857554426490079
1E-10
1E-10
1E-10
Gen 137
0.171014492753623
0.021438860737252
0.0857554426490079
1E-10
1E-10
1E-10
Gen 138
0.171014492753623
0.0228674321628234
0.0914697283512936
1E-10
1E-10
1E-10
Gen 139
0.171014492753623
0.0233436226380139
0.0933744902520555
1E-10
1E-10
1E-10
Gen 140
0.171014492753623
0.0208051948871948
0.0832207792487792
1E-10
1E-10
1E-10
Gen 141
0.171014492753623
0.0218441559221558
0.0873766233886233
1E-10
1E-10
1E-10
Gen 142
0.171014492753623
0.0221904762654762
0.0887619047619047
1E-10
1E-10
1E-10
Gen 143
0.171014492753623
0.0218441559221558
0.0873766233886233
1E-10
1E-10
1E-10
Gen 144
0.171014492753623
0.0221038961818961
0.0884155844275844
1E-10
1E-10
1E-10
Gen 145
0.171014492753623
0.0215844156644156
0.0863376623576623
1E-10
1E-10
1E-10
Gen 146
0.171014492753623
0.023012987089987
0.092051948059948
1E-10
1E-10
1E-10
Gen 147
0.171014492753623
0.023012987089987
0.092051948059948
1E-10
1E-10
1E-10
Gen 148
0.171014492753623
0.0234891775551775
0.0923982683982684
0.00155844162244156
1E-10
1E-10
Gen 149
0.171014492753623
0.0263704122664992
0.101202333897986
0.00427931496801054
1E-10
1E-10
Gen 150
0.171014492753623
0.0256036138515268
0.101202333897986
0.00121212130812121
1E-10
1E-10
Gen 151
0.171014492753623
0.0256036138515268
0.101202333897986
0.00121212130812121
1E-10
1E-10
Gen 152
0.171014492753623
0.0249975532474662
0.0999902126898649
1E-10
1E-10
1E-10
Gen 153
0.171014492753623
0.0270336910187344
0.102241294936947
0.0058934689379906
1E-10
1E-10
Gen 154
0.171014492753623
0.0248243930743061
0.0992975719972242
1E-10
1E-10
1E-10
Gen 155
0.19047619047619
0.0279849426656383
0.107089779785432
0.00484999067712102
1E-10
1E-10
Gen 156
0.19047619047619
0.0218579585486541
0.0874318338946165
1E-10
1E-10
1E-10
Gen 157
0.19047619047619
0.0218579585486541
0.0874318338946165
1E-10
1E-10
1E-10
Gen 158
0.19047619047619
0.0245111990209816
0.0980447957839262
1E-10
1E-10
1E-10
Gen 159
0.19047619047619
0.0234387352558656
0.0937549407234625
1E-10
1E-10
1E-10
Gen 160
0.19047619047619
0.0251033315291575
0.10041332581663
1E-10
1E-10
1E-10
Gen 161
0.19047619047619
0.0251033315291575
0.10041332581663
1E-10
1E-10
1E-10
Gen 162
0.19047619047619
0.0266617730845991
0.106647092038396
1E-10
1E-10
1E-10
Gen 163
0.19047619047619
0.0263154527392788
0.105261810657115
1E-10
1E-10
1E-10
Gen 164
0.19047619047619
0.026531902951729
0.105608130999435
0.000519480607480519
1E-10
1E-10
Gen 165
0.19047619047619
0.0263154527392788
0.105261810657115
1E-10
1E-10
1E-10
Gen 166
0.19047619047619
0.0263154527392788
0.105261810657115
1E-10
1E-10
1E-10
Gen 167
0.19047619047619
0.0263154527392788
0.105261810657115
1E-10
1E-10
1E-10
Gen 168
0.19047619047619
0.0254496518754779
0.101798607201912
1E-10
1E-10
1E-10
Gen 169
0.19047619047619
0.0246271410539671
0.0985085639158682
1E-10
1E-10
1E-10
Gen 170
0.19047619047619
0.0246271410539671
0.0985085639158682
1E-10
1E-10
1E-10
Gen 171
0.19047619047619
0.0246704310962571
0.0986817240850284
1E-10
1E-10
1E-10
Gen 172
0.19047619047619
0.0246271410539671
0.0985085639158682
1E-10
1E-10
1E-10
Gen 173
0.19047619047619
0.0251033315291575
0.10041332581663
1E-10
1E-10
1E-10
Gen 174
0.19047619047619
0.0251659452419452
0.100663780667781
1E-10
1E-10
1E-10
Gen 175
0.19047619047619
0.0265194805934805
0.105961980048937
0.000115942124985507
1E-10
1E-10
Gen 176
0.19047619047619
0.0264904950872341
0.105961980048937
1E-10
1E-10
1E-10
Gen 177
0.19047619047619
0.0253197817456078
0.101279126682431
1E-10
1E-10
1E-10
Gen 178
0.19047619047619
0.0254929419177679
0.101971767371072
1E-10
1E-10
1E-10
Gen 179
0.19047619047619
0.0254929419177679
0.101971767371072
1E-10
1E-10
1E-10
Gen 180
0.19047619047619
0.0254929419177679
0.101971767371072
1E-10
1E-10
1E-10
Gen 181
0.19047619047619
0.0254929419177679
0.101971767371072
1E-10
1E-10
1E-10
Gen 182
0.19047619047619
0.0253197817456078
0.101279126682431
1E-10
1E-10
1E-10
Gen 183
0.19047619047619
0.0253197817456078
0.101279126682431
1E-10
1E-10
1E-10
Gen 184
0.19047619047619
0.0198519355861094
0.0794077420444377
1E-10
1E-10
1E-10
Gen 185
0.19047619047619
0.0209340611869742
0.0837362444478966
1E-10
1E-10
1E-10
Gen 186
0.19047619047619
0.0209340611869742
0.0837362444478966
1E-10
1E-10
1E-10
Gen 187
0.19047619047619
0.0221997616680659
0.0887990463722638
1E-10
1E-10
1E-10
Gen 188
0.19047619047619
0.0260106657308396
0.0968693142606186
0.0071733484627397
1E-10
1E-10
Gen 189
0.19047619047619
0.0218695025581981
0.0874780099327925
1E-10
1E-10
1E-10
Gen 190
0.19047619047619
0.022374678539635
0.0894987138585399
1E-10
1E-10
1E-10
Gen 191
0.19047619047619
0.02377426445896
0.0950970575358401
1E-10
1E-10
1E-10
Gen 192
0.19047619047619
0.020700671392367
0.0828026852694678
1E-10
1E-10
1E-10
Gen 193
0.19047619047619
0.020700671392367
0.0828026852694678
1E-10
1E-10
1E-10
Gen 194
0.19047619047619
0.020700671392367
0.0828026852694678
1E-10
1E-10
1E-10
Gen 195
0.19047619047619
0.0210098501353283
0.0840394002413132
1E-10
1E-10
1E-10
Gen 196
0.19047619047619
0.0257826715138453
0.103130685755381
1E-10
1E-10
1E-10
Gen 197
0.19047619047619
0.0270141163924641
0.107979170587866
7.72947819903382E-05
1E-10
1E-10
Gen 198
0.19047619047619
0.0252199009510748
0.100879603504299
1E-10
1E-10
1E-10
Gen 199
0.19047619047619
0.0266484723766462
0.106593889206585
1E-10
1E-10
1E-10
Gen 200
0.19047619047619
0.0277357425913512
0.110057092665788
0.000885877499616539
1E-10
1E-10
Gen 201
0.19047619047619
0.0276874334136072
0.110057092665788
0.000692640788640694
1E-10
1E-10
Gen 202
0.19047619047619
0.0278605935857674
0.110057092665788
0.00138528147728139
1E-10
1E-10
Gen 203
0.19047619047619
0.0254718615508615
0.101887445903446
1E-10
1E-10
1E-10
Gen 204
0.19047619047619
0.0254718615508615
0.101887445903446
1E-10
1E-10
1E-10
Gen 205
0.19047619047619
0.0254718615508615
0.101887445903446
1E-10
1E-10
1E-10
Gen 206
0.19047619047619
0.025991342068342
0.103965367973368
1E-10
1E-10
1E-10
Gen 207
0.19047619047619
0.0267642889262454
0.107057155404981
1E-10
1E-10
1E-10
Gen 208
0.19047619047619
0.0268222599387381
0.107057155404981
0.000231884149971014
1E-10
1E-10
Gen 209
0.19047619047619
0.0250467407789146
0.100186962815658
1E-10
1E-10
1E-10
Gen 210
0.19047619047619
0.0170813728215467
0.0683254909861866
1E-10
1E-10
1E-10
Gen 211
0.19047619047619
0.0195056152417891
0.0780224606671563
1E-10
1E-10
1E-10
Gen 212
0.19047619047619
0.0195056152417891
0.0780224606671563
1E-10
1E-10
1E-10
Gen 213
0.19047619047619
0.0197471611345089
0.0789886442380355
1E-10
1E-10
1E-10
Gen 214
0.19047619047619
0.0212510195888891
0.0850040780555563
1E-10
1E-10
1E-10
Gen 215
0.19047619047619
0.0209912793321488
0.0839651170285953
1E-10
1E-10
1E-10
Gen 216
0.19047619047619
0.0209912793321488
0.0839651170285953
1E-10
1E-10
1E-10
Gen 217
0.19047619047619
0.0209912793321488
0.0839651170285953
1E-10
1E-10
1E-10
Gen 218
0.19047619047619
0.0209046992465687
0.0836187966862749
1E-10
1E-10
1E-10
Gen 219
0.19047619047619
0.0206631533538489
0.0826526131153957
1E-10
1E-10
1E-10
Gen 220
0.19047619047619
0.0184120711067667
0.0736482841270667
1E-10
1E-10
1E-10
Gen 221
0.19047619047619
0.0191912918829875
0.0767651672319498
1E-10
1E-10
1E-10
Gen 222
0.19047619047619
0.0210094736991693
0.084037894496677
1E-10
1E-10
1E-10
Gen 223
0.19047619047619
0.022784365471061
0.0911374615842441
1E-10
1E-10
1E-10
Gen 224
0.19047619047619
0.022832674647805
0.09133069829122
1E-10
1E-10
1E-10
Gen 225
0.19047619047619
0.0232605559462515
0.093042223485006
1E-10
1E-10
1E-10
Gen 226
0.19047619047619
0.0241696468523424
0.0963322667670493
0.000346320442320346
1E-10
1E-10
Gen 227
0.19047619047619
0.0239964866811822
0.095985946424729
1E-10
1E-10
1E-10
Gen 228
0.19047619047619
0.0243428070265026
0.0973712278060104
1E-10
1E-10
1E-10
Gen 229
0.19047619047619
0.022741075429771
0.090964301419084
1E-10
1E-10
1E-10
Gen 230
0.19047619047619
0.0231306858163814
0.0925227429655255
1E-10
1E-10
1E-10
Gen 231
0.19047619047619
0.0235202962059918
0.0940811845239671
1E-10
1E-10
1E-10
Gen 232
0.19047619047619
0.0235202962059918
0.0940811845239671
1E-10
1E-10
1E-10
Gen 233
0.19047619047619
0.0230889015137275
0.09235560575491
1E-10
1E-10
1E-10
Gen 234
0.19047619047619
0.0234491499609325
0.0937965995437299
1E-10
1E-10
1E-10
Gen 235
0.19047619047619
0.0188995546377285
0.0755982182509139
1E-10
1E-10
1E-10
Gen 236
0.19047619047619
0.0188995546377285
0.0755982182509139
1E-10
1E-10
1E-10
Gen 237
0.19047619047619
0.0188995546377285
0.0755982182509139
1E-10
1E-10
1E-10
Gen 238
0.19047619047619
0.0212294373094372
0.0849177489377489
1E-10
1E-10
1E-10
Gen 239
0.19047619047619
0.0213593074383074
0.0854372294532294
1E-10
1E-10
1E-10
Gen 240
0.19047619047619
0.0213593074383074
0.0854372294532294
1E-10
1E-10
1E-10
Gen 241
0.19047619047619
0.0212294373094372
0.0849177489377489
1E-10
1E-10
1E-10
Gen 242
0.19047619047619
0.0214025974805974
0.0856103896223896
1E-10
1E-10
1E-10
Gen 243
0.19047619047619
0.021750800002713
0.0870031997108519
1E-10
1E-10
1E-10
Gen 244
0.19047619047619
0.0214806450379058
0.0859225798516233
1E-10
1E-10
1E-10
Gen 245
0.19047619047619
0.0225339106129105
0.0901356421516421
1E-10
1E-10
1E-10
Gen 246
0.19047619047619
0.0234862915642915
0.0939451659571659
1E-10
1E-10
1E-10
Gen 247
0.19047619047619
0.0234862915642915
0.0939451659571659
1E-10
1E-10
1E-10
Gen 248
0.19047619047619
0.0234862915642915
0.0939451659571659
1E-10
1E-10
1E-10
Gen 249
0.19047619047619
0.0234862915642915
0.0939451659571659
1E-10
1E-10
1E-10
Gen 250
0.19047619047619
0.0235925717565282
0.0943702867261128
1E-10
1E-10
1E-10
Gen 251
0.19047619047619
0.0218865676207415
0.0875462701829658
1E-10
1E-10
1E-10
Gen 252
0.19047619047619
0.0241548404007534
0.0950609197565719
0.00155844164644156
1E-10
1E-10
Gen 253
0.19047619047619
0.0225049251066642
0.0900197001266566
1E-10
1E-10
1E-10
Gen 254
0.19047619047619
0.0229811155818546
0.0919244620274185
1E-10
1E-10
1E-10
Gen 255
0.19047619047619
0.0229811155818546
0.0919244620274185
1E-10
1E-10
1E-10
Gen 256
0.19047619047619
0.0229811155818546
0.0919244620274185
1E-10
1E-10
1E-10
Gen 257
0.19047619047619
0.0240200766188157
0.0960803061752627
1E-10
1E-10
1E-10
Gen 258
0.19047619047619
0.0170813728215467
0.0683254909861866
1E-10
1E-10
1E-10
Gen 259
0.19047619047619
0.0170813728215467
0.0683254909861866
1E-10
1E-10
1E-10
Gen 260
0.19047619047619
0.0170813728215467
0.0683254909861866
1E-10
1E-10
1E-10
Gen 261
0.19047619047619
0.0170813728215467
0.0683254909861866
1E-10
1E-10
1E-10
Gen 262
0.19047619047619
0.0229896481131263
0.0919585921525052
1E-10
1E-10
1E-10
Gen 263
0.19047619047619
0.0233664597023292
0.0934658385093167
1E-10
1E-10
1E-10
Gen 264
0.19047619047619
0.0208043165404904
0.0832172658619615
1E-10
1E-10
1E-10
Gen 265
0.19047619047619
0.0208043165404904
0.0832172658619615
1E-10
1E-10
1E-10
Gen 266
0.19047619047619
0.0225130812017768
0.0900523245071071
1E-10
1E-10
1E-10
Gen 267
0.19047619047619
0.0225130812017768
0.0900523245071071
1E-10
1E-10
1E-10
Gen 268
0.19047619047619
0.0225130812017768
0.0900523245071071
1E-10
1E-10
1E-10
Gen 269
0.19047619047619
0.0225130812017768
0.0900523245071071
1E-10
1E-10
1E-10
Gen 270
0.19047619047619
0.0225130812017768
0.0900523245071071
1E-10
1E-10
1E-10
Gen 271
0.19047619047619
0.0225130812017768
0.0900523245071071
1E-10
1E-10
1E-10
Gen 272
0.19047619047619
0.0172545329937068
0.0690181316748273
1E-10
1E-10
1E-10
Gen 273
0.19047619047619
0.0181926094060441
0.0727704373241764
1E-10
1E-10
1E-10
Gen 274
0.19047619047619
0.0181636238997977
0.0726544952991909
1E-10
1E-10
1E-10
Gen 275
0.19047619047619
0.0219583412537325
0.0878333647149299
1E-10
1E-10
1E-10
Gen 276
0.19047619047619
0.0222613715567628
0.0890454859270511
1E-10
1E-10
1E-10
Gen 277
0.19047619047619
0.0226076919010831
0.0904307673043325
1E-10
1E-10
1E-10
Gen 278
0.19047619047619
0.0276048686343903
0.10903419286028
0.00138528147728139
1E-10
1E-10
Gen 279
0.19047619047619
0.0201549658931397
0.0806198632725589
1E-10
1E-10
1E-10
Gen 280
0.19047619047619
0.0210438547800286
0.0841754188201144
1E-10
1E-10
1E-10
Gen 281
0.19047619047619
0.0218663656015394
0.0874654621061577
1E-10
1E-10
1E-10
Gen 282
0.19047619047619
0.0178071398081832
0.0712285589327328
1E-10
1E-10
1E-10
Gen 283
0.19047619047619
0.0178071398081832
0.0712285589327328
1E-10
1E-10
1E-10
Gen 284
0.19047619047619
0.0178071398081832
0.0712285589327328
1E-10
1E-10
1E-10
Gen 285
0.19047619047619
0.0181839513993861
0.0727358052975444
1E-10
1E-10
1E-10
Gen 286
0.19047619047619
0.0213483908236951
0.0853935629947803
1E-10
1E-10
1E-10
Gen 287
0.19047619047619
0.0239933497235236
0.0959733985940942
1E-10
1E-10
1E-10
Gen 288
0.19047619047619
0.0254384842950929
0.100942342681473
0.000811594298898552
1E-10
1E-10
Gen 289
0.19047619047619
0.0251196437143828
0.10024669050756
0.000231884149971014
1E-10
1E-10
Gen 290
0.227053140096618
0.0267443378648161
0.106977351159264
1E-10
1E-10
1E-10
Gen 291
0.227053140096618
0.030601167021993
0.119634105025409
0.00277056286256277
1E-10
1E-10
Gen 292
0.227053140096618
0.0189947927299666
0.0759791706198662
1E-10
1E-10
1E-10
Gen 293
0.227053140096618
0.0191203965957009
0.0764815860828034
1E-10
1E-10
1E-10
Gen 294
0.227053140096618
0.0191203965957009
0.0764815860828034
1E-10
1E-10
1E-10
Gen 295
0.227053140096618
0.0200727775460818
0.0802911098843272
1E-10
1E-10
1E-10
Gen 296
0.227053140096618
0.0199085263393523
0.0796341050574094
1E-10
1E-10
1E-10
Gen 297
0.227053140096618
0.019518915950742
0.0780756635029678
1E-10
1E-10
1E-10
Gen 298
0.227053140096618
0.0197786562094822
0.0791146245379288
1E-10
1E-10
1E-10
Gen 299
0.227053140096618
0.0197786562094822
0.0791146245379288
1E-10
1E-10
1E-10
Gen 300
0.227053140096618
0.0197979798789798
0.0791919192159192
1E-10
1E-10
1E-10
Gen 301
0.227053140096618
0.0197786562094822
0.0791146245379288
1E-10
1E-10
1E-10
Gen 302
0.227053140096618
0.0201682665980926
0.0806730660923704
1E-10
1E-10
1E-10
Gen 303
0.227053140096618
0.020428759723151
0.0817150385926038
1E-10
1E-10
1E-10
Gen 304
0.227053140096618
0.0208176172444433
0.083270468677773
1E-10
1E-10
1E-10
Gen 305
0.227053140096618
0.0207743272021532
0.0830973085086128
1E-10
1E-10
1E-10
Gen 306
0.227053140096618
0.0207743272021532
0.0830973085086128
1E-10
1E-10
1E-10
Gen 307
0.227053140096618
0.0207743272021532
0.0830973085086128
1E-10
1E-10
1E-10
Gen 308
0.227053140096618
0.0212938077186337
0.0851752305745349
1E-10
1E-10
1E-10
Gen 309
0.227053140096618
0.0230133635171461
0.0909171215258171
0.00113633234276705
1E-10
1E-10
Gen 310
0.227053140096618
0.0223411758094801
0.0893647029379203
1E-10
1E-10
1E-10
Gen 311
0.227053140096618
0.0257556936557805
0.102172532781228
0.000850241641893721
1E-10
1E-10
Gen 312
0.227053140096618
0.0252674572575007
0.101069828730003
1E-10
1E-10
1E-10
Gen 313
0.227053140096618
0.0263064182934617
0.103840391492565
0.00138528148128139
1E-10
1E-10
Gen 314
0.227053140096618
0.0263064182934617
0.103840391492565
0.00138528148128139
1E-10
1E-10
Gen 315
0.227053140096618
0.0274859151241324
0.106999937260807
0.00294372303572294
1E-10
1E-10
Gen 316
0.227053140096618
0.0274859151241324
0.106999937260807
0.00294372303572294
1E-10
1E-10
Gen 317
0.227053140096618
0.0274859151241324
0.106999937260807
0.00294372303572294
1E-10
1E-10
Gen 318
0.227053140096618
0.0254079930512104
0.101631971904841
1E-10
1E-10
1E-10
Gen 319
0.227053140096618
0.0227334212512038
0.0909336847048151
1E-10
1E-10
1E-10
Gen 320
0.227053140096618
0.0227334212512038
0.0909336847048151
1E-10
1E-10
1E-10
Gen 321
0.227053140096618
0.0227334212512038
0.0909336847048151
1E-10
1E-10
1E-10
Gen 322
0.227053140096618
0.0230797415955241
0.0923189660820965
1E-10
1E-10
1E-10
Gen 323
0.227053140096618
0.0230797415955241
0.0923189660820965
1E-10
1E-10
1E-10
Gen 324
0.227053140096618
0.0230797415955241
0.0923189660820965
1E-10
1E-10
1E-10
Gen 325
0.227053140096618
0.0235559320707146
0.0942237279828583
1E-10
1E-10
1E-10
Gen 326
0.227053140096618
0.0233827718985544
0.0935310872942177
1E-10
1E-10
1E-10
Gen 327
0.227053140096618
0.0239022524170349
0.0956090093681397
1E-10
1E-10
1E-10
Gen 328
0.227053140096618
0.0232529017696843
0.0930116067787372
1E-10
1E-10
1E-10
Gen 329
0.227053140096618
0.0240321225479051
0.0961284898916203
1E-10
1E-10
1E-10
Gen 330
0.227053140096618
0.0240321225479051
0.0961284898916203
1E-10
1E-10
1E-10
Gen 331
0.227053140096618
0.0235945794117098
0.0943783173468391
1E-10
1E-10
1E-10
Gen 332
0.227053140096618
0.0247680532788358
0.0990722128153432
1E-10
1E-10
1E-10
Gen 333
0.227053140096618
0.0248979234097059
0.0995916933388237
1E-10
1E-10
1E-10
Gen 334
0.227053140096618
0.0248979234097059
0.0995916933388237
1E-10
1E-10
1E-10
Gen 335
0.227053140096618
0.0246814731942557
0.0987258924770229
1E-10
1E-10
1E-10
Gen 336
0.227053140096618
0.024592509020335
0.0983700357813401
1E-10
1E-10
1E-10
Gen 337
0.227053140096618
0.023596838026664
0.0943873518066561
1E-10
1E-10
1E-10
Gen 338
0.227053140096618
0.023596838026664
0.0943873518066561
1E-10
1E-10
1E-10
Gen 339
0.227053140096618
0.0238998683286943
0.0955994730147773
1E-10
1E-10
1E-10
Gen 340
0.227053140096618
0.024518225814617
0.0980729029584681
1E-10
1E-10
1E-10
Gen 341
0.227053140096618
0.024518225814617
0.0980729029584681
1E-10
1E-10
1E-10
Gen 342
0.227053140096618
0.024518225814617
0.0980729029584681
1E-10
1E-10
1E-10
Gen 343
0.227053140096618
0.024518225814617
0.0980729029584681
1E-10
1E-10
1E-10
Gen 344
0.227053140096618
0.024518225814617
0.0980729029584681
1E-10
1E-10
1E-10
Gen 345
0.227053140096618
0.0245278876493658
0.0981115502974633
1E-10
1E-10
1E-10
Gen 346
0.227053140096618
0.0253008345072692
0.101203337729077
1E-10
1E-10
1E-10
Gen 347
0.227053140096618
0.0253008345072692
0.101203337729077
1E-10
1E-10
1E-10
Gen 348
0.227053140096618
0.0251172596290422
0.100469038216169
1E-10
1E-10
1E-10
Gen 349
0.227053140096618
0.0251172596290422
0.100469038216169
1E-10
1E-10
1E-10
Gen 350
0.227053140096618
0.0251172596290422
0.100469038216169
1E-10
1E-10
1E-10
Gen 351
0.227053140096618
0.0140643705041965
0.056257481716786
1E-10
1E-10
1E-10
Gen 352
0.227053140096618
0.0140643705041965
0.056257481716786
1E-10
1E-10
1E-10
Gen 353
0.227053140096618
0.0164886129264389
0.0659544514057557
1E-10
1E-10
1E-10
Gen 354
0.227053140096618
0.0165562457756805
0.0662249828027219
1E-10
1E-10
1E-10
Gen 355
0.227053140096618
0.0165562457756805
0.0662249828027219
1E-10
1E-10
1E-10
Gen 356
0.227053140096618
0.0164886129264389
0.0659544514057557
1E-10
1E-10
1E-10
Gen 357
0.227053140096618
0.0164886129264389
0.0659544514057557
1E-10
1E-10
1E-10
Gen 358
0.227053140096618
0.0164886129264389
0.0659544514057557
1E-10
1E-10
1E-10
Gen 359
0.227053140096618
0.0166617730985991
0.0666470920943964
1E-10
1E-10
1E-10
Gen 360
0.227053140096618
0.0171812536150796
0.0687250141603185
1E-10
1E-10
1E-10
Gen 361
0.227053140096618
0.0171812536150796
0.0687250141603185
1E-10
1E-10
1E-10
Gen 362
0.227053140096618
0.0188722003425046
0.0754888010700185
1E-10
1E-10
1E-10
Gen 363
0.227053140096618
0.0188238911647607
0.0752955643590426
1E-10
1E-10
1E-10
Gen 364
0.227053140096618
0.0184775708204403
0.0739102829817612
1E-10
1E-10
1E-10
Gen 365
0.227053140096618
0.0195210490803099
0.0780841960212395
1E-10
1E-10
1E-10
Gen 366
0.227053140096618
0.0195210490803099
0.0780841960212395
1E-10
1E-10
1E-10
Gen 367
0.227053140096618
0.0195210490803099
0.0780841960212395
1E-10
1E-10
1E-10
Gen 368
0.227053140096618
0.0224214819737428
0.0895127674258109
0.000173160269160173
1E-10
1E-10
Gen 369
0.227053140096618
0.0199972395595004
0.0799889579380014
1E-10
1E-10
1E-10
Gen 370
0.227053140096618
0.0228976724559332
0.0915906895237329
1E-10
1E-10
1E-10
Gen 371
0.227053140096618
0.0267527449157014
0.107010979362805
1E-10
1E-10
1E-10
Gen 372
0.227053140096618
0.0267527449157014
0.107010979362805
1E-10
1E-10
1E-10
Gen 373
0.227053140096618
0.0284830918594396
0.110296003513395
0.00363636372436363
1E-10
1E-10
Gen 374
0.227053140096618
0.0280501914275392
0.110296003513395
0.00190476199676191
1E-10
1E-10
Gen 375
0.227053140096618
0.0280069013852491
0.110296003513395
0.00173160182760173
1E-10
1E-10
Gen 376
0.227053140096618
0.0282233516006993
0.110296003513395
0.00259740268940259
1E-10
1E-10
Gen 377
0.227053140096618
0.0296519230262708
0.110296003513395
0.00831168839168832
1E-10
1E-10
Gen 378
0.227053140096618
0.0270978104781582
0.108391241612633
1E-10
1E-10
1E-10
Gen 379
0.227053140096618
0.0240899680830115
0.0963598720320459
1E-10
1E-10
1E-10
Gen 380
0.227053140096618
0.0239933497265236
0.0959733986060942
1E-10
1E-10
1E-10
Gen 381
0.227053140096618
0.0239933497265236
0.0959733986060942
1E-10
1E-10
1E-10
Gen 382
0.227053140096618
0.025773888027801
0.103095551811204
1E-10
1E-10
1E-10
Gen 383
0.227053140096618
0.025773888027801
0.103095551811204
1E-10
1E-10
1E-10
Gen 384
0.227053140096618
0.025773888027801
0.103095551811204
1E-10
1E-10
1E-10
Gen 385
0.227053140096618
0.0246117072154463
0.098446828561785
1E-10
1E-10
1E-10
Gen 386
0.227053140096618
0.0248281574308965
0.0993126294235859
1E-10
1E-10
1E-10
Gen 387
0.227053140096618
0.0246117072154463
0.098446828561785
1E-10
1E-10
1E-10
Gen 388
0.227053140096618
0.0239071460741025
0.0956285839964101
1E-10
1E-10
1E-10
Gen 389
0.227053140096618
0.0258348705185661
0.103339481774264
1E-10
1E-10
1E-10
Gen 390
0.227053140096618
0.0257815422033682
0.103087521174478
3.86474389951691E-05
1E-10
1E-10
Gen 391
0.227053140096618
0.0255024782761304
0.102009912804521
1E-10
1E-10
1E-10
Gen 392
0.227053140096618
0.0255024782761304
0.102009912804521
1E-10
1E-10
1E-10
Gen 393
0.227053140096618
0.0240253467150423
0.0961013865601691
1E-10
1E-10
1E-10
Gen 394
0.227053140096618
0.0240253467150423
0.0961013865601691
1E-10
1E-10
1E-10
Gen 395
0.227053140096618
0.0240253467150423
0.0961013865601691
1E-10
1E-10
1E-10
Gen 396
0.227053140096618
0.0240253467150423
0.0961013865601691
1E-10
1E-10
1E-10
Gen 397
0.227053140096618
0.0239387666294622
0.0957550662178488
1E-10
1E-10
1E-10
Gen 398
0.227053140096618
0.0316295878805008
0.126518351222003
1E-10
1E-10
1E-10
Gen 399
0.227053140096618
0.0255804003600525
0.10232160114021
1E-10
1E-10
1E-10
Gen 400
0.227053140096618
0.0275156535076969
0.110062613730788
1E-10
1E-10
1E-10
Gen 401
0.227053140096618
0.0380247193121105
0.14214844093105
0.00995043611739257
1E-10
1E-10
Gen 402
0.227053140096618
0.0373120020796542
0.14214844093105
0.00709956718756711
1E-10
1E-10
Gen 403
0.227053140096618
0.038297509323031
0.14214844093105
0.0110415961610744
1E-10
1E-10
Gen 404
0.227053140096618
0.0379690069085721
0.14214844093105
0.00972758650323861
1E-10
1E-10
Gen 405
0.227053140096618
0.0280819374672852
0.112327749569141
1E-10
1E-10
1E-10
Gen 406
0.227053140096618
0.0204025347514042
0.0816101387056169
1E-10
1E-10
1E-10
Gen 407
0.227053140096618
0.0219346258467127
0.0877385030868509
1E-10
1E-10
1E-10
Gen 408
0.227053140096618
0.022194366104453
0.0887774641178119
1E-10
1E-10
1E-10
Gen 409
0.227053140096618
0.0221510760611629
0.0886043039446517
1E-10
1E-10
1E-10
Gen 410
0.227053140096618
0.0226705565796435
0.0906822260185738
1E-10
1E-10
1E-10
Gen 411
0.227053140096618
0.0225839764940634
0.0903359056762535
1E-10
1E-10
1E-10
Gen 412
0.227053140096618
0.0231467470558339
0.0925869879233357
1E-10
1E-10
1E-10
Gen 413
0.23768115942029
0.0263893595128377
0.105557437751351
1E-10
1E-10
1E-10
Gen 414
0.23768115942029
0.0262594893839676
0.10503795723587
1E-10
1E-10
1E-10
Gen 415
0.23768115942029
0.0262594893839676
0.10503795723587
1E-10
1E-10
1E-10
Gen 416
0.23768115942029
0.0262788130544652
0.105115251917861
1E-10
1E-10
1E-10
Gen 417
0.23768115942029
0.0282075413320195
0.112830165028078
1E-10
1E-10
1E-10
Gen 418
0.23768115942029
0.0282075413320195
0.112830165028078
1E-10
1E-10
1E-10
Gen 419
0.23768115942029
0.0357164189228536
0.142865675391415
1E-10
1E-10
1E-10
Gen 420
0.23768115942029
0.0337402598202598
0.134961038981039
1E-10
1E-10
1E-10
Gen 421
0.23768115942029
0.0307738252886078
0.123095300854431
1E-10
1E-10
1E-10
Gen 422
0.23768115942029
0.0307738252886078
0.123095300854431
1E-10
1E-10
1E-10
Gen 423
0.23768115942029
0.0307738252886078
0.123095300854431
1E-10
1E-10
1E-10
Gen 424
0.23768115942029
0.0301747914741827
0.120699165596731
1E-10
1E-10
1E-10
Gen 425
0.23768115942029
0.0303386662437531
0.121354664675013
1E-10
1E-10
1E-10
Gen 426
0.23768115942029
0.0307619048399048
0.123047619059619
1E-10
1E-10
1E-10
Gen 427
0.23768115942029
0.0313436226390139
0.125374490256055
1E-10
1E-10
1E-10
Gen 428
0.23768115942029
0.0313304474094473
0.125321789337789
1E-10
1E-10
1E-10
Gen 429
0.23768115942029
0.0321962482742482
0.128784992796993
1E-10
1E-10
1E-10
Gen 430
0.413526570048309
0.0363315139737313
0.145326055594925
1E-10
1E-10
1E-10
Gen 431
0.413526570048309
0.0382362758764932
0.152945103205973
1E-10
1E-10
1E-10
Gen 432
0.413526570048309
0.0343100571746658
0.137240228398663
1E-10
1E-10
1E-10
Gen 433
0.413526570048309
0.0343100571746658
0.137240228398663
1E-10
1E-10
1E-10
Gen 434
0.413526570048309
0.0293204091435395
0.117281636274158
1E-10
1E-10
1E-10
Gen 435
0.413526570048309
0.0293204091435395
0.117281636274158
1E-10
1E-10
1E-10
Gen 436
0.413526570048309
0.0328701926893231
0.131480770457292
1E-10
1E-10
1E-10
Gen 437
0.413526570048309
0.0328701926893231
0.131480770457292
1E-10
1E-10
1E-10
Gen 438
0.413526570048309
0.0350482465155508
0.140192985762203
1E-10
1E-10
1E-10
Gen 439
0.413526570048309
0.0351062175280435
0.140308927787189
0.000115942124985507
1E-10
1E-10
Gen 440
0.413526570048309
0.0350482465155508
0.140192985762203
1E-10
1E-10
1E-10
Gen 441
0.413526570048309
0.0343444382485251
0.1373777526941
1E-10
1E-10
1E-10
Gen 442
0.413526570048309
0.0348206287237156
0.139282514594862
1E-10
1E-10
1E-10
Gen 443
0.413526570048309
0.0348206287237156
0.139282514594862
1E-10
1E-10
1E-10
Gen 444
0.413526570048309
0.0348206287237156
0.139282514594862
1E-10
1E-10
1E-10
Gen 445
0.413526570048309
0.0348206287237156
0.139282514594862
1E-10
1E-10
1E-10
Gen 446
0.413526570048309
0.0351236590257459
0.140494635802984
1E-10
1E-10
1E-10
Gen 447
0.413526570048309
0.0333920572981442
0.133568228892577
1E-10
1E-10
1E-10
Gen 448
0.413526570048309
0.0336517975548844
0.134607189919538
1E-10
1E-10
1E-10
Gen 449
0.413526570048309
0.0313009599896556
0.125203839658622
1E-10
1E-10
1E-10
Gen 450
0.413526570048309
0.0311030805753849
0.124412322001539
1E-10
1E-10
1E-10
Gen 451
0.413526570048309
0.0287600226721096
0.115040090388438
1E-10
1E-10
1E-10
Gen 452
0.413526570048309
0.0290305540720757
0.116122215988303
1E-10
1E-10
1E-10
Gen 453
0.413526570048309
0.0291658197725588
0.116663278790235
1E-10
1E-10
1E-10
Gen 454
0.413526570048309
0.0333859088592131
0.133543635136853
1E-10
1E-10
1E-10
Gen 455
0.413526570048309
0.034294999766304
0.137179998765216
1E-10
1E-10
1E-10
Gen 456
0.413526570048309
0.0347587678802461
0.139035071220984
1E-10
1E-10
1E-10
Gen 457
0.413526570048309
0.035948052023052
0.143792207792208
1E-10
1E-10
1E-10
Gen 458
0.413526570048309
0.0379672502131632
0.149647531212749
0.00222146943990414
1E-10
1E-10
Gen 459
0.413526570048309
0.0375228057677188
0.148583976410063
0.0015072464608116
1E-10
1E-10
Gen 460
0.413526570048309
0.0370590376557767
0.148236150323107
1E-10
1E-10
1E-10
Gen 461
0.413526570048309
0.0376275802193193
0.148661271096054
0.00184904958122342
1E-10
1E-10
Gen 462
0.413526570048309
0.036096994870647
0.144387979182588
1E-10
1E-10
1E-10
Gen 463
0.413526570048309
0.0389108476804998
0.153392308174917
0.00225108234708225
1E-10
1E-10
Gen 464
0.413526570048309
0.0392571680258201
0.153392308174917
0.00363636372836363
1E-10
1E-10
Gen 465
0.413526570048309
0.0367030554757076
0.14681222160283
1E-10
1E-10
1E-10
Gen 466
0.413526570048309
0.0366597654334175
0.14663906143367
1E-10
1E-10
1E-10
Gen 467
0.413526570048309
0.0371792459508981
0.148716983503592
1E-10
1E-10
1E-10
Gen 468
0.413526570048309
0.0369195056921578
0.147678022468631
1E-10
1E-10
1E-10
Gen 469
0.413526570048309
0.03912729789595
0.152353347135956
0.00415584424784415
1E-10
1E-10
Gen 470
0.413526570048309
0.0402528390204911
0.154777589560198
0.00623376632176624
1E-10
1E-10
Gen 471
0.413526570048309
0.0408588996255517
0.155123909906519
0.00831168839568832
1E-10
1E-10
Gen 472
0.413526570048309
0.0408685614603005
0.155123909906519
0.00835033573468349
1E-10
1E-10
Gen 473
0.413526570048309
0.0382614970331491
0.153045987832597
1E-10
1E-10
1E-10
Gen 474
0.413526570048309
0.0387376875083396
0.154950749733358
1E-10
1E-10
1E-10
Gen 475
0.413526570048309
0.0387376875083396
0.154950749733358
1E-10
1E-10
1E-10
Gen 476
0.413526570048309
0.0382614970331491
0.153045987832597
1E-10
1E-10
1E-10
Gen 477
0.413526570048309
0.0390407178113699
0.15616287094548
1E-10
1E-10
1E-10
Gen 478
0.413526570048309
0.0375255662982184
0.150102264892874
1E-10
1E-10
1E-10
Gen 479
0.413526570048309
0.039565091985918
0.155245874898049
0.00301449284562318
1E-10
1E-10
Gen 480
0.413526570048309
0.039565091985918
0.155245874898049
0.00301449284562318
1E-10
1E-10
Gen 481
0.413526570048309
0.0373091160827682
0.149236464031073
1E-10
1E-10
1E-10
Gen 482
0.413526570048309
0.0373091160827682
0.149236464031073
1E-10
1E-10
1E-10
Gen 483
0.413526570048309
0.0373091160827682
0.149236464031073
1E-10
1E-10
1E-10
Gen 484
0.413526570048309
0.0373091160827682
0.149236464031073
1E-10
1E-10
1E-10
Gen 485
0.413526570048309
0.0373091160827682
0.149236464031073
1E-10
1E-10
1E-10
Gen 486
0.413526570048309
0.0379584667311188
0.151833866624475
1E-10
1E-10
1E-10
Gen 487
0.413526570048309
0.0325769497034279
0.130307798513712
1E-10
1E-10
1E-10
Gen 488
0.413526570048309
0.0323740511537033
0.129496204314813
1E-10
1E-10
1E-10
Gen 489
0.413526570048309
0.0338459126225647
0.135383650190259
1E-10
1E-10
1E-10
Gen 490
0.413526570048309
0.0338459126225647
0.135383650190259
1E-10
1E-10
1E-10
Gen 491
0.413526570048309
0.0342355230111751
0.1369420917447
1E-10
1E-10
1E-10
Gen 492
0.413526570048309
0.0344519732266253
0.137807892606501
1E-10
1E-10
1E-10
Gen 493
0.413526570048309
0.0343761842802712
0.137504736821085
1E-10
1E-10
1E-10
Gen 494
0.413526570048309
0.0339622310847093
0.135848924038837
1E-10
1E-10
1E-10
Gen 495
0.413526570048309
0.0343100571706658
0.137240228382663
1E-10
1E-10
1E-10
Gen 496
0.413526570048309
0.0343100571706658
0.137240228382663
1E-10
1E-10
1E-10
Gen 497
0.413526570048309
0.0341071586209412
0.136428634183765
1E-10
1E-10
1E-10
Gen 498
0.413526570048309
0.0341071586209412
0.136428634183765
1E-10
1E-10
1E-10
Gen 499
0.413526570048309
0.0344534789592615
0.137121274860405
0.000692640776640694
1E-10
1E-10
Gen 500
0.413526570048309
0.0347565092672918
0.139026036769167
1E-10
1E-10
1E-10
Gen 501
0.413526570048309
0.0347132192250018
0.138852876600007
1E-10
1E-10
1E-10
Gen 502
0.413526570048309
0.0347132192250018
0.138852876600007
1E-10
1E-10
1E-10
Gen 503
0.413526570048309
0.0344101889229715
0.137640755391886
1E-10
1E-10
1E-10
Gen 504
0.413526570048309
0.0374059853900288
0.145061547148504
0.00456239421161151
1E-10
1E-10
Gen 505
0.413526570048309
0.0334995922772444
0.133998368808978
1E-10
1E-10
1E-10
Gen 506
0.413526570048309
0.0339923458954328
0.135969383281731
1E-10
1E-10
1E-10
Gen 507
0.413526570048309
0.0358186838077272
0.143274734930909
1E-10
1E-10
1E-10
Gen 508
0.413526570048309
0.0358294749459531
0.14277683668988
0.000541062893932367
1E-10
1E-10
Gen 509
0.413526570048309
0.036597904585948
0.146391618043792
1E-10
1E-10
1E-10
Gen 510
0.413526570048309
0.0328718239133456
0.131487295353382
1E-10
1E-10
1E-10
Gen 511
0.413526570048309
0.0344302654687871
0.137721061575148
1E-10
1E-10
1E-10
Gen 512
0.413526570048309
0.0346915114661636
0.138766045564654
1E-10
1E-10
1E-10
Gen 513
0.413526570048309
0.0344306419039462
0.137722567315785
1E-10
1E-10
1E-10
Gen 514
0.413526570048309
0.0345168455553672
0.138067381921469
1E-10
1E-10
1E-10
Gen 515
0.413526570048309
0.0343726708894534
0.137490683257814
1E-10
1E-10
1E-10
Gen 516
0.413526570048309
0.0347398206479075
0.13895928229163
1E-10
1E-10
1E-10
Gen 517
0.413526570048309
0.0353891712922582
0.141556684869033
1E-10
1E-10
1E-10
Gen 518
0.413526570048309
0.0349995609056478
0.139998243322591
1E-10
1E-10
1E-10
Gen 519
0.413526570048309
0.0348696907767777
0.139478762807111
1E-10
1E-10
1E-10
Gen 520
0.413526570048309
0.0359341239251673
0.143736495400669
1E-10
1E-10
1E-10
Gen 521
0.413526570048309
0.0356056215117084
0.142422485746834
1E-10
1E-10
1E-10
Gen 522
0.413526570048309
0.0361756698198871
0.144702678979549
1E-10
1E-10
1E-10
Gen 523
0.413526570048309
0.034343685383207
0.137374741232828
1E-10
1E-10
1E-10
Gen 524
0.413526570048309
0.0314432524857741
0.125773009643097
1E-10
1E-10
1E-10
Gen 525
0.413526570048309
0.0314432524857741
0.125773009643097
1E-10
1E-10
1E-10
Gen 526
0.413526570048309
0.0314432524857741
0.125773009643097
1E-10
1E-10
1E-10
Gen 527
0.413526570048309
0.0314432524857741
0.125773009643097
1E-10
1E-10
1E-10
Gen 528
0.413526570048309
0.0323956334321551
0.12958253342862
1E-10
1E-10
1E-10
Gen 529
0.413526570048309
0.0326553736938954
0.130621494475581
1E-10
1E-10
1E-10
Gen 530
0.413526570048309
0.0325111990279816
0.130044795811926
1E-10
1E-10
1E-10
Gen 531
0.413526570048309
0.0333138842584494
0.133255536733798
1E-10
1E-10
1E-10
Gen 532
0.413526570048309
0.0333718552759422
0.133487420803769
1E-10
1E-10
1E-10
Gen 533
0.413526570048309
0.0330240291919856
0.132096116467943
1E-10
1E-10
1E-10
Gen 534
0.413526570048309
0.0342597403377403
0.137038961050961
1E-10
1E-10
1E-10
Gen 535
0.413526570048309
0.0267907648757648
0.107163059203059
1E-10
1E-10
1E-10
Gen 536
0.413526570048309
0.0267907648757648
0.107163059203059
1E-10
1E-10
1E-10
Gen 537
0.413526570048309
0.0287885062618105
0.115154024747242
1E-10
1E-10
1E-10
Gen 538
0.413526570048309
0.0290915365638408
0.116366145955363
1E-10
1E-10
1E-10
Gen 539
0.413526570048309
0.0290915365638408
0.116366145955363
1E-10
1E-10
1E-10
Gen 540
0.413526570048309
0.0290915365638408
0.116366145955363
1E-10
1E-10
1E-10
Gen 541
0.413526570048309
0.0290915365638408
0.116366145955363
1E-10
1E-10
1E-10
Gen 542
0.413526570048309
0.0290915365638408
0.116366145955363
1E-10
1E-10
1E-10
Gen 543
0.413526570048309
0.0326567539521452
0.130627015508581
1E-10
1E-10
1E-10
Gen 544
0.413526570048309
0.0341417906505732
0.135874521613652
0.000692640788640694
1E-10
1E-10
Gen 545
0.413526570048309
0.033968630478413
0.135874521613652
1E-10
1E-10
1E-10
Gen 546
0.413526570048309
0.0336656001763827
0.134662400405531
1E-10
1E-10
1E-10
Gen 547
0.413526570048309
0.0332605559472515
0.133042223489006
1E-10
1E-10
1E-10
Gen 548
0.413526570048309
0.0332605559472515
0.133042223489006
1E-10
1E-10
1E-10
Gen 549
0.413526570048309
0.0366778343070516
0.138661145617667
0.00805019141053918
1E-10
1E-10
Gen 550
0.413526570048309
0.0359851936224109
0.138661145617667
0.00527962867197642
1E-10
1E-10
Gen 551
0.413526570048309
0.0359851936224109
0.138661145617667
0.00527962867197642
1E-10
1E-10
Gen 552
0.413526570048309
0.0342111802002236
0.136844720500894
1E-10
1E-10
1E-10
Gen 553
0.413526570048309
0.0337358680737375
0.13494347199495
1E-10
1E-10
1E-10
Gen 554
0.413526570048309
0.0337358680737375
0.13494347199495
1E-10
1E-10
1E-10
Gen 555
0.413526570048309
0.0339090282458977
0.135636112683591
1E-10
1E-10
1E-10
Gen 556
0.413526570048309
0.0346449589808285
0.138579835623314
1E-10
1E-10
1E-10
Gen 557
0.413526570048309
0.0333471360338316
0.133388543835326
1E-10
1E-10
1E-10
Gen 558
0.413526570048309
0.0333471360338316
0.133388543835326
1E-10
1E-10
1E-10
Gen 559
0.413526570048309
0.0336934563801519
0.134773825220608
1E-10
1E-10
1E-10
Gen 560
0.413526570048309
0.0336934563801519
0.134773825220608
1E-10
1E-10
1E-10
Gen 561
0.413526570048309
0.0336934563801519
0.134773825220608
1E-10
1E-10
1E-10
Gen 562
0.413526570048309
0.0338480457511326
0.13539218270453
1E-10
1E-10
1E-10
Gen 563
0.413526570048309
0.0338480457511326
0.13539218270453
1E-10
1E-10
1E-10
Gen 564
0.413526570048309
0.0317983563141388
0.127193424956555
1E-10
1E-10
1E-10
Gen 565
0.413526570048309
0.0320917247814203
0.128366898825681
1E-10
1E-10
1E-10
Gen 566
0.413526570048309
0.0320917247814203
0.128366898825681
1E-10
1E-10
1E-10
Gen 567
0.413526570048309
0.0332172659049615
0.132869063319846
1E-10
1E-10
1E-10
Gen 568
0.413526570048309
0.0332172659049615
0.132869063319846
1E-10
1E-10
1E-10
Gen 569
0.413526570048309
0.0315594454665323
0.126237781566129
1E-10
1E-10
1E-10
Gen 570
0.413526570048309
0.0357697472310515
0.140037894472677
0.00304109425152895
1E-10
1E-10
Gen 571
0.413526570048309
0.0353557940374896
0.140037894472677
0.00138528147728139
1E-10
1E-10
Gen 572
0.413526570048309
0.0333904260781216
0.133561704012487
1E-10
1E-10
1E-10
Gen 573
0.413526570048309
0.0333904260781216
0.133561704012487
1E-10
1E-10
1E-10
Gen 574
0.413526570048309
0.0321980049726571
0.128792019590628
1E-10
1E-10
1E-10
Gen 575
0.413526570048309
0.0333235460971982
0.133294184088793
1E-10
1E-10
1E-10
Gen 576
0.413526570048309
0.0320484347391303
0.128193738656521
1E-10
1E-10
1E-10
Gen 577
0.413526570048309
0.0320484347391303
0.128193738656521
1E-10
1E-10
1E-10
Gen 578
0.413526570048309
0.0321350148247104
0.128540058998842
1E-10
1E-10
1E-10
Gen 579
0.413526570048309
0.0324380451277407
0.129752180210963
1E-10
1E-10
1E-10
Gen 580
0.413526570048309
0.0324380451277407
0.129752180210963
1E-10
1E-10
1E-10
Gen 581
0.413526570048309
0.0324380451277407
0.129752180210963
1E-10
1E-10
1E-10
Gen 582
0.413526570048309
0.0324380451277407
0.129752180210963
1E-10
1E-10
1E-10
Gen 583
0.413526570048309
0.0348189975036931
0.139275989714772
1E-10
1E-10
1E-10
Gen 584
0.413526570048309
0.0348189975036931
0.139275989714772
1E-10
1E-10
1E-10
Gen 585
0.413526570048309
0.0348189975036931
0.139275989714772
1E-10
1E-10
1E-10
Gen 586
0.413526570048309
0.0324380451277407
0.129752180210963
1E-10
1E-10
1E-10
Gen 587
0.413526570048309
0.0324380451277407
0.129752180210963
1E-10
1E-10
1E-10
Gen 588
0.413526570048309
0.0324380451277407
0.129752180210963
1E-10
1E-10
1E-10
Gen 589
0.413526570048309
0.0303601230538186
0.121440491915274
1E-10
1E-10
1E-10
Gen 590
0.413526570048309
0.0303601230538186
0.121440491915274
1E-10
1E-10
1E-10
Gen 591
0.413526570048309
0.0306299015814667
0.122519606025867
1E-10
1E-10
1E-10
Gen 592
0.413526570048309
0.0304467031393987
0.121786812257595
1E-10
1E-10
1E-10
Gen 593
0.413526570048309
0.0303601230538186
0.121440491915274
1E-10
1E-10
1E-10
Gen 594
0.413526570048309
0.0303601230538186
0.121440491915274
1E-10
1E-10
1E-10
Gen 595
0.413526570048309
0.0312359621855273
0.124943848442109
1E-10
1E-10
1E-10
Gen 596
0.413526570048309
0.0316785244541765
0.126714097516706
1E-10
1E-10
1E-10
Gen 597
0.413526570048309
0.0318319845186801
0.12732793777472
1E-10
1E-10
1E-10
Gen 598
0.413526570048309
0.0328321727342596
0.131328690637038
1E-10
1E-10
1E-10
Gen 599
0.413526570048309
0.0330486229497098
0.132194491498839
1E-10
1E-10
1E-10
Gen 600
0.413526570048309
0.03326507316716
0.13306029236864
1E-10
1E-10
1E-10
Gen 601
0.413526570048309
0.0351891587374195
0.137908777213125
0.0028478575365531
1E-10
1E-10
Gen 602
0.413526570048309
0.032741075429771
0.130964301419084
1E-10
1E-10
1E-10
Gen 603
0.413526570048309
0.0245396826296825
0.0981587302187301
1E-10
1E-10
1E-10
Gen 604
0.413526570048309
0.0245396826296825
0.0981587302187301
1E-10
1E-10
1E-10
Gen 605
0.413526570048309
0.0245396826296825
0.0981587302187301
1E-10
1E-10
1E-10
Gen 606
0.413526570048309
0.025015873104873
0.100063492119492
1E-10
1E-10
1E-10
Gen 607
0.413526570048309
0.0254920635800635
0.101968254020254
1E-10
1E-10
1E-10
Gen 608
0.413526570048309
0.025968254055254
0.103873015921016
1E-10
1E-10
1E-10
Gen 609
0.413526570048309
0.0261421670967322
0.104568668086929
1E-10
1E-10
1E-10
Gen 610
0.413526570048309
0.0272673317831143
0.109069326832457
1E-10
1E-10
1E-10
Gen 611
0.413526570048309
0.027007215091215
0.10802886006486
1E-10
1E-10
1E-10
Gen 612
0.413526570048309
0.0318771567387654
0.127508626655061
1E-10
1E-10
1E-10
Gen 613
0.413526570048309
0.0318385093967702
0.127354037287081
1E-10
1E-10
1E-10
Gen 614
0.413526570048309
0.0327908903471511
0.131163561088605
1E-10
1E-10
1E-10
Gen 615
0.413526570048309
0.0323077985617115
0.129231193946846
1E-10
1E-10
1E-10
Gen 616
0.413526570048309
0.0323077985617115
0.129231193946846
1E-10
1E-10
1E-10
Gen 617
0.413526570048309
0.032655624646668
0.130622498286672
1E-10
1E-10
1E-10
Gen 618
0.413526570048309
0.032472049768441
0.129888198773764
1E-10
1E-10
1E-10
Gen 619
0.413526570048309
0.0320480583019713
0.128192232907885
1E-10
1E-10
1E-10
Gen 620
0.413526570048309
0.032106029315464
0.128424116961856
1E-10
1E-10
1E-10
Gen 621
0.413526570048309
0.0320480583019713
0.128192232907885
1E-10
1E-10
1E-10
Gen 622
0.413526570048309
0.0350085953434648
0.139688060731539
0.000346320442320346
1E-10
1E-10
Gen 623
0.413526570048309
0.0345645273361794
0.138258109044718
1E-10
1E-10
1E-10
Gen 624
0.413526570048309
0.035072840277275
0.139425559947299
0.000865800961800867
1E-10
1E-10
Gen 625
0.413526570048309
0.035072840277275
0.139425559947299
0.000865800961800867
1E-10
1E-10
Gen 626
0.413526570048309
0.039055900686118
0.144100884622624
0.0121227179218483
1E-10
1E-10
Gen 627
0.413526570048309
0.0389256541350888
0.155702616240355
1E-10
1E-10
1E-10
Gen 628
0.413526570048309
0.0389256541350888
0.155702616240355
1E-10
1E-10
1E-10
Gen 629
0.413526570048309
0.0389256541350888
0.155702616240355
1E-10
1E-10
1E-10
