Gen 1
0.108225108225108
0.00658121588556371
0.0263248635422548
0
0
0
Gen 2
0.108225108225108
0.0722648848735805
0.108225108225108
0.0928138528138528
0.0536796536796537
0.0343409247757074
Gen 3
0.108225108225108
0.0908476064997803
0.108225108225108
0.108225108225108
0.098008658008658
0.0489315515402472
Gen 4
0.108225108225108
0.0983549783549783
0.108225108225108
0.108225108225108
0.108225108225108
0.0687445887445887
Gen 5
0.108225108225108
0.0986580086580086
0.108225108225108
0.108225108225108
0.108225108225108
0.06995670995671
Gen 6
0.125541125541126
0.103077357425183
0.108917748917749
0.108225108225108
0.108225108225108
0.0869414643327687
Gen 7
0.125541125541126
0.103163937511763
0.10961038961039
0.108225108225108
0.108225108225108
0.0865951439864483
Gen 8
0.125541125541126
0.107878787878788
0.110995670995671
0.108225108225108
0.108225108225108
0.104069264069264
Gen 9
0.125541125541126
0.109047619047619
0.112380952380952
0.108225108225108
0.108225108225108
0.107359307359307
Gen 10
0.125541125541126
0.10974025974026
0.118614718614719
0.108225108225108
0.108225108225108
0.103896103896104
Gen 11
0.125541125541126
0.110137147876278
0.125541125541126
0.111688311688312
0.108225108225108
0.0950940460505678
Gen 12
0.125541125541126
0.113080870820001
0.125541125541126
0.125541125541126
0.108225108225108
0.0930161239726457
Gen 13
0.125541125541126
0.117965367965368
0.125541125541126
0.125541125541126
0.116536796536796
0.104242424242424
Gen 14
0.125541125541126
0.119487797226928
0.125541125541126
0.125541125541126
0.121385281385281
0.105483656440178
Gen 15
0.125541125541126
0.1195670995671
0.125541125541126
0.125541125541126
0.125541125541126
0.101645021645022
Gen 16
0.125541125541126
0.123463203463203
0.125541125541126
0.125541125541126
0.125541125541126
0.117229437229437
Gen 17
0.125541125541126
0.12004329004329
0.125541125541126
0.125541125541126
0.125541125541126
0.103549783549784
Gen 18
0.125541125541126
0.121541376497898
0.125541125541126
0.125541125541126
0.125541125541126
0.109542129368216
Gen 19
0.125541125541126
0.122948616600791
0.125541125541126
0.125541125541126
0.125541125541126
0.115171089779785
Gen 20
0.125541125541126
0.118442687747036
0.125541125541126
0.125541125541126
0.125541125541126
0.0971473743647657
Gen 21
0.125541125541126
0.122518100257231
0.125541125541126
0.125541125541126
0.125541125541126
0.113449024405546
Gen 22
0.125541125541126
0.122561390300521
0.125541125541126
0.125541125541126
0.125541125541126
0.113622184578706
Gen 23
0.125541125541126
0.1225119518163
0.125541125541126
0.125541125541126
0.125541125541126
0.113424430641822
Gen 24
0.125541125541126
0.124285714285714
0.125541125541126
0.125541125541126
0.125541125541126
0.120519480519481
Gen 25
0.125541125541126
0.122964175920698
0.125541125541126
0.125541125541126
0.125541125541126
0.115233327059414
Gen 26
0.12987012987013
0.123146997929607
0.125714285714286
0.125541125541126
0.125541125541126
0.11579145492189
Gen 27
0.12987012987013
0.119987954074911
0.125714285714286
0.125541125541126
0.125541125541126
0.103155279503106
Gen 28
0.12987012987013
0.122251082251082
0.126060606060606
0.125541125541126
0.125541125541126
0.111861471861472
Gen 29
0.12987012987013
0.124285714285714
0.126406926406926
0.125541125541126
0.125541125541126
0.11965367965368
Gen 30
0.12987012987013
0.118614718614719
0.127099567099567
0.125541125541126
0.125541125541126
0.0962770562770563
Gen 31
0.12987012987013
0.122647970387101
0.128658008658009
0.125541125541126
0.125541125541126
0.110851621808144
Gen 32
0.12987012987013
0.124379572118703
0.12987012987013
0.127099567099567
0.125541125541126
0.115007465963988
Gen 33
0.12987012987013
0.126277056277056
0.12987012987013
0.129177489177489
0.125541125541126
0.120519480519481
Gen 34
0.12987012987013
0.125108225108225
0.12987012987013
0.12987012987013
0.127445887445888
0.113246753246753
Gen 35
0.12987012987013
0.128181818181818
0.12987012987013
0.12987012987013
0.128831168831169
0.124155844155844
Gen 36
0.12987012987013
0.126241043980175
0.12987012987013
0.12987012987013
0.129004329004329
0.116219587176109
Gen 37
0.12987012987013
0.123483907396951
0.12987012987013
0.12987012987013
0.129523809523809
0.104671560323734
Gen 38
0.12987012987013
0.123210740949871
0.12987012987013
0.12987012987013
0.12987012987013
0.103232574189096
Gen 39
0.12987012987013
0.127359307359307
0.12987012987013
0.12987012987013
0.12987012987013
0.11982683982684
Gen 40
0.12987012987013
0.126147186147186
0.12987012987013
0.12987012987013
0.12987012987013
0.114978354978355
Gen 41
0.12987012987013
0.123809523809524
0.12987012987013
0.12987012987013
0.12987012987013
0.105627705627706
Gen 42
0.12987012987013
0.129437229437229
0.12987012987013
0.12987012987013
0.12987012987013
0.128138528138528
Gen 43
0.12987012987013
0.124891774891775
0.12987012987013
0.12987012987013
0.12987012987013
0.10995670995671
Gen 44
0.12987012987013
0.123463203463203
0.12987012987013
0.12987012987013
0.12987012987013
0.104242424242424
Gen 45
0.12987012987013
0.12978354978355
0.12987012987013
0.12987012987013
0.12987012987013
0.129523809523809
Gen 46
0.12987012987013
0.127503732981994
0.12987012987013
0.12987012987013
0.12987012987013
0.120404542317586
Gen 47
0.12987012987013
0.126500784239915
0.12987012987013
0.12987012987013
0.12987012987013
0.116392747349269
Gen 48
0.12987012987013
0.125930735930736
0.12987012987013
0.12987012987013
0.12987012987013
0.114112554112554
Gen 49
0.12987012987013
0.128268398268398
0.12987012987013
0.12987012987013
0.12987012987013
0.123463203463203
Gen 50
0.12987012987013
0.12987012987013
0.12987012987013
0.12987012987013
0.12987012987013
0.12987012987013
Gen 51
0.12987012987013
0.128398268398268
0.12987012987013
0.12987012987013
0.12987012987013
0.123982683982684
Gen 52
0.12987012987013
0.12969696969697
0.12987012987013
0.12987012987013
0.12987012987013
0.129177489177489
Gen 53
0.12987012987013
0.125108225108225
0.12987012987013
0.12987012987013
0.12987012987013
0.110822510822511
Gen 54
0.12987012987013
0.128441558441558
0.12987012987013
0.12987012987013
0.12987012987013
0.124155844155844
Gen 55
0.12987012987013
0.128225108225108
0.12987012987013
0.12987012987013
0.12987012987013
0.123290043290043
Gen 56
0.12987012987013
0.125364828408307
0.12987012987013
0.12987012987013
0.12987012987013
0.111848924022837
Gen 57
0.151515151515152
0.124329004329004
0.130735930735931
0.12987012987013
0.12987012987013
0.106839826839827
Gen 58
0.151515151515152
0.127086768304159
0.131601731601732
0.12987012987013
0.12987012987013
0.117005081874647
Gen 59
0.151515151515152
0.127842775581906
0.133333333333333
0.12987012987013
0.12987012987013
0.118297509254031
Gen 60
0.151515151515152
0.125744400527009
0.135064935064935
0.12987012987013
0.12987012987013
0.108172407302842
Gen 61
0.151515151515152
0.133376623376623
0.144588744588745
0.12987012987013
0.12987012987013
0.129177489177489
Gen 62
0.151515151515152
0.137142857142857
0.151515151515151
0.141125541125541
0.12987012987013
0.126060606060606
Gen 63
0.151515151515152
0.142170274170274
0.151515151515151
0.151515151515151
0.14025974025974
0.125391053391053
Gen 64
0.151515151515152
0.143290043290043
0.151515151515151
0.151515151515151
0.148917748917749
0.121212121212121
Gen 65
0.151515151515152
0.145591693330824
0.151515151515151
0.151515151515151
0.151515151515151
0.12782131877784
Gen 66
0.151515151515152
0.1451286780852
0.151515151515151
0.151515151515151
0.151515151515151
0.125969257795345
Gen 67
0.151515151515152
0.145930735930736
0.151515151515151
0.151515151515151
0.151515151515151
0.129177489177489
Gen 68
0.151515151515152
0.148917748917749
0.151515151515151
0.151515151515151
0.151515151515151
0.141125541125541
Gen 69
0.151515151515152
0.147062049062049
0.151515151515151
0.151515151515151
0.151515151515151
0.133702741702742
Gen 70
0.151515151515152
0.148381203337725
0.151515151515151
0.151515151515151
0.151515151515151
0.138979358805446
Gen 71
0.151515151515152
0.150222222222223
0.151515151515151
0.151515151515151
0.151515151515151
0.146343434343434
Gen 72
0.151515151515152
0.147938641069076
0.151515151515151
0.151515151515151
0.151515151515151
0.137209109730849
Gen 73
0.38961038961039
0.149572871572872
0.161038961038961
0.151515151515151
0.151515151515151
0.134222222222222
Gen 74
0.38961038961039
0.165324675324676
0.208658008658009
0.151515151515151
0.151515151515151
0.14961038961039
Gen 75
0.38961038961039
0.199727460944853
0.361038961038961
0.151515151515151
0.151515151515151
0.134840579710145
Gen 76
0.38961038961039
0.26182545956459
0.38961038961039
0.370562770562771
0.151515151515151
0.135613526570048
Gen 77
0.38961038961039
0.329271347010477
0.38961038961039
0.38961038961039
0.38961038961039
0.148254219210741
Gen 78
0.38961038961039
0.355063805759458
0.38961038961039
0.38961038961039
0.38961038961039
0.251424054206663
Gen 79
0.38961038961039
0.367216261998871
0.38961038961039
0.38961038961039
0.38961038961039
0.300033879164314
Gen 80
0.38961038961039
0.365311500094109
0.38961038961039
0.38961038961039
0.38961038961039
0.292414831545266
Gen 81
0.38961038961039
0.380246565029174
0.38961038961039
0.38961038961039
0.38961038961039
0.352155091285526
Gen 82
0.423188405797101
0.377435347261434
0.390953510257858
0.38961038961039
0.38961038961039
0.3395670995671
Gen 83
0.423188405797101
0.370671560323734
0.392296630905327
0.38961038961039
0.38961038961039
0.311168831168831
Gen 84
0.423188405797101
0.370290482464395
0.396325992847732
0.38961038961039
0.38961038961039
0.305615157789071
Gen 85
0.423188405797101
0.38244871070958
0.403041596085074
0.38961038961039
0.38961038961039
0.347532467532467
Gen 86
0.423188405797101
0.37801166948993
0.415129681912291
0.38961038961039
0.38961038961039
0.317696216826652
Gen 87
0.435748792270531
0.402800928540059
0.423690821256039
0.417815923207228
0.38961038961039
0.38008658008658
Gen 88
0.435748792270531
0.381065060543322
0.424193236714976
0.423188405797102
0.38961038961039
0.287268210050819
Gen 89
0.435748792270531
0.403767237593325
0.425586548716984
0.423188405797102
0.409757199322417
0.356536796536797
Gen 90
0.435748792270531
0.390827780914738
0.426979860718991
0.423188405797102
0.420502164502165
0.292640692640693
Gen 91
0.435748792270531
0.413949808645461
0.431273731099818
0.423188405797102
0.423188405797102
0.378148691887822
Gen 92
0.435748792270531
0.410505803375369
0.43540698914612
0.425130811217768
0.423188405797102
0.358297007340486
Gen 93
0.435748792270531
0.41482150699542
0.435748792270531
0.432827655436351
0.423188405797102
0.367521174477696
Gen 94
0.435748792270531
0.41267582658887
0.435748792270531
0.43540698914612
0.425208105903758
0.354339419035071
Gen 95
0.435748792270531
0.41373335842901
0.435748792270531
0.435748792270531
0.431578894535416
0.351856954639563
Gen 96
0.435748792270531
0.40009172470042
0.435748792270531
0.435748792270531
0.433200075287032
0.295669238973587
Gen 97
0.435748792270531
0.409220026350461
0.435748792270531
0.435748792270531
0.434749984315202
0.33063253654558
Gen 98
0.437229437229437
0.423568981742894
0.435808018068888
0.435748792270531
0.435748792270531
0.386970324361629
Gen 99
0.437229437229437
0.42244595018508
0.435867243867244
0.435748792270531
0.435748792270531
0.382418972332016
Gen 100
0.437229437229437
0.414708576447706
0.436044921262313
0.435748792270531
0.435748792270531
0.351291799987452
Gen 101
0.437229437229437
0.422631783675261
0.43640027605245
0.435748792270531
0.435748792270531
0.382629274107535
Gen 102
0.437229437229437
0.417686429512516
0.437051759834369
0.435748792270531
0.435748792270531
0.362196373674634
Gen 103
0.437229437229437
0.41298776585733
0.437229437229437
0.436518727649163
0.435748792270531
0.342454106280193
Gen 104
0.437229437229437
0.416364012798795
0.437229437229437
0.437229437229437
0.435867243867244
0.355129932869063
Gen 105
0.437229437229437
0.428649852562896
0.437229437229437
0.437229437229437
0.436755630842588
0.403384904950122
Gen 106
0.437229437229437
0.423479766610201
0.437229437229437
0.437229437229437
0.437229437229437
0.382230754752494
Gen 107
0.437229437229437
0.424934813978292
0.437229437229437
0.437229437229437
0.437229437229437
0.388050944224857
Gen 108
0.437229437229437
0.419702365267583
0.437229437229437
0.437229437229437
0.437229437229437
0.367121149382019
Gen 109
0.437229437229437
0.428539557061296
0.437229437229437
0.437229437229437
0.437229437229437
0.402469916556873
Gen 110
0.437229437229437
0.408525879917184
0.437229437229437
0.437229437229437
0.437229437229437
0.322415207980425
Gen 111
0.437229437229437
0.418006399397704
0.437229437229437
0.437229437229437
0.437229437229437
0.360337285902503
Gen 112
0.437229437229437
0.422277307233829
0.437229437229437
0.437229437229437
0.437229437229437
0.377420917247004
Gen 113
0.437229437229437
0.434313068573939
0.437229437229437
0.437229437229437
0.437229437229437
0.425563962607441
Gen 114
0.437229437229437
0.407488048183701
0.437229437229437
0.437229437229437
0.437229437229437
0.31826388104649
Gen 115
0.437229437229437
0.405063805759458
0.437229437229437
0.437229437229437
0.437229437229437
0.30856691134952
Gen 116
0.437229437229437
0.43368253968254
0.437229437229437
0.437229437229437
0.437229437229437
0.423041847041847
Gen 117
0.437229437229437
0.414004015308364
0.437229437229437
0.437229437229437
0.437229437229437
0.344327749545141
Gen 118
0.437229437229437
0.419465713030931
0.437229437229437
0.437229437229437
0.437229437229437
0.36617454043541
Gen 119
0.437229437229437
0.425223288788507
0.437229437229437
0.437229437229437
0.437229437229437
0.389204843465713
Gen 120
0.437229437229437
0.419623188405797
0.437229437229437
0.437229437229437
0.437229437229437
0.366804441934877
Gen 121
0.437229437229437
0.410739946044294
0.437229437229437
0.437229437229437
0.437229437229437
0.331271472488864
Gen 122
0.437229437229437
0.407517661082879
0.437229437229437
0.437229437229437
0.437229437229437
0.318382332643202
Gen 123
0.437229437229437
0.410255348516219
0.437229437229437
0.437229437229437
0.437229437229437
0.329333082376561
Gen 124
0.437229437229437
0.423496706192359
0.437229437229437
0.437229437229437
0.437229437229437
0.382298513081122
Gen 125
0.437229437229437
0.421138339920949
0.437229437229437
0.437229437229437
0.437229437229437
0.372865047995483
Gen 126
0.437229437229437
0.424097747662966
0.437229437229437
0.437229437229437
0.437229437229437
0.384702678963548
Gen 127
0.437229437229437
0.41894623251145
0.437229437229437
0.437229437229437
0.437229437229437
0.364096618357488
Gen 128
0.437229437229437
0.425136708701927
0.437229437229437
0.437229437229437
0.437229437229437
0.388858523119393
Gen 129
0.437229437229437
0.400644958905829
0.437229437229437
0.437229437229437
0.437229437229437
0.290891523935002
Gen 130
0.437229437229437
0.429465713030931
0.437229437229437
0.437229437229437
0.437229437229437
0.40617454043541
Gen 131
0.437229437229437
0.417353284396763
0.437229437229437
0.437229437229437
0.437229437229437
0.357724825898739
Gen 132
0.437229437229437
0.41808043164565
0.437229437229437
0.437229437229437
0.437229437229437
0.360633414894285
Gen 133
0.437229437229437
0.422799046364264
0.437229437229437
0.437229437229437
0.437229437229437
0.379507873768743
Gen 134
0.437229437229437
0.424097747662966
0.437229437229437
0.437229437229437
0.437229437229437
0.384702678963548
Gen 135
0.437229437229437
0.433881297446515
0.437229437229437
0.437229437229437
0.437229437229437
0.423836878097748
Gen 136
0.437229437229437
0.421471861471862
0.437229437229437
0.437229437229437
0.437229437229437
0.374199134199134
Gen 137
0.437229437229437
0.417575757575758
0.437229437229437
0.437229437229437
0.437229437229437
0.358614718614719
Gen 138
0.437229437229437
0.425021645021646
0.437229437229437
0.437229437229437
0.437229437229437
0.388398268398268
Gen 139
0.437229437229437
0.433852813852815
0.437229437229437
0.437229437229437
0.437229437229437
0.423722943722944
Gen 140
0.437229437229437
0.417878787878788
0.437229437229437
0.437229437229437
0.437229437229437
0.35982683982684
Gen 141
0.437229437229437
0.415640253466341
0.437229437229437
0.437229437229437
0.437229437229437
0.35087270217705
Gen 142
0.437229437229437
0.433549783549784
0.437229437229437
0.437229437229437
0.437229437229437
0.422510822510822
Gen 143
0.437229437229437
0.429465713030931
0.437229437229437
0.437229437229437
0.437229437229437
0.40617454043541
Gen 144
0.437229437229437
0.425933496455236
0.437229437229437
0.437229437229437
0.437229437229437
0.392045674132631
Gen 145
0.437229437229437
0.426972457494197
0.437229437229437
0.437229437229437
0.437229437229437
0.396201518288475
Gen 146
0.437229437229437
0.417748917748918
0.437229437229437
0.437229437229437
0.437229437229437
0.359307359307359
Gen 147
0.437229437229437
0.421341991341992
0.437229437229437
0.437229437229437
0.437229437229437
0.373679653679654
Gen 148
0.437229437229437
0.413896103896104
0.437229437229437
0.437229437229437
0.437229437229437
0.343896103896104
Gen 149
0.437229437229437
0.413904887383149
0.437229437229437
0.437229437229437
0.437229437229437
0.343931237844281
Gen 150
0.437229437229437
0.40393337097685
0.437229437229437
0.437229437229437
0.437229437229437
0.304045172219085
Gen 151
0.437229437229437
0.410201643766862
0.437229437229437
0.437229437229437
0.437229437229437
0.329118263379133
Gen 152
0.437229437229437
0.416103896103897
0.437229437229437
0.437229437229437
0.437229437229437
0.352727272727273
Gen 153
0.437229437229437
0.418398268398269
0.437229437229437
0.437229437229437
0.437229437229437
0.361904761904762
Gen 154
0.437229437229437
0.427637869377
0.437229437229437
0.437229437229437
0.437229437229437
0.398863165819688
Gen 155
0.437229437229437
0.405194805194806
0.437229437229437
0.437229437229437
0.437229437229437
0.309090909090909
Gen 156
0.437229437229437
0.408225108225109
0.437229437229437
0.437229437229437
0.437229437229437
0.321212121212121
Gen 157
0.437229437229437
0.423257167952821
0.437229437229437
0.437229437229437
0.437229437229437
0.381340360122969
Gen 158
0.437229437229437
0.425800865800866
0.437229437229437
0.437229437229437
0.437229437229437
0.391515151515151
Gen 159
0.437229437229437
0.40961038961039
0.437229437229437
0.437229437229437
0.437229437229437
0.326753246753247
Gen 160
0.437229437229437
0.41991341991342
0.437229437229437
0.437229437229437
0.437229437229437
0.367965367965368
Gen 161
0.437229437229437
0.433852813852815
0.437229437229437
0.437229437229437
0.437229437229437
0.423722943722944
Gen 162
0.437229437229437
0.403881297446515
0.437229437229437
0.437229437229437
0.437229437229437
0.303836878097748
Gen 163
0.437229437229437
0.424573938139156
0.437229437229437
0.437229437229437
0.437229437229437
0.38660744086831
Gen 164
0.437229437229437
0.416833803877283
0.437229437229437
0.437229437229437
0.437229437229437
0.355646903820817
Gen 165
0.437229437229437
0.415244871070958
0.437229437229437
0.437229437229437
0.437229437229437
0.34929117259552
Gen 166
0.437229437229437
0.428449589058285
0.437229437229437
0.437229437229437
0.437229437229437
0.402110044544827
Gen 167
0.437229437229437
0.410892402283707
0.437229437229437
0.437229437229437
0.437229437229437
0.331881297446515
Gen 168
0.437229437229437
0.421793713532844
0.437229437229437
0.437229437229437
0.437229437229437
0.375486542443064
Gen 169
0.437229437229437
0.424520986260117
0.437229437229437
0.437229437229437
0.437229437229437
0.386395633352155
Gen 170
0.437229437229437
0.424564276303407
0.437229437229437
0.437229437229437
0.437229437229437
0.386568793525315
Gen 171
0.437229437229437
0.411577263316394
0.437229437229437
0.437229437229437
0.437229437229437
0.334620741577263
Gen 172
0.437229437229437
0.412071020766673
0.437229437229437
0.437229437229437
0.437229437229437
0.33659577137838
Gen 173
0.437229437229437
0.391672626890018
0.437229437229437
0.437229437229437
0.437229437229437
0.255002195871761
Gen 174
0.437229437229437
0.396044921262313
0.437229437229437
0.437229437229437
0.437229437229437
0.272491373360939
Gen 175
0.437229437229437
0.433308865047996
0.437229437229437
0.437229437229437
0.437229437229437
0.42154714850367
Gen 176
0.437229437229437
0.428027479766611
0.437229437229437
0.437229437229437
0.437229437229437
0.400421607378129
Gen 177
0.437229437229437
0.429474872953134
0.437229437229437
0.437229437229437
0.437229437229437
0.406211180124224
Gen 178
0.437229437229437
0.433197816676078
0.437229437229437
0.437229437229437
0.437229437229437
0.421102955015998
Gen 179
0.437229437229437
0.425242863416777
0.437229437229437
0.437229437229437
0.437229437229437
0.389283141978794
Gen 180
0.437229437229437
0.403674007152268
0.437229437229437
0.437229437229437
0.437229437229437
0.30300771692076
Gen 181
0.437229437229437
0.412486354225485
0.437229437229437
0.437229437229437
0.437229437229437
0.338257105213627
Gen 182
0.437229437229437
0.423135704874836
0.437229437229437
0.437229437229437
0.437229437229437
0.38085450781103
Gen 183
0.437229437229437
0.430408432147563
0.437229437229437
0.437229437229437
0.437229437229437
0.409945416901939
Gen 184
0.437229437229437
0.421317523056654
0.437229437229437
0.437229437229437
0.437229437229437
0.373581780538302
Gen 185
0.437229437229437
0.429066440805572
0.437229437229437
0.437229437229437
0.437229437229437
0.404577451533973
Gen 186
0.437229437229437
0.418200639939771
0.437229437229437
0.437229437229437
0.437229437229437
0.36111424807077
Gen 187
0.437229437229437
0.413896103896104
0.437229437229437
0.437229437229437
0.437229437229437
0.343896103896104
Gen 188
0.437229437229437
0.424805194805195
0.437229437229437
0.437229437229437
0.437229437229437
0.387532467532467
Gen 189
0.437229437229437
0.422251082251083
0.437229437229437
0.437229437229437
0.437229437229437
0.377316017316017
Gen 190
0.437229437229437
0.428484848484849
0.437229437229437
0.437229437229437
0.437229437229437
0.402251082251082
Gen 191
0.437229437229437
0.416839826839827
0.437229437229437
0.437229437229437
0.437229437229437
0.355670995670996
Gen 192
0.437229437229437
0.412433402346446
0.437229437229437
0.437229437229437
0.437229437229437
0.338045297697472
Gen 193
0.437229437229437
0.432303532216576
0.437229437229437
0.437229437229437
0.437229437229437
0.417525817177991
Gen 194
0.437229437229437
0.427584917497962
0.437229437229437
0.437229437229437
0.437229437229437
0.398651358303532
Gen 195
0.437229437229437
0.433139469226426
0.437229437229437
0.437229437229437
0.437229437229437
0.420869565217391
Gen 196
0.437229437229437
0.416555618294749
0.437229437229437
0.437229437229437
0.437229437229437
0.354534161490683
Gen 197
0.437229437229437
0.416479076479077
0.437229437229437
0.437229437229437
0.437229437229437
0.354227994227994
Gen 198
0.437229437229437
0.428503670242801
0.437229437229437
0.437229437229437
0.437229437229437
0.402326369282891
Gen 199
0.437229437229437
0.410869565217392
0.437229437229437
0.437229437229437
0.437229437229437
0.331789949181254
Gen 200
0.437229437229437
0.42870506305289
0.437229437229437
0.437229437229437
0.437229437229437
0.403131940523245
Gen 201
0.437229437229437
0.417752682100509
0.437229437229437
0.437229437229437
0.437229437229437
0.359322416713721
Gen 202
0.437229437229437
0.425891210239037
0.437229437229437
0.437229437229437
0.437229437229437
0.391876529267834
Gen 203
0.437229437229437
0.415789823702868
0.437229437229437
0.437229437229437
0.437229437229437
0.351470983123157
Gen 204
0.437229437229437
0.424951377125291
0.437229437229437
0.437229437229437
0.437229437229437
0.388117196812849
Gen 205
0.437229437229437
0.426336909467345
0.437229437229437
0.437229437229437
0.437229437229437
0.393659326181065
Gen 206
0.437229437229437
0.419542631281762
0.437229437229437
0.437229437229437
0.437229437229437
0.366482213438735
Gen 207
0.437229437229437
0.415995984691637
0.437229437229437
0.437229437229437
0.437229437229437
0.352295627078236
Gen 208
0.437229437229437
0.417352406048059
0.437229437229437
0.437229437229437
0.437229437229437
0.357721312503921
Gen 209
0.437229437229437
0.411168831168832
0.437229437229437
0.437229437229437
0.437229437229437
0.332987012987013
Gen 210
0.437229437229437
0.426493506493507
0.437229437229437
0.437229437229437
0.437229437229437
0.394285714285714
Gen 211
0.437229437229437
0.41939393939394
0.437229437229437
0.437229437229437
0.437229437229437
0.365887445887446
Gen 212
0.437229437229437
0.417922077922078
0.437229437229437
0.437229437229437
0.437229437229437
0.36
Gen 213
0.437229437229437
0.42974025974026
0.437229437229437
0.437229437229437
0.437229437229437
0.407272727272727
Gen 214
0.437229437229437
0.421385281385282
0.437229437229437
0.437229437229437
0.437229437229437
0.373852813852814
Gen 215
0.437229437229437
0.41370211431081
0.437229437229437
0.437229437229437
0.437229437229437
0.343120145554928
Gen 216
0.437229437229437
0.417575757575758
0.437229437229437
0.437229437229437
0.437229437229437
0.358614718614719
Gen 217
0.437229437229437
0.415324675324676
0.437229437229437
0.437229437229437
0.437229437229437
0.34961038961039
Gen 218
0.437229437229437
0.411586925152143
0.437229437229437
0.437229437229437
0.437229437229437
0.334659388920258
Gen 219
0.437229437229437
0.421586925152143
0.437229437229437
0.437229437229437
0.437229437229437
0.374659388920258
Gen 220
0.437229437229437
0.417012987012988
0.437229437229437
0.437229437229437
0.437229437229437
0.356363636363636
Gen 221
0.437229437229437
0.434025974025975
0.437229437229437
0.437229437229437
0.437229437229437
0.424415584415584
Gen 222
0.437229437229437
0.412207792207793
0.437229437229437
0.437229437229437
0.437229437229437
0.337142857142857
Gen 223
0.437229437229437
0.420086580086581
0.437229437229437
0.437229437229437
0.437229437229437
0.368658008658009
Gen 224
0.437229437229437
0.411567225045486
0.437229437229437
0.437229437229437
0.437229437229437
0.334580588493632
Gen 225
0.437229437229437
0.424848484848485
0.437229437229437
0.437229437229437
0.437229437229437
0.387705627705628
Gen 226
0.437229437229437
0.425627705627706
0.437229437229437
0.437229437229437
0.437229437229437
0.390822510822511
Gen 227
0.437229437229437
0.430043290043291
0.437229437229437
0.437229437229437
0.437229437229437
0.408484848484848
Gen 228
0.437229437229437
0.424112554112555
0.437229437229437
0.437229437229437
0.437229437229437
0.384761904761905
Gen 229
0.437229437229437
0.424112554112555
0.437229437229437
0.437229437229437
0.437229437229437
0.384761904761905
Gen 230
0.437229437229437
0.420661647531213
0.437229437229437
0.437229437229437
0.437229437229437
0.370958278436539
Gen 231
0.437229437229437
0.40505138339921
0.437229437229437
0.437229437229437
0.437229437229437
0.308517221908526
Gen 232
0.437229437229437
0.424629525064308
0.437229437229437
0.437229437229437
0.437229437229437
0.386829788568919
Gen 233
0.437229437229437
0.423374113808897
0.437229437229437
0.437229437229437
0.437229437229437
0.381808143547274
Gen 234
0.437229437229437
0.422032122466906
0.437229437229437
0.437229437229437
0.437229437229437
0.376440178179309
Gen 235
0.437229437229437
0.426345441997616
0.437229437229437
0.437229437229437
0.437229437229437
0.393693456302152
Gen 236
0.437229437229437
0.42056590752243
0.437229437229437
0.437229437229437
0.437229437229437
0.370575318401405
Gen 237
0.437229437229437
0.421403475751302
0.437229437229437
0.437229437229437
0.437229437229437
0.373925591316896
Gen 238
0.437229437229437
0.416944350335655
0.437229437229437
0.437229437229437
0.437229437229437
0.356089089654307
Gen 239
0.437229437229437
0.404891774891775
0.437229437229437
0.437229437229437
0.437229437229437
0.307878787878788
Gen 240
0.437229437229437
0.426839826839827
0.437229437229437
0.437229437229437
0.437229437229437
0.395670995670996
Gen 241
0.437229437229437
0.426623376623377
0.437229437229437
0.437229437229437
0.437229437229437
0.394805194805195
Gen 242
0.437229437229437
0.430995670995672
0.437229437229437
0.437229437229437
0.437229437229437
0.412294372294372
Gen 243
0.437229437229437
0.421298701298702
0.437229437229437
0.437229437229437
0.437229437229437
0.373506493506493
Gen 244
0.437229437229437
0.42891774891775
0.437229437229437
0.437229437229437
0.437229437229437
0.403982683982684
Gen 245
0.437229437229437
0.417792207792208
0.437229437229437
0.437229437229437
0.437229437229437
0.359480519480519
Gen 246
0.437229437229437
0.432857142857144
0.437229437229437
0.437229437229437
0.437229437229437
0.41974025974026
Gen 247
0.437229437229437
0.427541251019512
0.437229437229437
0.437229437229437
0.437229437229437
0.398476692389736
Gen 248
0.437229437229437
0.41974025974026
0.437229437229437
0.437229437229437
0.437229437229437
0.367272727272727
Gen 249
0.437229437229437
0.409759457933371
0.437229437229437
0.437229437229437
0.437229437229437
0.327349520045172
Gen 250
0.437229437229437
0.42952380952381
0.437229437229437
0.437229437229437
0.437229437229437
0.406406926406926
Gen 251
0.437229437229437
0.422121212121213
0.437229437229437
0.437229437229437
0.437229437229437
0.376796536796537
Gen 252
0.437229437229437
0.432857142857144
0.437229437229437
0.437229437229437
0.437229437229437
0.41974025974026
Gen 253
0.437229437229437
0.415064935064936
0.437229437229437
0.437229437229437
0.437229437229437
0.348571428571428
Gen 254
0.437229437229437
0.423376623376624
0.437229437229437
0.437229437229437
0.437229437229437
0.381818181818182
Gen 255
0.437229437229437
0.422509944162119
0.437229437229437
0.437229437229437
0.437229437229437
0.378351464960161
Gen 256
0.437229437229437
0.415193926846101
0.437229437229437
0.437229437229437
0.437229437229437
0.349087395696091
Gen 257
0.437229437229437
0.415082000125479
0.437229437229437
0.437229437229437
0.437229437229437
0.348639688813602
Gen 258
0.437229437229437
0.42213915553046
0.437229437229437
0.437229437229437
0.437229437229437
0.376868310433528
Gen 259
0.437229437229437
0.426409185017881
0.437229437229437
0.437229437229437
0.437229437229437
0.393948428383211
Gen 260
0.437229437229437
0.417210991906645
0.437229437229437
0.437229437229437
0.437229437229437
0.357155655938265
Gen 261
0.437229437229437
0.420234393625698
0.437229437229437
0.437229437229437
0.437229437229437
0.36924926281448
Gen 262
0.437229437229437
0.41284145805885
0.437229437229437
0.437229437229437
0.437229437229437
0.339677520547086
Gen 263
0.437229437229437
0.405992847731979
0.437229437229437
0.437229437229437
0.437229437229437
0.312283079239601
Gen 264
0.437229437229437
0.42952380952381
0.437229437229437
0.437229437229437
0.437229437229437
0.406406926406926
Gen 265
0.437229437229437
0.434372294372295
0.437229437229437
0.437229437229437
0.437229437229437
0.425800865800866
Gen 266
0.437229437229437
0.418796662274924
0.437229437229437
0.437229437229437
0.437229437229437
0.363498337411381
Gen 267
0.437229437229437
0.414458874458875
0.437229437229437
0.437229437229437
0.437229437229437
0.346147186147186
Gen 268
0.437229437229437
0.410562770562771
0.437229437229437
0.437229437229437
0.437229437229437
0.330562770562771
Gen 269
0.437229437229437
0.430779220779221
0.437229437229437
0.437229437229437
0.437229437229437
0.411428571428571
Gen 270
0.437229437229437
0.432597402597403
0.437229437229437
0.437229437229437
0.437229437229437
0.418701298701299
Gen 271
0.437229437229437
0.411956835435097
0.437229437229437
0.437229437229437
0.437229437229437
0.336139030052074
Gen 272
0.437229437229437
0.431298701298702
0.437229437229437
0.437229437229437
0.437229437229437
0.413506493506493
Gen 273
0.437229437229437
0.427922077922078
0.437229437229437
0.437229437229437
0.437229437229437
0.4
Gen 274
0.437229437229437
0.420216450216451
0.437229437229437
0.437229437229437
0.437229437229437
0.369177489177489
Gen 275
0.437229437229437
0.40563648911475
0.437229437229437
0.437229437229437
0.437229437229437
0.310857644770688
Gen 276
0.437229437229437
0.423558567036828
0.437229437229437
0.437229437229437
0.437229437229437
0.382545956459
Gen 277
0.437229437229437
0.428893280632412
0.437229437229437
0.437229437229437
0.437229437229437
0.403884810841332
Gen 278
0.437229437229437
0.421264194742456
0.437229437229437
0.437229437229437
0.437229437229437
0.373368467281511
Gen 279
0.437229437229437
0.421385281385282
0.437229437229437
0.437229437229437
0.437229437229437
0.373852813852814
Gen 280
0.437229437229437
0.42900432900433
0.437229437229437
0.437229437229437
0.437229437229437
0.404329004329004
Gen 281
0.437229437229437
0.41969696969697
0.437229437229437
0.437229437229437
0.437229437229437
0.367099567099567
Gen 282
0.437229437229437
0.421697095175357
0.437229437229437
0.437229437229437
0.437229437229437
0.375100069013112
Gen 283
0.437229437229437
0.420952380952381
0.437229437229437
0.437229437229437
0.437229437229437
0.372121212121212
Gen 284
0.437229437229437
0.433506493506494
0.437229437229437
0.437229437229437
0.437229437229437
0.422337662337662
Gen 285
0.437229437229437
0.432857142857144
0.437229437229437
0.437229437229437
0.437229437229437
0.41974025974026
Gen 286
0.437229437229437
0.425974025974027
0.437229437229437
0.437229437229437
0.437229437229437
0.392207792207792
Gen 287
0.437229437229437
0.415285526068135
0.437229437229437
0.437229437229437
0.437229437229437
0.349453792584227
Gen 288
0.437229437229437
0.416568542568543
0.437229437229437
0.437229437229437
0.437229437229437
0.354585858585859
Gen 289
0.437229437229437
0.42523244871071
0.437229437229437
0.437229437229437
0.437229437229437
0.389241483154527
Gen 290
0.437229437229437
0.432808206286468
0.437229437229437
0.437229437229437
0.437229437229437
0.419544513457557
Gen 291
0.437229437229437
0.424957651044608
0.437229437229437
0.437229437229437
0.437229437229437
0.388142292490118
Gen 292
0.437229437229437
0.416252587991719
0.437229437229437
0.437229437229437
0.437229437229437
0.353322040278562
Gen 293
0.437229437229437
0.425930735930737
0.437229437229437
0.437229437229437
0.437229437229437
0.392034632034632
Gen 294
0.437229437229437
0.428484848484849
0.437229437229437
0.437229437229437
0.437229437229437
0.402251082251082
Gen 295
0.437229437229437
0.420952380952381
0.437229437229437
0.437229437229437
0.437229437229437
0.372121212121212
Gen 296
0.437229437229437
0.414376058723885
0.437229437229437
0.437229437229437
0.437229437229437
0.345815923207227
Gen 297
0.437229437229437
0.423640127987955
0.437229437229437
0.437229437229437
0.437229437229437
0.382872200263505
Gen 298
0.437229437229437
0.424481460568418
0.437229437229437
0.437229437229437
0.437229437229437
0.386237530585357
Gen 299
0.437229437229437
0.432827529957965
0.437229437229437
0.437229437229437
0.437229437229437
0.419621808143547
Gen 300
0.437229437229437
0.422409686931427
0.437229437229437
0.437229437229437
0.437229437229437
0.377950436037393
Gen 301
0.437229437229437
0.434342681473117
0.437229437229437
0.437229437229437
0.437229437229437
0.425682414204153
Gen 302
0.437229437229437
0.433798732668298
0.437229437229437
0.437229437229437
0.437229437229437
0.42350661898488
Gen 303
0.437229437229437
0.418612710960537
0.437229437229437
0.437229437229437
0.437229437229437
0.362762532153836
Gen 304
0.437229437229437
0.428769558943473
0.437229437229437
0.437229437229437
0.437229437229437
0.403389924085576
Gen 305
0.437229437229437
0.422245937637243
0.437229437229437
0.437229437229437
0.437229437229437
0.377295438860656
Gen 306
0.437229437229437
0.425103080494385
0.437229437229437
0.437229437229437
0.437229437229437
0.388724010289228
Gen 307
0.437229437229437
0.430995670995672
0.437229437229437
0.437229437229437
0.437229437229437
0.412294372294372
Gen 308
0.437229437229437
0.430000000000001
0.437229437229437
0.437229437229437
0.437229437229437
0.408311688311688
Gen 309
0.437229437229437
0.410484973963235
0.437229437229437
0.437229437229437
0.437229437229437
0.330251584164628
Gen 310
0.437229437229437
0.417056277056278
0.437229437229437
0.437229437229437
0.437229437229437
0.356536796536796
Gen 311
0.437229437229437
0.408287220026351
0.437229437229437
0.437229437229437
0.437229437229437
0.32146056841709
Gen 312
0.437229437229437
0.423073593073594
0.437229437229437
0.437229437229437
0.437229437229437
0.380606060606061
Gen 313
0.437229437229437
0.421948051948053
0.437229437229437
0.437229437229437
0.437229437229437
0.376103896103896
Gen 314
0.437229437229437
0.424155844155845
0.437229437229437
0.437229437229437
0.437229437229437
0.384935064935065
Gen 315
0.437229437229437
0.416237530585357
0.437229437229437
0.437229437229437
0.437229437229437
0.353261810653115
Gen 316
0.437229437229437
0.411614279440367
0.437229437229437
0.437229437229437
0.437229437229437
0.334768806073154
Gen 317
0.437229437229437
0.416083192170149
0.437229437229437
0.437229437229437
0.437229437229437
0.352644456992283
Gen 318
0.437229437229437
0.418979860718992
0.437229437229437
0.437229437229437
0.437229437229437
0.364231131187653
Gen 319
0.437229437229437
0.42935064935065
0.437229437229437
0.437229437229437
0.437229437229437
0.405714285714286
Gen 320
0.437229437229437
0.408488612836439
0.437229437229437
0.437229437229437
0.437229437229437
0.322266139657444
Gen 321
0.437229437229437
0.432687747035574
0.437229437229437
0.437229437229437
0.437229437229437
0.419062676453981
Gen 322
0.437229437229437
0.401215885563712
0.437229437229437
0.437229437229437
0.437229437229437
0.293175230566535
Gen 323
0.437229437229437
0.413899868247695
0.437229437229437
0.437229437229437
0.437229437229437
0.343911161302466
Gen 324
0.437229437229437
0.418999184390489
0.437229437229437
0.437229437229437
0.437229437229437
0.364308425873643
Gen 325
0.437229437229437
0.422678838070143
0.437229437229437
0.437229437229437
0.437229437229437
0.379027040592258
Gen 326
0.437229437229437
0.425757575757576
0.437229437229437
0.437229437229437
0.437229437229437
0.391341991341991
Gen 327
0.437229437229437
0.420346320346321
0.437229437229437
0.437229437229437
0.437229437229437
0.36969696969697
Gen 328
0.437229437229437
0.417142857142858
0.437229437229437
0.437229437229437
0.437229437229437
0.356883116883117
Gen 329
0.437229437229437
0.415281385281386
0.437229437229437
0.437229437229437
0.437229437229437
0.349437229437229
Gen 330
0.437229437229437
0.425151515151516
0.437229437229437
0.437229437229437
0.437229437229437
0.388917748917749
Gen 331
0.437229437229437
0.418398268398269
0.437229437229437
0.437229437229437
0.437229437229437
0.361904761904762
Gen 332
0.437229437229437
0.433333333333334
0.437229437229437
0.437229437229437
0.437229437229437
0.421645021645022
Gen 333
0.437229437229437
0.422260242173286
0.437229437229437
0.437229437229437
0.437229437229437
0.377352657004831
Gen 334
0.437229437229437
0.41187941527072
0.437229437229437
0.437229437229437
0.437229437229437
0.335829349394567
Gen 335
0.437229437229437
0.426078549469854
0.437229437229437
0.437229437229437
0.437229437229437
0.392625886191104
Gen 336
0.437229437229437
0.412606186084447
0.437229437229437
0.437229437229437
0.437229437229437
0.338736432649476
Gen 337
0.437229437229437
0.423766233766234
0.437229437229437
0.437229437229437
0.437229437229437
0.383376623376623
Gen 338
0.437229437229437
0.424155844155845
0.437229437229437
0.437229437229437
0.437229437229437
0.384935064935065
Gen 339
0.437229437229437
0.415887445887446
0.437229437229437
0.437229437229437
0.437229437229437
0.351861471861472
Gen 340
0.437229437229437
0.422168266516093
0.437229437229437
0.437229437229437
0.437229437229437
0.376984754376059
Gen 341
0.437229437229437
0.434372294372295
0.437229437229437
0.437229437229437
0.437229437229437
0.425800865800866
Gen 342
0.437229437229437
0.416334148942845
0.437229437229437
0.437229437229437
0.437229437229437
0.353648284083067
Gen 343
0.437229437229437
0.426666666666667
0.437229437229437
0.437229437229437
0.437229437229437
0.394978354978355
Gen 344
0.437229437229437
0.42904761904762
0.437229437229437
0.437229437229437
0.437229437229437
0.404502164502164
Gen 345
0.437229437229437
0.411731601731602
0.437229437229437
0.437229437229437
0.437229437229437
0.335238095238095
Gen 346
0.437229437229437
0.423333333333334
0.437229437229437
0.437229437229437
0.437229437229437
0.381645021645022
Gen 347
0.437229437229437
0.412597402597403
0.437229437229437
0.437229437229437
0.437229437229437
0.338701298701299
Gen 348
0.437229437229437
0.412702804441935
0.437229437229437
0.437229437229437
0.437229437229437
0.339122906079428
Gen 349
0.437229437229437
0.425040466779598
0.437229437229437
0.437229437229437
0.437229437229437
0.388473555430077
Gen 350
0.437229437229437
0.421317523056654
0.437229437229437
0.437229437229437
0.437229437229437
0.373581780538302
Gen 351
0.437229437229437
0.422962544701676
0.437229437229437
0.437229437229437
0.437229437229437
0.380161867118389
Gen 352
0.437229437229437
0.416339168078299
0.437229437229437
0.437229437229437
0.437229437229437
0.353668360624882
Gen 353
0.437229437229437
0.419456051195182
0.437229437229437
0.437229437229437
0.437229437229437
0.366135893092415
Gen 354
0.437229437229437
0.420995670995672
0.437229437229437
0.437229437229437
0.437229437229437
0.372294372294372
Gen 355
0.437229437229437
0.420633665851058
0.437229437229437
0.437229437229437
0.437229437229437
0.370846351715917
Gen 356
0.437229437229437
0.426886881234708
0.437229437229437
0.437229437229437
0.437229437229437
0.395859213250518
Gen 357
0.437229437229437
0.425021645021646
0.437229437229437
0.437229437229437
0.437229437229437
0.388398268398268
Gen 358
0.437229437229437
0.418874458874459
0.437229437229437
0.437229437229437
0.437229437229437
0.363809523809524
Gen 359
0.437229437229437
0.430216450216451
0.437229437229437
0.437229437229437
0.437229437229437
0.409177489177489
Gen 360
0.437229437229437
0.423203463203464
0.437229437229437
0.437229437229437
0.437229437229437
0.381125541125541
Gen 361
0.437229437229437
0.417662337662338
0.437229437229437
0.437229437229437
0.437229437229437
0.358961038961039
Gen 362
0.437229437229437
0.422426626513584
0.437229437229437
0.437229437229437
0.437229437229437
0.37801819436602
Gen 363
0.437229437229437
0.419741890959283
0.437229437229437
0.437229437229437
0.437229437229437
0.367279252148817
Gen 364
0.437229437229437
0.417209486166008
0.437229437229437
0.437229437229437
0.437229437229437
0.35714963297572
Gen 365
0.437229437229437
0.429330698287221
0.437229437229437
0.437229437229437
0.437229437229437
0.405634481460568
Gen 366
0.437229437229437
0.422860781730348
0.437229437229437
0.437229437229437
0.437229437229437
0.379754815233076
Gen 367
0.437229437229437
0.415852939331201
0.437229437229437
0.437229437229437
0.437229437229437
0.351723445636489
Gen 368
0.437229437229437
0.396155969634231
0.437229437229437
0.437229437229437
0.437229437229437
0.27293556684861
Gen 369
0.437229437229437
0.423549783549784
0.437229437229437
0.437229437229437
0.437229437229437
0.382510822510822
Gen 370
0.437229437229437
0.422380952380953
0.437229437229437
0.437229437229437
0.437229437229437
0.377835497835498
Gen 371
0.437229437229437
0.423679653679654
0.437229437229437
0.437229437229437
0.437229437229437
0.383030303030303
Gen 372
0.437229437229437
0.406843591191418
0.437229437229437
0.437229437229437
0.437229437229437
0.315686053077357
Gen 373
0.437229437229437
0.426497270845098
0.437229437229437
0.437229437229437
0.437229437229437
0.394300771692076
Gen 374
0.437229437229437
0.414242424242425
0.437229437229437
0.437229437229437
0.437229437229437
0.345281385281385
Gen 375
0.437229437229437
0.40143860969948
0.437229437229437
0.437229437229437
0.437229437229437
0.294066127109605
Gen 376
0.437229437229437
0.417012987012988
0.437229437229437
0.437229437229437
0.437229437229437
0.356363636363636
Gen 377
0.437229437229437
0.425692577953448
0.437229437229437
0.437229437229437
0.437229437229437
0.391082000125478
Gen 378
0.437229437229437
0.421298701298702
0.437229437229437
0.437229437229437
0.437229437229437
0.373506493506493
Gen 379
0.437229437229437
0.426623376623377
0.437229437229437
0.437229437229437
0.437229437229437
0.394805194805195
Gen 380
0.437229437229437
0.426103896103897
0.437229437229437
0.437229437229437
0.437229437229437
0.392727272727273
Gen 381
0.437229437229437
0.41746470920384
0.437229437229437
0.437229437229437
0.437229437229437
0.358170525127047
Gen 382
0.437229437229437
0.431688311688312
0.437229437229437
0.437229437229437
0.437229437229437
0.415064935064935
Gen 383
0.437229437229437
0.426666666666667
0.437229437229437
0.437229437229437
0.437229437229437
0.394978354978355
Gen 384
0.437229437229437
0.429489679402724
0.437229437229437
0.437229437229437
0.437229437229437
0.40627040592258
Gen 385
0.437229437229437
0.416265888700672
0.437229437229437
0.437229437229437
0.437229437229437
0.353375243114374
Gen 386
0.437229437229437
0.432368279063932
0.437229437229437
0.437229437229437
0.437229437229437
0.417784804567413
Gen 387
0.437229437229437
0.423302967563838
0.437229437229437
0.437229437229437
0.437229437229437
0.381523558567037
Gen 388
0.437229437229437
0.420735930735931
0.437229437229437
0.437229437229437
0.437229437229437
0.371255411255411
Gen 389
0.437229437229437
0.424112554112555
0.437229437229437
0.437229437229437
0.437229437229437
0.384761904761905
Gen 390
0.437229437229437
0.417922077922078
0.437229437229437
0.437229437229437
0.437229437229437
0.36
Gen 391
0.437229437229437
0.426277056277057
0.437229437229437
0.437229437229437
0.437229437229437
0.393419913419913
Gen 392
0.437229437229437
0.401385281385282
0.437229437229437
0.437229437229437
0.437229437229437
0.293852813852814
Gen 393
0.437229437229437
0.420606060606061
0.437229437229437
0.437229437229437
0.437229437229437
0.370735930735931
Gen 394
0.437229437229437
0.428590250329381
0.437229437229437
0.437229437229437
0.437229437229437
0.402672689629211
Gen 395
0.437229437229437
0.417186147186148
0.437229437229437
0.437229437229437
0.437229437229437
0.357056277056277
Gen 396
0.437229437229437
0.416731538992409
0.437229437229437
0.437229437229437
0.437229437229437
0.355237844281323
Gen 397
0.437229437229437
0.416536796536797
0.437229437229437
0.437229437229437
0.437229437229437
0.354458874458874
Gen 398
0.437229437229437
0.418354978354979
0.437229437229437
0.437229437229437
0.437229437229437
0.361731601731602
Gen 399
0.437229437229437
0.413515276993538
0.437229437229437
0.437229437229437
0.437229437229437
0.34237279628584
Gen 400
0.437229437229437
0.41987012987013
0.437229437229437
0.437229437229437
0.437229437229437
0.367792207792208
Gen 401
0.437229437229437
0.403986448334275
0.437229437229437
0.437229437229437
0.437229437229437
0.304257481648786
Gen 402
0.437229437229437
0.411518915866742
0.437229437229437
0.437229437229437
0.437229437229437
0.334387351778656
Gen 403
0.437229437229437
0.416925026664158
0.437229437229437
0.437229437229437
0.437229437229437
0.356011794968317
Gen 404
0.437229437229437
0.425714285714286
0.437229437229437
0.437229437229437
0.437229437229437
0.391168831168831
Gen 405
0.437229437229437
0.410995670995672
0.437229437229437
0.437229437229437
0.437229437229437
0.332294372294372
Gen 406
0.437229437229437
0.436709956709957
0.437229437229437
0.437229437229437
0.437229437229437
0.435151515151515
Gen 407
0.437229437229437
0.427965367965369
0.437229437229437
0.437229437229437
0.437229437229437
0.40017316017316
Gen 408
0.437229437229437
0.415806512328252
0.437229437229437
0.437229437229437
0.437229437229437
0.351537737624694
Gen 409
0.437229437229437
0.432061986322857
0.437229437229437
0.437229437229437
0.437229437229437
0.416559633603112
Gen 410
0.437229437229437
0.434096618357489
0.437229437229437
0.437229437229437
0.437229437229437
0.42469816174164
Gen 411
0.437229437229437
0.41004329004329
0.437229437229437
0.437229437229437
0.437229437229437
0.328484848484848
Gen 412
0.437229437229437
0.423160173160174
0.437229437229437
0.437229437229437
0.437229437229437
0.380952380952381
Gen 413
0.437229437229437
0.422554112554113
0.437229437229437
0.437229437229437
0.437229437229437
0.378528138528138
Gen 414
0.437229437229437
0.427965367965369
0.437229437229437
0.437229437229437
0.437229437229437
0.40017316017316
Gen 415
0.437229437229437
0.404696906957777
0.437229437229437
0.437229437229437
0.437229437229437
0.307099316142794
Gen 416
0.437229437229437
0.405281385281386
0.437229437229437
0.437229437229437
0.437229437229437
0.309437229437229
Gen 417
0.437229437229437
0.416796536796537
0.437229437229437
0.437229437229437
0.437229437229437
0.355497835497835
Gen 418
0.437229437229437
0.429233327059415
0.437229437229437
0.437229437229437
0.437229437229437
0.405244996549344
Gen 419
0.437229437229437
0.426718740197002
0.437229437229437
0.437229437229437
0.437229437229437
0.395186649099692
Gen 420
0.437229437229437
0.417281510759772
0.437229437229437
0.437229437229437
0.437229437229437
0.357437731350775
Gen 421
0.437229437229437
0.403432461258549
0.437229437229437
0.437229437229437
0.437229437229437
0.302041533345881
Gen 422
0.437229437229437
0.419844783236088
0.437229437229437
0.437229437229437
0.437229437229437
0.367690821256039
Gen 423
0.437229437229437
0.428450718363762
0.437229437229437
0.437229437229437
0.437229437229437
0.402114561766736
Gen 424
0.437229437229437
0.415448271535229
0.437229437229437
0.437229437229437
0.437229437229437
0.3501047744526
Gen 425
0.437229437229437
0.428592759897108
0.437229437229437
0.437229437229437
0.437229437229437
0.402682727900119
Gen 426
0.437229437229437
0.424585356672314
0.437229437229437
0.437229437229437
0.437229437229437
0.386653115000941
Gen 427
0.437229437229437
0.383070205157162
0.437229437229437
0.437229437229437
0.437229437229437
0.220592508940335
Gen 428
0.437229437229437
0.410883744275049
0.437229437229437
0.437229437229437
0.437229437229437
0.331846665411883
Gen 429
0.437229437229437
0.413648660518226
0.437229437229437
0.437229437229437
0.437229437229437
0.342906330384591
Gen 430
0.437229437229437
0.433432210301776
0.437229437229437
0.437229437229437
0.437229437229437
0.42204052951879
Gen 431
0.437229437229437
0.422700043917436
0.437229437229437
0.437229437229437
0.437229437229437
0.379111863981429
Gen 432
0.437229437229437
0.4176746345442
0.437229437229437
0.437229437229437
0.437229437229437
0.359010226488487
Gen 433
0.437229437229437
0.420086580086581
0.437229437229437
0.437229437229437
0.437229437229437
0.368658008658009
Gen 434
0.437229437229437
0.420268900181944
0.437229437229437
0.437229437229437
0.437229437229437
0.369387289039463
Gen 435
0.437229437229437
0.403980550850116
0.437229437229437
0.437229437229437
0.437229437229437
0.304233891712153
Gen 436
0.437229437229437
0.432279189409625
0.437229437229437
0.437229437229437
0.437229437229437
0.417428445950185
Gen 437
0.437229437229437
0.421051257920824
0.437229437229437
0.437229437229437
0.437229437229437
0.372516719994981
Gen 438
0.437229437229437
0.430000000000001
0.437229437229437
0.437229437229437
0.437229437229437
0.408311688311688
Gen 439
0.437229437229437
0.421255411255412
0.437229437229437
0.437229437229437
0.437229437229437
0.373333333333333
Gen 440
0.437229437229437
0.427368592759898
0.437229437229437
0.437229437229437
0.437229437229437
0.397786059351277
Gen 441
0.437229437229437
0.417189911537738
0.437229437229437
0.437229437229437
0.437229437229437
0.357071334462639
Gen 442
0.437229437229437
0.424112554112555
0.437229437229437
0.437229437229437
0.437229437229437
0.384761904761905
Gen 443
0.437229437229437
0.415064935064936
0.437229437229437
0.437229437229437
0.437229437229437
0.348571428571428
Gen 444
0.437229437229437
0.414935064935065
0.437229437229437
0.437229437229437
0.437229437229437
0.348051948051948
Gen 445
0.437229437229437
0.413030303030304
0.437229437229437
0.437229437229437
0.437229437229437
0.3404329004329
Gen 446
0.437229437229437
0.405627705627706
0.437229437229437
0.437229437229437
0.437229437229437
0.310822510822511
Gen 447
0.437229437229437
0.416363636363637
0.437229437229437
0.437229437229437
0.437229437229437
0.353766233766234
Gen 448
0.437229437229437
0.41729430955518
0.437229437229437
0.437229437229437
0.437229437229437
0.357488926532405
Gen 449
0.437229437229437
0.411991341991343
0.437229437229437
0.437229437229437
0.437229437229437
0.336277056277056
Gen 450
0.437229437229437
0.420692640692641
0.437229437229437
0.437229437229437
0.437229437229437
0.371082251082251
Gen 451
0.437229437229437
0.41974025974026
0.437229437229437
0.437229437229437
0.437229437229437
0.367272727272727
Gen 452
0.437229437229437
0.417272727272728
0.437229437229437
0.437229437229437
0.437229437229437
0.357402597402597
Gen 453
0.437229437229437
0.418614718614719
0.437229437229437
0.437229437229437
0.437229437229437
0.362770562770563
Gen 454
0.437229437229437
0.423971641884686
0.437229437229437
0.437229437229437
0.437229437229437
0.38419825585043
Gen 455
0.437229437229437
0.402245435723697
0.437229437229437
0.437229437229437
0.437229437229437
0.297293431206475
Gen 456
0.437229437229437
0.429774891774892
0.437229437229437
0.437229437229437
0.437229437229437
0.407411255411255
Gen 457
0.437229437229437
0.424193738628522
0.437229437229437
0.437229437229437
0.437229437229437
0.385086642825773
Gen 458
0.437229437229437
0.41885074345944
0.437229437229437
0.437229437229437
0.437229437229437
0.363714662149445
Gen 459
0.437229437229437
0.41974025974026
0.437229437229437
0.437229437229437
0.437229437229437
0.367272727272727
Gen 460
0.437229437229437
0.408354978354979
0.437229437229437
0.437229437229437
0.437229437229437
0.321731601731602
Gen 461
0.437229437229437
0.415670995670996
0.437229437229437
0.437229437229437
0.437229437229437
0.350995670995671
Gen 462
0.437229437229437
0.424805194805195
0.437229437229437
0.437229437229437
0.437229437229437
0.387532467532467
Gen 463
0.437229437229437
0.411947173599348
0.437229437229437
0.437229437229437
0.437229437229437
0.336100382709078
Gen 464
0.437229437229437
0.426362758014933
0.437229437229437
0.437229437229437
0.437229437229437
0.393762720371416
Gen 465
0.437229437229437
0.42398180563398
0.437229437229437
0.437229437229437
0.437229437229437
0.384238910847606
Gen 466
0.437229437229437
0.415193926846101
0.437229437229437
0.437229437229437
0.437229437229437
0.349087395696091
Gen 467
0.437229437229437
0.428354100006275
0.437229437229437
0.437229437229437
0.437229437229437
0.401728088336784
Gen 468
0.437229437229437
0.415540247192422
0.437229437229437
0.437229437229437
0.437229437229437
0.350472677081373
Gen 469
0.437229437229437
0.41952380952381
0.437229437229437
0.437229437229437
0.437229437229437
0.366406926406926
Gen 470
0.437229437229437
0.425670995670996
0.437229437229437
0.437229437229437
0.437229437229437
0.390995670995671
Gen 471
0.437229437229437
0.433154275676015
0.437229437229437
0.437229437229437
0.437229437229437
0.420928791015747
Gen 472
0.437229437229437
0.419936633414895
0.437229437229437
0.437229437229437
0.437229437229437
0.368058221971266
Gen 473
0.437229437229437
0.414611958090219
0.437229437229437
0.437229437229437
0.437229437229437
0.346759520672564
Gen 474
0.437229437229437
0.406408432147563
0.437229437229437
0.437229437229437
0.437229437229437
0.313945416901939
Gen 475
0.437229437229437
0.421365204843466
0.437229437229437
0.437229437229437
0.437229437229437
0.373772507685551
Gen 476
0.437229437229437
0.420211431080997
0.437229437229437
0.437229437229437
0.437229437229437
0.369157412635673
Gen 477
0.437229437229437
0.42282150699542
0.437229437229437
0.437229437229437
0.437229437229437
0.379597716293368
Gen 478
0.437229437229437
0.420315327184893
0.437229437229437
0.437229437229437
0.437229437229437
0.369572997051258
Gen 479
0.437229437229437
0.421271472488864
0.437229437229437
0.437229437229437
0.437229437229437
0.373397578267143
Gen 480
0.437229437229437
0.413327937762721
0.437229437229437
0.437229437229437
0.437229437229437
0.34162343936257
Gen 481
0.437229437229437
0.413371227806011
0.437229437229437
0.437229437229437
0.437229437229437
0.34179659953573
Gen 482
0.437229437229437
0.420149946671686
0.437229437229437
0.437229437229437
0.437229437229437
0.368911474998432
Gen 483
0.437229437229437
0.419448146056842
0.437229437229437
0.437229437229437
0.437229437229437
0.366104272539055
Gen 484
0.437229437229437
0.420054206662903
0.437229437229437
0.437229437229437
0.437229437229437
0.368528514963297
Gen 485
0.437229437229437
0.424687621557187
0.437229437229437
0.437229437229437
0.437229437229437
0.387062174540435
Gen 486
0.437229437229437
0.422176799046365
0.437229437229437
0.437229437229437
0.437229437229437
0.377018884497145
Gen 487
0.437229437229437
0.424666039274736
0.437229437229437
0.437229437229437
0.437229437229437
0.386975845410628
Gen 488
0.437229437229437
0.427523182131878
0.437229437229437
0.437229437229437
0.437229437229437
0.398404416839199
Gen 489
0.437229437229437
0.420344940084071
0.437229437229437
0.437229437229437
0.437229437229437
0.36969144864797
Gen 490
0.437229437229437
0.406604303908652
0.437229437229437
0.437229437229437
0.437229437229437
0.314728903946295
Gen 491
0.437229437229437
0.413154150197629
0.437229437229437
0.437229437229437
0.437229437229437
0.340928289102202
Gen 492
0.437229437229437
0.400974214191606
0.437229437229437
0.437229437229437
0.437229437229437
0.29220854507811
Gen 493
0.437229437229437
0.422821130560261
0.437229437229437
0.437229437229437
0.437229437229437
0.379596210552732
Gen 494
0.437229437229437
0.430216701173223
0.437229437229437
0.437229437229437
0.437229437229437
0.40917849300458
Gen 495
0.437229437229437
0.409236087583914
0.437229437229437
0.437229437229437
0.437229437229437
0.325256038647343
Gen 496
0.437229437229437
0.428121588556372
0.437229437229437
0.437229437229437
0.437229437229437
0.400798042537173
Gen 497
0.437229437229437
0.41708538804191
0.437229437229437
0.437229437229437
0.437229437229437
0.356653240479327
Gen 498
0.437229437229437
0.425068950373299
0.437229437229437
0.437229437229437
0.437229437229437
0.388587489804881
Gen 499
0.437229437229437
0.431778907083256
0.437229437229437
0.437229437229437
0.437229437229437
0.415427316644708
Gen 500
0.437229437229437
0.424034632034633
0.437229437229437
0.437229437229437
0.437229437229437
0.384450216450216
Gen 501
0.437229437229437
0.416808080808081
0.437229437229437
0.437229437229437
0.437229437229437
0.355544011544012
Gen 502
0.437229437229437
0.39524963924964
0.437229437229437
0.437229437229437
0.437229437229437
0.269310245310245
Gen 503
0.437229437229437
0.415631469979297
0.437229437229437
0.437229437229437
0.437229437229437
0.350837568228873
Gen 504
0.437229437229437
0.415919442875965
0.437229437229437
0.437229437229437
0.437229437229437
0.351989459815547
