Gen 1
0,134199134199134
0
0
0
0
0
0
0
0
0
0
0
0
0
0
0
0
0
0
0
Gen 2
0,134199134199134
0,134199134199134
0,134199134199134
0,134199134199134
0,134199134199134
0,134199134199134
0,134199134199134
0,134199134199134
0
0
0
0
0
0
0
0
0
0
0
0
Gen 3
0,134199134199134
0,134199134199134
0,134199134199134
0,134199134199134
0,134199134199134
0,134199134199134
0,134199134199134
0,134199134199134
0,134199134199134
0,134199134199134
0,134199134199134
0,134199134199134
0,134199134199134
0,134199134199134
0,134199134199134
0,134199134199134
0,134199134199134
0,134199134199134
0,134199134199134
0,134199134199134
Gen 4
0,134199134199134
0,134199134199134
0,134199134199134
0,134199134199134
0,134199134199134
0,134199134199134
0,134199134199134
0,134199134199134
0,134199134199134
0,134199134199134
0,134199134199134
0,134199134199134
0,134199134199134
0,134199134199134
0,134199134199134
0,134199134199134
0,134199134199134
0,134199134199134
0,134199134199134
0,0476190476190476
Gen 5
0,134199134199134
0,134199134199134
0,134199134199134
0,134199134199134
0,134199134199134
0,134199134199134
0,134199134199134
0,134199134199134
0,134199134199134
0,134199134199134
0,134199134199134
0,134199134199134
0,134199134199134
0,134199134199134
0,134199134199134
0,134199134199134
0,134199134199134
0,134199134199134
0,134199134199134
0,121212121212121
Gen 6
0,134199134199134
0,134199134199134
0,134199134199134
0,134199134199134
0,134199134199134
0,134199134199134
0,134199134199134
0,134199134199134
0,134199134199134
0,134199134199134
0,134199134199134
0,134199134199134
0,134199134199134
0,134199134199134
0,134199134199134
0,134199134199134
0,134199134199134
0,121212121212121
0,0476190476190476
0
Gen 7
0,134199134199134
0,134199134199134
0,134199134199134
0,134199134199134
0,134199134199134
0,134199134199134
0,134199134199134
0,134199134199134
0,134199134199134
0,134199134199134
0,134199134199134
0,134199134199134
0,134199134199134
0,134199134199134
0,134199134199134
0,134199134199134
0,134199134199134
0,134199134199134
0,134199134199134
0,134199134199134
Gen 8
0,134199134199134
0,134199134199134
0,134199134199134
0,134199134199134
0,134199134199134
0,134199134199134
0,134199134199134
0,134199134199134
0,134199134199134
0,134199134199134
0,134199134199134
0,134199134199134
0,134199134199134
0,134199134199134
0,134199134199134
0,134199134199134
0,134199134199134
0,134199134199134
0,134199134199134
0,134199134199134
Gen 9
0,134199134199134
0,134199134199134
0,134199134199134
0,134199134199134
0,134199134199134
0,134199134199134
0,134199134199134
0,134199134199134
0,134199134199134
0,134199134199134
0,134199134199134
0,134199134199134
0,134199134199134
0,134199134199134
0,134199134199134
0,134199134199134
0,121212121212121
0,0692640692640693
0,0476190476190476
0
Gen 10
0,134199134199134
0,134199134199134
0,134199134199134
0,134199134199134
0,134199134199134
0,134199134199134
0,134199134199134
0,134199134199134
0,134199134199134
0,134199134199134
0,134199134199134
0,134199134199134
0,134199134199134
0,134199134199134
0,134199134199134
0,134199134199134
0,134199134199134
0,134199134199134
0,134199134199134
0,134199134199134
Gen 11
0,134199134199134
0,134199134199134
0,134199134199134
0,134199134199134
0,134199134199134
0,134199134199134
0,134199134199134
0,134199134199134
0,134199134199134
0,134199134199134
0,134199134199134
0,134199134199134
0,134199134199134
0,134199134199134
0,134199134199134
0,134199134199134
0,134199134199134
0,134199134199134
0,134199134199134
0,134199134199134
Gen 12
0,134199134199134
0,134199134199134
0,134199134199134
0,134199134199134
0,134199134199134
0,134199134199134
0,134199134199134
0,134199134199134
0,134199134199134
0,134199134199134
0,134199134199134
0,134199134199134
0,134199134199134
0,134199134199134
0,134199134199134
0,134199134199134
0,134199134199134
0,134199134199134
0,134199134199134
0,134199134199134
Gen 13
0,134199134199134
0,134199134199134
0,134199134199134
0,134199134199134
0,134199134199134
0,134199134199134
0,134199134199134
0,134199134199134
0,134199134199134
0,134199134199134
0,134199134199134
0,134199134199134
0,134199134199134
0,134199134199134
0,134199134199134
0,134199134199134
0,134199134199134
0,134199134199134
0,134199134199134
0,134199134199134
Gen 14
0,134199134199134
0,134199134199134
0,134199134199134
0,134199134199134
0,134199134199134
0,134199134199134
0,134199134199134
0,134199134199134
0,134199134199134
0,134199134199134
0,134199134199134
0,134199134199134
0,134199134199134
0,134199134199134
0,134199134199134
0,134199134199134
0,134199134199134
0,134199134199134
0,134199134199134
0,130434782608696
Gen 15
0,134199134199134
0,134199134199134
0,134199134199134
0,134199134199134
0,134199134199134
0,134199134199134
0,134199134199134
0,134199134199134
0,134199134199134
0,134199134199134
0,134199134199134
0,134199134199134
0,134199134199134
0,134199134199134
0,134199134199134
0,134199134199134
0,134199134199134
0,134199134199134
0,130434782608696
0,0476190476190476
Gen 16
0,134199134199134
0,134199134199134
0,134199134199134
0,134199134199134
0,134199134199134
0,134199134199134
0,134199134199134
0,134199134199134
0,134199134199134
0,134199134199134
0,134199134199134
0,134199134199134
0,134199134199134
0,134199134199134
0,134199134199134
0,134199134199134
0,134199134199134
0,134199134199134
0,134199134199134
0,0476190476190476
Gen 17
0,134199134199134
0,134199134199134
0,134199134199134
0,134199134199134
0,134199134199134
0,134199134199134
0,134199134199134
0,134199134199134
0,134199134199134
0,134199134199134
0,134199134199134
0,134199134199134
0,134199134199134
0,134199134199134
0,134199134199134
0,134199134199134
0,134199134199134
0,134199134199134
0,134199134199134
0
Gen 18
0,134199134199134
0,134199134199134
0,134199134199134
0,134199134199134
0,134199134199134
0,134199134199134
0,134199134199134
0,134199134199134
0,134199134199134
0,134199134199134
0,134199134199134
0,134199134199134
0,134199134199134
0,134199134199134
0,134199134199134
0,134199134199134
0,134199134199134
0,134199134199134
0,134199134199134
0,134199134199134
Gen 19
0,134199134199134
0,134199134199134
0,134199134199134
0,134199134199134
0,134199134199134
0,134199134199134
0,134199134199134
0,134199134199134
0,134199134199134
0,134199134199134
0,134199134199134
0,134199134199134
0,134199134199134
0,134199134199134
0,134199134199134
0,134199134199134
0,134199134199134
0,134199134199134
0,134199134199134
0,130434782608696
Gen 20
0,134199134199134
0,134199134199134
0,134199134199134
0,134199134199134
0,134199134199134
0,134199134199134
0,134199134199134
0,134199134199134
0,134199134199134
0,134199134199134
0,134199134199134
0,134199134199134
0,134199134199134
0,134199134199134
0,134199134199134
0,134199134199134
0,134199134199134
0,134199134199134
0,12987012987013
0,0476190476190476
Gen 21
0,134199134199134
0,134199134199134
0,134199134199134
0,134199134199134
0,134199134199134
0,134199134199134
0,134199134199134
0,134199134199134
0,134199134199134
0,134199134199134
0,134199134199134
0,134199134199134
0,134199134199134
0,134199134199134
0,134199134199134
0,134199134199134
0,134199134199134
0,134199134199134
0,134199134199134
0,134199134199134
Gen 22
0,134199134199134
0,134199134199134
0,134199134199134
0,134199134199134
0,134199134199134
0,134199134199134
0,134199134199134
0,134199134199134
0,134199134199134
0,134199134199134
0,134199134199134
0,134199134199134
0,134199134199134
0,134199134199134
0,134199134199134
0,134199134199134
0,134199134199134
0,134199134199134
0,134199134199134
0
Gen 23
0,134199134199134
0,134199134199134
0,134199134199134
0,134199134199134
0,134199134199134
0,134199134199134
0,134199134199134
0,134199134199134
0,134199134199134
0,134199134199134
0,134199134199134
0,134199134199134
0,134199134199134
0,134199134199134
0,134199134199134
0,134199134199134
0,134199134199134
0,134199134199134
0,134199134199134
0,134199134199134
Gen 24
0,134199134199134
0,134199134199134
0,134199134199134
0,134199134199134
0,134199134199134
0,134199134199134
0,134199134199134
0,134199134199134
0,134199134199134
0,134199134199134
0,134199134199134
0,134199134199134
0,134199134199134
0,134199134199134
0,134199134199134
0,134199134199134
0,134199134199134
0,134199134199134
0,0476190476190476
0
Gen 25
0,134199134199134
0,134199134199134
0,134199134199134
0,134199134199134
0,134199134199134
0,134199134199134
0,134199134199134
0,134199134199134
0,134199134199134
0,134199134199134
0,134199134199134
0,134199134199134
0,134199134199134
0,134199134199134
0,134199134199134
0,134199134199134
0,134199134199134
0,134199134199134
0,134199134199134
0,0695652173913043
Gen 26
0,134199134199134
0,134199134199134
0,134199134199134
0,134199134199134
0,134199134199134
0,134199134199134
0,134199134199134
0,134199134199134
0,134199134199134
0,134199134199134
0,134199134199134
0,134199134199134
0,134199134199134
0,134199134199134
0,134199134199134
0,134199134199134
0,134199134199134
0,12987012987013
0,0985507246376812
0
Gen 27
0,134199134199134
0,134199134199134
0,134199134199134
0,134199134199134
0,134199134199134
0,134199134199134
0,134199134199134
0,134199134199134
0,134199134199134
0,134199134199134
0,134199134199134
0,134199134199134
0,134199134199134
0,134199134199134
0,134199134199134
0,134199134199134
0,134199134199134
0,134199134199134
0,134199134199134
0,134199134199134
Gen 28
0,134199134199134
0,134199134199134
0,134199134199134
0,134199134199134
0,134199134199134
0,134199134199134
0,134199134199134
0,134199134199134
0,134199134199134
0,134199134199134
0,134199134199134
0,134199134199134
0,134199134199134
0,134199134199134
0,134199134199134
0,134199134199134
0,134199134199134
0,134199134199134
0,134199134199134
0,134199134199134
Gen 29
0,134199134199134
0,134199134199134
0,134199134199134
0,134199134199134
0,134199134199134
0,134199134199134
0,134199134199134
0,134199134199134
0,134199134199134
0,134199134199134
0,134199134199134
0,134199134199134
0,134199134199134
0,134199134199134
0,134199134199134
0,134199134199134
0,134199134199134
0,121212121212121
0,115942028985507
0
Gen 30
0,134199134199134
0,134199134199134
0,134199134199134
0,134199134199134
0,134199134199134
0,134199134199134
0,134199134199134
0,134199134199134
0,134199134199134
0,134199134199134
0,134199134199134
0,134199134199134
0,134199134199134
0,134199134199134
0,134199134199134
0,134199134199134
0,134199134199134
0,134199134199134
0,134199134199134
0
Gen 31
0,134199134199134
0,134199134199134
0,134199134199134
0,134199134199134
0,134199134199134
0,134199134199134
0,134199134199134
0,134199134199134
0,134199134199134
0,134199134199134
0,134199134199134
0,134199134199134
0,134199134199134
0,134199134199134
0,134199134199134
0,134199134199134
0,134199134199134
0,134199134199134
0,103896103896104
0
Gen 32
0,134199134199134
0,134199134199134
0,134199134199134
0,134199134199134
0,134199134199134
0,134199134199134
0,134199134199134
0,134199134199134
0,134199134199134
0,134199134199134
0,134199134199134
0,134199134199134
0,134199134199134
0,134199134199134
0,134199134199134
0,134199134199134
0,134199134199134
0,134199134199134
0,134199134199134
0,134199134199134
Gen 33
0,134199134199134
0,134199134199134
0,134199134199134
0,134199134199134
0,134199134199134
0,134199134199134
0,134199134199134
0,134199134199134
0,134199134199134
0,134199134199134
0,134199134199134
0,134199134199134
0,134199134199134
0,134199134199134
0,134199134199134
0,134199134199134
0,134199134199134
0,134199134199134
0,134199134199134
0,0476190476190476
Gen 34
0,134199134199134
0,134199134199134
0,134199134199134
0,134199134199134
0,134199134199134
0,134199134199134
0,134199134199134
0,134199134199134
0,134199134199134
0,134199134199134
0,134199134199134
0,134199134199134
0,134199134199134
0,134199134199134
0,134199134199134
0,134199134199134
0,134199134199134
0,134199134199134
0,134199134199134
0,134199134199134
Gen 35
0,134199134199134
0,134199134199134
0,134199134199134
0,134199134199134
0,134199134199134
0,134199134199134
0,134199134199134
0,134199134199134
0,134199134199134
0,134199134199134
0,134199134199134
0,134199134199134
0,134199134199134
0,134199134199134
0,134199134199134
0,134199134199134
0,134199134199134
0,134199134199134
0,0476190476190476
0
Gen 36
0,134199134199134
0,134199134199134
0,134199134199134
0,134199134199134
0,134199134199134
0,134199134199134
0,134199134199134
0,134199134199134
0,134199134199134
0,134199134199134
0,134199134199134
0,134199134199134
0,134199134199134
0,134199134199134
0,134199134199134
0,134199134199134
0,134199134199134
0,134199134199134
0,134199134199134
0,12987012987013
Gen 37
0,134199134199134
0,134199134199134
0,134199134199134
0,134199134199134
0,134199134199134
0,134199134199134
0,134199134199134
0,134199134199134
0,134199134199134
0,134199134199134
0,134199134199134
0,134199134199134
0,134199134199134
0,134199134199134
0,134199134199134
0,134199134199134
0,134199134199134
0,134199134199134
0,134199134199134
0,134199134199134
Gen 38
0,134199134199134
0,134199134199134
0,134199134199134
0,134199134199134
0,134199134199134
0,134199134199134
0,134199134199134
0,134199134199134
0,134199134199134
0,134199134199134
0,134199134199134
0,134199134199134
0,134199134199134
0,134199134199134
0,134199134199134
0,134199134199134
0,134199134199134
0,12987012987013
0,0476190476190476
0
Gen 39
0,134199134199134
0,134199134199134
0,134199134199134
0,134199134199134
0,134199134199134
0,134199134199134
0,134199134199134
0,134199134199134
0,134199134199134
0,134199134199134
0,134199134199134
0,134199134199134
0,134199134199134
0,134199134199134
0,134199134199134
0,134199134199134
0,134199134199134
0,134199134199134
0,134199134199134
0,0476190476190476
Gen 40
0,134199134199134
0,134199134199134
0,134199134199134
0,134199134199134
0,134199134199134
0,134199134199134
0,134199134199134
0,134199134199134
0,134199134199134
0,134199134199134
0,134199134199134
0,134199134199134
0,134199134199134
0,134199134199134
0,134199134199134
0,134199134199134
0,134199134199134
0,134199134199134
0,134199134199134
0,125541125541126
Gen 41
0,134199134199134
0,134199134199134
0,134199134199134
0,134199134199134
0,134199134199134
0,134199134199134
0,134199134199134
0,134199134199134
0,134199134199134
0,134199134199134
0,134199134199134
0,134199134199134
0,134199134199134
0,134199134199134
0,134199134199134
0,134199134199134
0,134199134199134
0,134199134199134
0,134199134199134
0,134199134199134
Gen 42
0,134199134199134
0,134199134199134
0,134199134199134
0,134199134199134
0,134199134199134
0,134199134199134
0,134199134199134
0,134199134199134
0,134199134199134
0,134199134199134
0,134199134199134
0,134199134199134
0,134199134199134
0,134199134199134
0,134199134199134
0,134199134199134
0,134199134199134
0,134199134199134
0,134199134199134
0,134199134199134
Gen 43
0,134199134199134
0,134199134199134
0,134199134199134
0,134199134199134
0,134199134199134
0,134199134199134
0,134199134199134
0,134199134199134
0,134199134199134
0,134199134199134
0,134199134199134
0,134199134199134
0,134199134199134
0,134199134199134
0,134199134199134
0,134199134199134
0,134199134199134
0,134199134199134
0,134199134199134
0,121212121212121
Gen 44
0,134199134199134
0,134199134199134
0,134199134199134
0,134199134199134
0,134199134199134
0,134199134199134
0,134199134199134
0,134199134199134
0,134199134199134
0,134199134199134
0,134199134199134
0,134199134199134
0,134199134199134
0,134199134199134
0,134199134199134
0,134199134199134
0,134199134199134
0,134199134199134
0,134199134199134
0,134199134199134
Gen 45
0,134199134199134
0,134199134199134
0,134199134199134
0,134199134199134
0,134199134199134
0,134199134199134
0,134199134199134
0,134199134199134
0,134199134199134
0,134199134199134
0,134199134199134
0,134199134199134
0,134199134199134
0,134199134199134
0,134199134199134
0,134199134199134
0,134199134199134
0,134199134199134
0
0
Gen 46
0,134199134199134
0,134199134199134
0,134199134199134
0,134199134199134
0,134199134199134
0,134199134199134
0,134199134199134
0,134199134199134
0,134199134199134
0,134199134199134
0,134199134199134
0,134199134199134
0,134199134199134
0,134199134199134
0,134199134199134
0,134199134199134
0,134199134199134
0,134199134199134
0,134199134199134
0,134199134199134
Gen 47
0,134199134199134
0,134199134199134
0,134199134199134
0,134199134199134
0,134199134199134
0,134199134199134
0,134199134199134
0,134199134199134
0,134199134199134
0,134199134199134
0,134199134199134
0,134199134199134
0,134199134199134
0,134199134199134
0,134199134199134
0,134199134199134
0,134199134199134
0,12987012987013
0,0476190476190476
0
Gen 48
0,134199134199134
0,134199134199134
0,134199134199134
0,134199134199134
0,134199134199134
0,134199134199134
0,134199134199134
0,134199134199134
0,134199134199134
0,134199134199134
0,134199134199134
0,134199134199134
0,134199134199134
0,134199134199134
0,134199134199134
0,134199134199134
0,134199134199134
0,134199134199134
0,134199134199134
0,121212121212121
Gen 49
0,134199134199134
0,134199134199134
0,134199134199134
0,134199134199134
0,134199134199134
0,134199134199134
0,134199134199134
0,134199134199134
0,134199134199134
0,134199134199134
0,134199134199134
0,134199134199134
0,134199134199134
0,134199134199134
0,134199134199134
0,134199134199134
0,134199134199134
0,130434782608696
0,0476190476190476
0
Gen 50
0,134199134199134
0,134199134199134
0,134199134199134
0,134199134199134
0,134199134199134
0,134199134199134
0,134199134199134
0,134199134199134
0,134199134199134
0,134199134199134
0,134199134199134
0,134199134199134
0,134199134199134
0,134199134199134
0,134199134199134
0,134199134199134
0,134199134199134
0,134199134199134
0,121212121212121
0
Gen 51
0,134199134199134
0,134199134199134
0,134199134199134
0,134199134199134
0,134199134199134
0,134199134199134
0,134199134199134
0,134199134199134
0,134199134199134
0,134199134199134
0,134199134199134
0,134199134199134
0,134199134199134
0,134199134199134
0,134199134199134
0,134199134199134
0,134199134199134
0,134199134199134
0,134199134199134
0,134199134199134
