Gen 1
0,16017316017316
0,00620151828847481
0,0248060731538992
0
0
0
Gen 2
0,16017316017316
0,0319533220402786
0,105469602860907
0,022343685300207
0
0
Gen 3
0,16017316017316
0,0897772758642323
0,16017316017316
0,136796536796537
0,0621394064872326
0
Gen 4
0,207792207792208
0,152163623815798
0,162251082251082
0,16017316017316
0,16017316017316
0,126057092665788
Gen 5
0,207792207792208
0,162380952380953
0,175411255411255
0,16017316017316
0,16017316017316
0,153766233766234
Gen 6
0,207792207792208
0,181688311688312
0,207792207792208
0,19982683982684
0,164502164502165
0,154632034632035
Gen 7
0,207792207792208
0,205541125541125
0,207792207792208
0,207792207792208
0,207792207792208
0,198787878787879
Gen 8
0,207792207792208
0,204675324675324
0,207792207792208
0,207792207792208
0,207792207792208
0,195324675324675
Gen 9
0,207792207792208
0,202424242424242
0,207792207792208
0,207792207792208
0,207792207792208
0,186320346320346
Gen 10
0,207792207792208
0,205497835497835
0,207792207792208
0,207792207792208
0,207792207792208
0,198614718614719
Gen 11
0,207792207792208
0,204138026224982
0,207792207792208
0,207792207792208
0,207792207792208
0,193175481523308
Gen 12
0,207792207792208
0,207662337662337
0,207792207792208
0,207792207792208
0,207792207792208
0,207272727272727
Gen 13
0,207792207792208
0,207359307359307
0,207792207792208
0,207792207792208
0,207792207792208
0,206060606060606
Gen 14
0,207792207792208
0,204415584415584
0,207792207792208
0,207792207792208
0,207792207792208
0,194285714285714
Gen 15
0,207792207792208
0,204805194805194
0,207792207792208
0,207792207792208
0,207792207792208
0,195844155844156
Gen 16
0,207792207792208
0,205108225108225
0,207792207792208
0,207792207792208
0,207792207792208
0,197056277056277
Gen 17
0,225108225108225
0,205108225108225
0,208484848484849
0,207792207792208
0,207792207792208
0,196363636363636
Gen 18
0,225108225108225
0,207445887445887
0,214718614718615
0,207792207792208
0,207792207792208
0,19948051948052
Gen 19
0,225108225108225
0,216450216450216
0,225108225108225
0,225108225108225
0,216103896103896
0,19948051948052
Gen 20
0,225108225108225
0,217142857142858
0,225108225108225
0,225108225108225
0,225108225108225
0,193246753246753
Gen 21
0,225108225108225
0,223679653679654
0,225108225108225
0,225108225108225
0,225108225108225
0,219393939393939
Gen 22
0,225108225108225
0,222251082251083
0,225108225108225
0,225108225108225
0,225108225108225
0,213679653679654
Gen 23
0,225108225108225
0,223766233766234
0,225108225108225
0,225108225108225
0,225108225108225
0,21974025974026
Gen 24
0,225108225108225
0,217272727272728
0,225108225108225
0,225108225108225
0,225108225108225
0,193766233766234
Gen 25
0,225108225108225
0,220519480519481
0,225108225108225
0,225108225108225
0,225108225108225
0,206753246753247
Gen 26
0,225108225108225
0,22
0,225108225108225
0,225108225108225
0,225108225108225
0,204675324675325
Gen 27
0,225108225108225
0,21646866177301
0,225108225108225
0,225108225108225
0,225108225108225
0,190549971767363
Gen 28
0,225108225108225
0,215646150950499
0,225108225108225
0,225108225108225
0,225108225108225
0,18725992847732
Gen 29
0,225108225108225
0,223939393939394
0,225108225108225
0,225108225108225
0,225108225108225
0,2204329004329
Gen 30
0,225108225108225
0,221861471861472
0,225108225108225
0,225108225108225
0,225108225108225
0,212121212121212
Gen 31
0,225108225108225
0,219004329004329
0,225108225108225
0,225108225108225
0,225108225108225
0,200692640692641
Gen 32
0,225108225108225
0,220735930735931
0,225108225108225
0,225108225108225
0,225108225108225
0,207619047619048
Gen 33
0,225108225108225
0,222121212121213
0,225108225108225
0,225108225108225
0,225108225108225
0,213160173160173
Gen 34
0,225108225108225
0,218225108225109
0,225108225108225
0,225108225108225
0,225108225108225
0,197575757575758
Gen 35
0,225108225108225
0,223896103896104
0,225108225108225
0,225108225108225
0,225108225108225
0,22025974025974
Gen 36
0,225108225108225
0,222251082251083
0,225108225108225
0,225108225108225
0,225108225108225
0,213679653679654
Gen 37
0,329004329004329
0,221125541125542
0,229264069264069
0,225108225108225
0,225108225108225
0,205021645021645
Gen 38
0,329004329004329
0,230735930735931
0,25004329004329
0,225108225108225
0,225108225108225
0,222683982683983
Gen 39
0,329004329004329
0,254458874458875
0,329004329004329
0,282943722943723
0,225108225108225
0,180779220779221
Gen 40
0,329004329004329
0,320408055712404
0,329004329004329
0,329004329004329
0,329004329004329
0,294619235836627
Gen 41
0,329004329004329
0,316580086580087
0,329004329004329
0,329004329004329
0,329004329004329
0,279307359307359
Gen 42
0,329004329004329
0,319893092414832
0,329004329004329
0,329004329004329
0,329004329004329
0,292559382646339
Gen 43
0,329004329004329
0,320152832674573
0,329004329004329
0,329004329004329
0,329004329004329
0,2935983436853
Gen 44
0,329004329004329
0,32900432900433
0,329004329004329
0,329004329004329
0,329004329004329
0,329004329004329
Gen 45
0,329004329004329
0,314005646527386
0,329004329004329
0,329004329004329
0,329004329004329
0,269009599096556
Gen 46
0,333333333333333
0,328008658008659
0,329177489177489
0,329004329004329
0,329004329004329
0,324848484848485
Gen 47
0,333333333333333
0,314761904761906
0,331255411255411
0,329004329004329
0,329004329004329
0,26978354978355
Gen 48
0,333333333333333
0,323282640065249
0,333333333333333
0,333333333333333
0,330562770562771
0,295901123031558
Gen 49
0,333333333333333
0,317968003011481
0,333333333333333
0,333333333333333
0,333333333333333
0,271872012045925
Gen 50
0,333333333333333
0,32056277056277
0,333333333333333
0,333333333333333
0,333333333333333
0,282251082251082
Gen 51
0,367965367965368
0,333030303030303
0,334718614718615
0,333333333333333
0,333333333333333
0,330735930735931
Gen 52
0,367965367965368
0,325584415584415
0,338874458874459
0,333333333333333
0,333333333333333
0,296796536796537
Gen 53
0,367965367965368
0,339740259740259
0,367965367965368
0,347532467532467
0,333333333333333
0,31012987012987
Gen 54
0,367965367965368
0,358095238095238
0,367965367965368
0,367965367965368
0,367965367965368
0,328484848484848
Gen 55
0,367965367965368
0,356580086580087
0,367965367965368
0,367965367965368
0,367965367965368
0,322424242424242
Gen 56
0,367965367965368
0,360346320346321
0,367965367965368
0,367965367965368
0,367965367965368
0,337489177489178
Gen 57
0,367965367965368
0,359614279440367
0,367965367965368
0,367965367965368
0,367965367965368
0,334561013865362
Gen 58
0,367965367965368
0,363376623376624
0,367965367965368
0,367965367965368
0,367965367965368
0,34961038961039
Gen 59
0,367965367965368
0,361991341991342
0,367965367965368
0,367965367965368
0,367965367965368
0,344069264069264
Gen 60
0,367965367965368
0,347878787878788
0,367965367965368
0,367965367965368
0,367965367965368
0,287619047619048
Gen 61
0,367965367965368
0,36135441370224
0,367965367965368
0,367965367965368
0,367965367965368
0,341521550912855
Gen 62
0,367965367965368
0,348651609260305
0,367965367965368
0,367965367965368
0,367965367965368
0,290710333145116
Gen 63
0,367965367965368
0,363203463203463
0,367965367965368
0,367965367965368
0,367965367965368
0,348917748917749
Gen 64
0,367965367965368
0,358225108225108
0,367965367965368
0,367965367965368
0,367965367965368
0,329004329004329
Gen 65
0,367965367965368
0,350191605495954
0,367965367965368
0,367965367965368
0,367965367965368
0,296870318087709
Gen 66
0,367965367965368
0,360600790513834
0,367965367965368
0,367965367965368
0,367965367965368
0,338507058159232
Gen 67
0,367965367965368
0,364242424242424
0,367965367965368
0,367965367965368
0,367965367965368
0,353073593073593
Gen 68
0,376623376623377
0,362467532467533
0,368311688311688
0,367965367965368
0,367965367965368
0,345627705627706
Gen 69
0,376623376623377
0,367272727272727
0,372813852813853
0,367965367965368
0,367965367965368
0,36034632034632
Gen 70
0,376623376623377
0,370909090909091
0,376623376623376
0,376623376623376
0,374891774891775
0,355497835497835
Gen 71
0,376623376623377
0,368701298701299
0,376623376623376
0,376623376623376
0,376623376623376
0,344935064935065
Gen 72
0,376623376623377
0,371235836627142
0,376623376623376
0,376623376623376
0,376623376623376
0,355073216638434
Gen 73
0,376623376623377
0,355544137022399
0,376623376623376
0,376623376623376
0,376623376623376
0,292306418219462
Gen 74
0,376623376623377
0,37284936319719
0,376623376623376
0,376623376623376
0,376623376623376
0,361527322918627
Gen 75
0,376623376623377
0,361003952569171
0,376623376623376
0,376623376623376
0,376623376623376
0,31414568040655
Gen 76
0,376623376623377
0,374199134199135
0,376623376623376
0,376623376623376
0,376623376623376
0,366926406926407
Gen 77
0,376623376623377
0,365151515151516
0,376623376623376
0,376623376623376
0,376623376623376
0,330735930735931
Gen 78
0,376623376623377
0,365281385281386
0,376623376623376
0,376623376623376
0,376623376623376
0,331255411255411
Gen 79
0,376623376623377
0,370129870129871
0,376623376623376
0,376623376623376
0,376623376623376
0,35064935064935
Gen 80
0,376623376623377
0,365012987012988
0,376623376623376
0,376623376623376
0,376623376623376
0,330181818181818
Gen 81
0,376623376623377
0,366796536796538
0,376623376623376
0,376623376623376
0,376623376623376
0,337316017316017
Gen 82
0,376623376623377
0,357229437229438
0,376623376623376
0,376623376623376
0,376623376623376
0,299047619047619
Gen 83
0,376623376623377
0,374415584415585
0,376623376623376
0,376623376623376
0,376623376623376
0,367792207792208
Gen 84
0,376623376623377
0,368354978354979
0,376623376623376
0,376623376623376
0,376623376623376
0,343549783549783
Gen 85
0,376623376623377
0,374372294372295
0,376623376623376
0,376623376623376
0,376623376623376
0,367619047619047
Gen 86
0,376623376623377
0,368813350900308
0,376623376623376
0,376623376623376
0,376623376623376
0,3453832737311
Gen 87
0,378743961352657
0,360446703055399
0,376708200012548
0,376623376623376
0,376623376623376
0,311831858962294
Gen 88
0,378743961352657
0,368890394629526
0,377726080682602
0,376623376623376
0,376623376623376
0,344588744588745
Gen 89
0,379710144927536
0,362841207102077
0,378782608695652
0,378743961352657
0,378065374239287
0,31577288412071
Gen 90
0,379710144927536
0,366093857832988
0,379014492753623
0,378743961352657
0,378743961352657
0,327873015873016
Gen 91
0,379710144927536
0,373877407616538
0,379710144927536
0,379710144927536
0,378898550724638
0,357190789886442
Gen 92
0,379710144927536
0,373112742330133
0,379710144927536
0,379710144927536
0,379710144927536
0,353320534537926
Gen 93
0,385281385281385
0,37124411820064
0,37993299454169
0,379710144927536
0,379710144927536
0,345623188405797
Gen 94
0,385281385281385
0,361429324298889
0,382384340297384
0,379710144927536
0,379710144927536
0,303912667043102
Gen 95
0,385281385281385
0,379126419474245
0,385281385281385
0,385281385281385
0,383498588368154
0,362444318966058
Gen 96
0,385281385281385
0,369993726080682
0,385281385281385
0,385281385281385
0,385281385281385
0,324130748478575
Gen 97
0,385281385281385
0,375538365016626
0,385281385281385
0,385281385281385
0,385281385281385
0,346309304222348
Gen 98
0,385281385281385
0,371341991341991
0,385281385281385
0,385281385281385
0,385281385281385
0,32952380952381
Gen 99
0,385281385281385
0,378831168831169
0,385281385281385
0,385281385281385
0,385281385281385
0,35948051948052
Gen 100
0,385281385281385
0,384932304410565
0,385281385281385
0,385281385281385
0,385281385281385
0,383885061798105
Gen 101
0,385281385281385
0,377142857142857
0,385281385281385
0,385281385281385
0,385281385281385
0,352727272727273
Gen 102
0,385281385281385
0,376233766233766
0,385281385281385
0,385281385281385
0,385281385281385
0,349090909090909
Gen 103
0,385281385281385
0,379134199134199
0,385281385281385
0,385281385281385
0,385281385281385
0,360692640692641
Gen 104
0,385281385281385
0,380822510822511
0,385281385281385
0,385281385281385
0,385281385281385
0,367445887445888
Gen 105
0,385281385281385
0,379177489177489
0,385281385281385
0,385281385281385
0,385281385281385
0,360865800865801
Gen 106
0,385281385281385
0,382214693519041
0,385281385281385
0,385281385281385
0,385281385281385
0,37301461823201
Gen 107
0,385281385281385
0,381818181818182
0,385281385281385
0,385281385281385
0,385281385281385
0,371428571428572
Gen 108
0,385281385281385
0,379981554677207
0,385281385281385
0,385281385281385
0,385281385281385
0,364082062864672
Gen 109
0,385281385281385
0,374281197063806
0,385281385281385
0,385281385281385
0,385281385281385
0,341280632411067
Gen 110
0,385281385281385
0,36902729154903
0,385281385281385
0,385281385281385
0,385281385281385
0,320265010351967
Gen 111
0,385281385281385
0,384025974025974
0,385281385281385
0,385281385281385
0,385281385281385
0,38025974025974
Gen 112
0,385281385281385
0,373811405985319
0,385281385281385
0,385281385281385
0,385281385281385
0,33940146809712
Gen 113
0,385281385281385
0,378010665662839
0,385281385281385
0,385281385281385
0,385281385281385
0,356198506807203
Gen 114
0,385281385281385
0,380348704435661
0,385281385281385
0,385281385281385
0,385281385281385
0,365550661898488
Gen 115
0,385281385281385
0,364030114812723
0,385281385281385
0,385281385281385
0,385281385281385
0,300276303406738
Gen 116
0,385281385281385
0,378181818181818
0,385281385281385
0,385281385281385
0,385281385281385
0,356883116883117
Gen 117
0,385281385281385
0,373982683982684
0,385281385281385
0,385281385281385
0,385281385281385
0,34008658008658
Gen 118
0,385281385281385
0,383333333333333
0,385281385281385
0,385281385281385
0,385281385281385
0,377489177489178
Gen 119
0,385281385281385
0,377998494259364
0,385281385281385
0,385281385281385
0,385281385281385
0,3561498211933
Gen 120
0,385281385281385
0,384329004329004
0,385281385281385
0,385281385281385
0,385281385281385
0,381471861471861
Gen 121
0,385281385281385
0,379090909090909
0,385281385281385
0,385281385281385
0,385281385281385
0,360519480519481
Gen 122
0,385281385281385
0,370494635798983
0,385281385281385
0,385281385281385
0,385281385281385
0,326134387351779
Gen 123
0,385281385281385
0,378917748917749
0,385281385281385
0,385281385281385
0,385281385281385
0,35982683982684
Gen 124
0,385281385281385
0,37775569358178
0,385281385281385
0,385281385281385
0,385281385281385
0,355178618482966
Gen 125
0,385281385281385
0,377943534726143
0,385281385281385
0,385281385281385
0,385281385281385
0,355929983060418
Gen 126
0,385281385281385
0,371636238157977
0,385281385281385
0,385281385281385
0,385281385281385
0,330700796787753
Gen 127
0,385281385281385
0,364632034632034
0,385281385281385
0,385281385281385
0,385281385281385
0,302683982683983
Gen 128
0,385281385281385
0,377142857142857
0,385281385281385
0,385281385281385
0,385281385281385
0,352727272727273
Gen 129
0,385281385281385
0,371703745529832
0,385281385281385
0,385281385281385
0,385281385281385
0,330970826275174
Gen 130
0,385281385281385
0,370426626513583
0,385281385281385
0,385281385281385
0,385281385281385
0,325862350210176
Gen 131
0,385281385281385
0,37274007152268
0,385281385281385
0,385281385281385
0,385281385281385
0,335116130246565
Gen 132
0,385281385281385
0,370542443064182
0,385281385281385
0,385281385281385
0,385281385281385
0,326325616412573
Gen 133
0,385281385281385
0,376048183700358
0,385281385281385
0,385281385281385
0,385281385281385
0,348348578957275
Gen 134
0,385281385281385
0,371387163561076
0,385281385281385
0,385281385281385
0,385281385281385
0,329704498400151
Gen 135
0,385281385281385
0,371554049814919
0,385281385281385
0,385281385281385
0,385281385281385
0,330372043415522
Gen 136
0,385281385281385
0,368692515214254
0,385281385281385
0,385281385281385
0,385281385281385
0,318925905012862
Gen 137
0,385281385281385
0,373442875964615
0,385281385281385
0,385281385281385
0,385281385281385
0,337927348014305
Gen 138
0,385281385281385
0,38021645021645
0,385281385281385
0,385281385281385
0,385281385281385
0,365021645021645
Gen 139
0,385281385281385
0,375151515151515
0,385281385281385
0,385281385281385
0,385281385281385
0,344761904761905
Gen 140
0,385281385281385
0,373816425120773
0,385281385281385
0,385281385281385
0,385281385281385
0,339421544638936
Gen 141
0,385281385281385
0,371710897797854
0,385281385281385
0,385281385281385
0,385281385281385
0,330999435347262
Gen 142
0,385281385281385
0,382770562770563
0,385281385281385
0,385281385281385
0,385281385281385
0,375238095238095
Gen 143
0,385281385281385
0,371006964050442
0,385281385281385
0,385281385281385
0,385281385281385
0,328183700357613
Gen 144
0,385507246376812
0,382525879917184
0,385290419725202
0,385281385281385
0,385281385281385
0,374250329380764
Gen 145
0,385507246376812
0,371615283267457
0,385416901938641
0,385281385281385
0,385281385281385
0,330481460568417
Gen 146
0,385507246376812
0,374523244871071
0,385507246376812
0,385507246376812
0,38548014304536
0,3415983436853
Gen 147
0,385507246376812
0,372531400966183
0,385507246376812
0,385507246376812
0,385507246376812
0,3336038647343
Gen 148
0,385507246376812
0,380955015998494
0,385507246376812
0,385507246376812
0,385507246376812
0,367298324863542
Gen 149
0,385507246376812
0,36878336156597
0,385507246376812
0,385507246376812
0,385507246376812
0,318611707133446
Gen 150
0,385507246376812
0,380262375305853
0,385507246376812
0,385507246376812
0,385507246376812
0,36452776209298
Gen 151
0,397101449275362
0,37850781102955
0,385971014492754
0,385507246376812
0,385507246376812
0,357045736871824
Gen 152
0,397101449275362
0,366529267833615
0,38968115942029
0,385507246376812
0,385507246376812
0,30542141916055
Gen 153
0,397101449275362
0,386553359683794
0,397101449275362
0,397101449275362
0,386434782608696
0,365575757575758
Gen 154
0,397101449275362
0,390457494196624
0,397101449275362
0,397101449275362
0,397101449275362
0,370525628960411
Gen 155
0,397101449275362
0,377842148189974
0,397101449275362
0,397101449275362
0,397101449275362
0,32006424493381
Gen 156
0,397101449275362
0,376935817805383
0,397101449275362
0,397101449275362
0,397101449275362
0,316438923395445
Gen 157
0,397101449275362
0,378506681724072
0,397101449275362
0,397101449275362
0,397101449275362
0,322722379070205
Gen 158
0,397101449275362
0,382407553798858
0,397101449275362
0,397101449275362
0,397101449275362
0,338325867369346
Gen 159
0,397101449275362
0,38602057845536
0,397101449275362
0,397101449275362
0,397101449275362
0,352777965995357
Gen 160
0,397101449275362
0,38236451471234
0,397101449275362
0,397101449275362
0,397101449275362
0,338153711023276
Gen 161
0,397101449275362
0,384053328314197
0,397101449275362
0,397101449275362
0,397101449275362
0,344908965430705
Gen 162
0,397101449275362
0,390977602108036
0,397101449275362
0,397101449275362
0,397101449275362
0,372606060606061
Gen 163
0,4
0,382831168831168
0,397217391304348
0,397101449275362
0,397101449275362
0,339904385469603
Gen 164
0,4
0,386315076228119
0,398144927536232
0,397101449275362
0,397101449275362
0,352912478825522
Gen 165
0,4
0,379879917184264
0,4
0,4
0,398492753623188
0,321026915113872
Gen 166
0,4
0,386876341050253
0,4
0,4
0,4
0,347505364201016
Gen 167
0,4
0,37998142919882
0,4
0,4
0,4
0,319925716795282
Gen 168
0,4
0,389068322981366
0,4
0,4
0,4
0,356273291925466
Gen 169
0,4
0,384321350147436
0,4
0,4
0,4
0,337285400589749
Gen 170
0,4
0,372770311813789
0,4
0,4
0,4
0,29108124725516
Gen 171
0,4
0,384415584415584
0,4
0,4
0,4
0,337662337662338
Gen 172
0,4
0,380159232072275
0,4
0,4
0,4
0,320636928289102
Gen 173
0,4
0,395617039964865
0,4
0,4
0,4
0,382468159859464
Gen 174
0,4
0,390650354476441
0,4
0,4
0,4
0,362601417905766
Gen 175
0,4
0,388136269527573
0,4
0,4
0,4
0,352545078110296
Gen 176
0,4
0,391792207792207
0,4
0,4
0,4
0,367168831168831
Gen 177
0,4
0,39677922077922
0,4
0,4
0,4
0,387116883116883
Gen 178
0,4
0,376424242424242
0,4
0,4
0,4
0,30569696969697
Gen 179
0,4
0,385949432210301
0,4
0,4
0,4
0,343797728841207
Gen 180
0,4
0,393804253717296
0,4
0,4
0,4
0,375217014869189
Gen 181
0,4
0,393748917748917
0,4
0,4
0,4
0,374995670995671
Gen 182
0,4
0,362594014680971
0,4
0,4
0,4
0,250376058723885
Gen 183
0,4
0,390867808519982
0,4
0,4
0,4
0,36347123407993
Gen 184
0,4
0,390792396009787
0,4
0,4
0,4
0,363169584039149
Gen 185
0,4
0,394753246753246
0,4
0,4
0,4
0,379012987012987
Gen 186
0,401932367149758
0,385561076604554
0,400077294685991
0,4
0,4
0,342167011732229
Gen 187
0,401932367149758
0,388733421168203
0,400772946859904
0,4
0,4
0,354160737812912
Gen 188
0,401932367149758
0,38232022084196
0,401932367149758
0,401932367149758
0,400463768115942
0,324952380952381
Gen 189
0,401932367149758
0,394536294623251
0,401932367149758
0,401932367149758
0,401932367149758
0,372348077043729
Gen 190
0,401932367149758
0,39413677144112
0,401932367149758
0,401932367149758
0,401932367149758
0,370749984315202
Gen 191
0,401932367149758
0,382124223602485
0,401932367149758
0,401932367149758
0,401932367149758
0,322699792960662
Gen 192
0,401932367149758
0,386667545015371
0,401932367149758
0,401932367149758
0,401932367149758
0,340873078612209
Gen 193
0,401932367149758
0,394583725453291
0,401932367149758
0,401932367149758
0,401932367149758
0,372537800363887
Gen 194
0,401932367149758
0,387246000376435
0,401932367149758
0,401932367149758
0,401932367149758
0,343186900056465
Gen 195
0,401932367149758
0,387137085137085
0,401932367149758
0,401932367149758
0,401932367149758
0,342751239099065
Gen 196
0,401932367149758
0,383971265449526
0,401932367149758
0,401932367149758
0,401932367149758
0,33008796034883
Gen 197
0,401932367149758
0,386726519856955
0,401932367149758
0,401932367149758
0,401932367149758
0,341108977978543
Gen 198
0,401932367149758
0,390105276366146
0,401932367149758
0,401932367149758
0,401932367149758
0,354624004015308
Gen 199
0,401932367149758
0,39547775895602
0,401932367149758
0,401932367149758
0,401932367149758
0,376113934374804
Gen 200
0,401932367149758
0,38903042850869
0,401932367149758
0,401932367149758
0,401932367149758
0,350324612585482
Gen 201
0,401932367149758
0,380860028860029
0,401932367149758
0,401932367149758
0,401932367149758
0,31764301399084
Gen 202
0,401932367149758
0,393057531840141
0,401932367149758
0,401932367149758
0,401932367149758
0,366433025911287
Gen 203
0,402597402597403
0,371266327875024
0,401958968567664
0,401932367149758
0,401932367149758
0,279241608632913
Gen 204
0,402597402597403
0,380494259363825
0,402065374239287
0,401932367149758
0,401932367149758
0,316046928916494
Gen 205
0,402597402597403
0,390956396260744
0,402597402597403
0,402411192672062
0,401932367149758
0,356884622623753
Gen 206
0,402597402597403
0,387852939331199
0,402597402597403
0,402597402597403
0,402597402597403
0,343619549532593
Gen 207
0,402597402597403
0,388202898550724
0,402597402597403
0,402597402597403
0,402597402597403
0,345019386410691
Gen 208
0,405797101449275
0,389120898425245
0,402725390551478
0,402597402597403
0,402597402597403
0,348563397954702
Gen 209
0,405797101449275
0,394747098312315
0,403172093606876
0,402597402597403
0,402597402597403
0,370621494447581
Gen 210
0,405797101449275
0,38529769747161
0,405797101449275
0,404599033816425
0,402597402597403
0,328197252023339
Gen 211
0,405797101449275
0,390426250078423
0,405797101449275
0,405797101449275
0,405797101449275
0,34431369596587
Gen 212
0,405797101449275
0,394078674948239
0,405797101449275
0,405797101449275
0,405797101449275
0,358923395445135
Gen 213
0,405797101449275
0,381114749984314
0,405797101449275
0,405797101449275
0,405797101449275
0,307067695589435
Gen 214
0,405797101449275
0,404274421230942
0,405797101449275
0,405797101449275
0,405797101449275
0,399706380575946
Gen 215
0,405797101449275
0,39301148127235
0,405797101449275
0,405797101449275
0,405797101449275
0,354654620741577
Gen 216
0,405797101449275
0,396576573185268
0,405797101449275
0,405797101449275
0,405797101449275
0,368914988393249
Gen 217
0,405797101449275
0,39407039337474
0,405797101449275
0,405797101449275
0,405797101449275
0,358890269151139
Gen 218
0,405797101449275
0,375096179183135
0,405797101449275
0,405797101449275
0,405797101449275
0,282993412384717
Gen 219
0,405797101449275
0,396956521739129
0,405797101449275
0,405797101449275
0,405797101449275
0,370434782608696
Gen 220
0,405797101449275
0,375844783236087
0,405797101449275
0,405797101449275
0,405797101449275
0,285987828596524
Gen 221
0,405797101449275
0,386935441370223
0,405797101449275
0,405797101449275
0,405797101449275
0,33035046113307
Gen 222
0,405797101449275
0,389211619298575
0,405797101449275
0,405797101449275
0,405797101449275
0,339455172846477
Gen 223
0,405797101449275
0,393020892151326
0,405797101449275
0,405797101449275
0,405797101449275
0,354692264257482
Gen 224
0,405797101449275
0,390918125352907
0,405797101449275
0,405797101449275
0,405797101449275
0,346281197063806
Gen 225
0,405797101449275
0,395077733860342
0,405797101449275
0,405797101449275
0,405797101449275
0,362919631093544
Gen 226
0,406926406926407
0,397198569546395
0,405842273668361
0,405797101449275
0,405797101449275
0,371357801618671
Gen 227
0,406926406926407
0,392809335591943
0,406158479201957
0,405797101449275
0,405797101449275
0,353484660267269
Gen 228
0,406926406926407
0,393325553673379
0,406926406926407
0,406881234707322
0,405797101449275
0,353697471610515
Gen 229
0,406926406926407
0,396167890080933
0,406926406926407
0,406926406926407
0,406926406926407
0,363892339544513
Gen 230
0,411255411255411
0,393809523809524
0,407099567099567
0,406926406926407
0,406926406926407
0,354285714285714
Gen 231
0,411255411255411
0,388095238095238
0,408138528138528
0,406926406926407
0,406926406926407
0,33038961038961
Gen 232
0,411255411255411
0,395473869126043
0,411255411255411
0,410909090909091
0,406926406926407
0,352804567413263
Gen 233
0,411255411255411
0,389468849990589
0,411255411255411
0,411255411255411
0,411255411255411
0,324109166196123
Gen 234
0,411255411255411
0,407662337662337
0,411255411255411
0,411255411255411
0,411255411255411
0,396883116883117
Gen 235
0,411255411255411
0,380168893908024
0,411255411255411
0,411255411255411
0,411255411255411
0,286909341865864
Gen 236
0,411255411255411
0,396003011481272
0,411255411255411
0,411255411255411
0,411255411255411
0,350245812158856
Gen 237
0,411255411255411
0,405411255411255
0,411255411255411
0,411255411255411
0,411255411255411
0,387878787878788
Gen 238
0,411255411255411
0,395350774829035
0,411255411255411
0,411255411255411
0,411255411255411
0,347636865549909
Gen 239
0,433816425120773
0,397801367714411
0,412157851810026
0,411255411255411
0,411255411255411
0,356536796536797
Gen 240
0,433816425120773
0,402194491498839
0,418474935692327
0,411255411255411
0,411255411255411
0,367792207792208
Gen 241
0,433816425120773
0,418127862475689
0,433816425120773
0,433816425120773
0,424792019574628
0,38008658008658
Gen 242
0,433816425120773
0,422251207729469
0,433816425120773
0,433816425120773
0,433816425120773
0,387555555555555
Gen 243
0,433816425120773
0,427521048999311
0,433816425120773
0,433816425120773
0,433816425120773
0,40863492063492
Gen 244
0,433816425120773
0,420359872012047
0,433816425120773
0,433816425120773
0,433816425120773
0,379990212685865
Gen 245
0,433816425120773
0,413757073844031
0,433816425120773
0,433816425120773
0,433816425120773
0,353579020013802
Gen 246
0,433816425120773
0,418595018508063
0,433816425120773
0,433816425120773
0,433816425120773
0,372930798669929
Gen 247
0,433816425120773
0,427805759457934
0,433816425120773
0,433816425120773
0,433816425120773
0,409773762469414
Gen 248
0,433816425120773
0,402498776585734
0,433816425120773
0,433816425120773
0,433816425120773
0,308545830980614
Gen 249
0,433816425120773
0,425468097120272
0,433816425120773
0,433816425120773
0,433816425120773
0,400423113118765
Gen 250
0,433816425120773
0,405413137587051
0,433816425120773
0,433816425120773
0,433816425120773
0,320203274985884
Gen 251
0,433816425120773
0,432811594202899
0,433816425120773
0,433816425120773
0,433816425120773
0,429797101449275
Gen 252
0,433816425120773
0,42678511826338
0,433816425120773
0,433816425120773
0,433816425120773
0,405691197691197
Gen 253
0,433816425120773
0,426085701737876
0,433816425120773
0,433816425120773
0,433816425120773
0,402893531589184
Gen 254
0,446376811594203
0,428751364577452
0,43431884057971
0,433816425120773
0,433816425120773
0,41305376748855
Gen 255
0,446376811594203
0,418584227366837
0,442357487922705
0,433816425120773
0,433816425120773
0,364346571303093
Gen 256
0,446376811594203
0,435624192232888
0,446376811594203
0,446376811594203
0,446376811594203
0,403366334148943
Gen 257
0,446376811594203
0,445501223414267
0,446376811594203
0,446376811594203
0,446376811594203
0,442874458874459
Gen 258
0,446376811594203
0,434837191793714
0,446376811594203
0,446376811594203
0,446376811594203
0,400218332392245
Gen 259
0,446376811594203
0,43068134763787
0,446376811594203
0,446376811594203
0,446376811594203
0,383594955768869
Gen 260
0,446376811594203
0,434653115000942
0,446376811594203
0,446376811594203
0,446376811594203
0,399482025221156
Gen 261
0,446376811594203
0,434370788631659
0,446376811594203
0,446376811594203
0,446376811594203
0,398352719744024
Gen 262
0,446376811594203
0,439094297007341
0,446376811594203
0,446376811594203
0,446376811594203
0,417246753246753
Gen 263
0,446376811594203
0,434539055147751
0,446376811594203
0,446376811594203
0,446376811594203
0,399025785808395
Gen 264
0,446376811594203
0,432676453980802
0,446376811594203
0,446376811594203
0,446376811594203
0,391575381140599
Gen 265
0,446376811594203
0,444678712591757
0,446376811594203
0,446376811594203
0,446376811594203
0,439584415584416
Gen 266
0,446376811594203
0,440488989271598
0,446376811594203
0,446376811594203
0,446376811594203
0,422825522303783
Gen 267
0,446376811594203
0,430008156095113
0,446376811594203
0,446376811594203
0,446376811594203
0,380902189597842
Gen 268
0,446376811594203
0,43367325428195
0,446376811594203
0,446376811594203
0,446376811594203
0,395562582345191
Gen 269
0,446376811594203
0,420016061233453
0,446376811594203
0,446376811594203
0,446376811594203
0,340933810151202
Gen 270
0,446376811594203
0,441124035384905
0,446376811594203
0,446376811594203
0,446376811594203
0,425365706757011
Gen 271
0,446376811594203
0,438850241545894
0,446376811594203
0,446376811594203
0,446376811594203
0,416270531400966
Gen 272
0,446376811594203
0,438125352907962
0,446376811594203
0,446376811594203
0,446376811594203
0,413370976849238
Gen 273
0,446376811594203
0,429963109354414
0,446376811594203
0,446376811594203
0,446376811594203
0,380722002635046
Gen 274
0,446376811594203
0,435308488612837
0,446376811594203
0,446376811594203
0,446376811594203
0,402103519668737
Gen 275
0,446376811594203
0,44026250078424
0,446376811594203
0,446376811594203
0,446376811594203
0,421919568354351
Gen 276
0,446376811594203
0,435712654495264
0,446376811594203
0,446376811594203
0,446376811594203
0,403720183198444
Gen 277
0,446376811594203
0,431181629964239
0,446376811594203
0,446376811594203
0,446376811594203
0,385596085074346
Gen 278
0,446376811594203
0,42383474496518
0,446376811594203
0,446376811594203
0,446376811594203
0,35620854507811
Gen 279
0,446376811594203
0,436468410816237
0,446376811594203
0,446376811594203
0,446376811594203
0,406743208482339
Gen 280
0,446376811594203
0,421898111550286
0,446376811594203
0,446376811594203
0,446376811594203
0,348462011418533
Gen 281
0,446376811594203
0,430872074785119
0,446376811594203
0,446376811594203
0,446376811594203
0,384357864357864
Gen 282
0,446376811594203
0,434630528891399
0,446376811594203
0,446376811594203
0,446376811594203
0,399391680782985
Gen 283
0,446376811594203
0,432162996423866
0,446376811594203
0,446376811594203
0,446376811594203
0,389521550912855
Gen 284
0,446376811594203
0,421819436602046
0,446376811594203
0,446376811594203
0,446376811594203
0,348147311625573
Gen 285
0,446376811594203
0,433808018068888
0,446376811594203
0,446376811594203
0,446376811594203
0,396101637492942
Gen 286
0,446376811594203
0,418848484848485
0,446376811594203
0,446376811594203
0,446376811594203
0,336263504611331
Gen 287
0,446376811594203
0,431973273103708
0,446376811594203
0,446376811594203
0,446376811594203
0,388762657632223
Gen 288
0,446376811594203
0,433278750235272
0,446376811594203
0,446376811594203
0,446376811594203
0,393984566158479
Gen 289
0,446376811594203
0,436448710709581
0,446376811594203
0,446376811594203
0,446376811594203
0,406664408055712
Gen 290
0,446376811594203
0,430311437354916
0,446376811594203
0,446376811594203
0,446376811594203
0,382115314637054
Gen 291
0,446376811594203
0,445592697157915
0,446376811594203
0,446376811594203
0,446376811594203
0,44324035384905
Gen 292
0,446376811594203
0,433121274860406
0,446376811594203
0,446376811594203
0,446376811594203
0,393354664659013
Gen 293
0,446376811594203
0,431954074910597
0,446376811594203
0,446376811594203
0,446376811594203
0,388685864859778
Gen 294
0,446376811594203
0,431904259991217
0,446376811594203
0,446376811594203
0,446376811594203
0,388486605182257
Gen 295
0,446376811594203
0,430740322479453
0,446376811594203
0,446376811594203
0,446376811594203
0,383830855135203
Gen 296
0,446376811594203
0,443239224543573
0,446376811594203
0,446376811594203
0,446376811594203
0,433826463391681
Gen 297
0,446376811594203
0,432562519605998
0,446376811594203
0,446376811594203
0,446376811594203
0,391119643641383
Gen 298
0,446376811594203
0,43162205910032
0,446376811594203
0,446376811594203
0,446376811594203
0,387357801618671
Gen 299
0,446376811594203
0,440950875211745
0,446376811594203
0,446376811594203
0,446376811594203
0,424673066064371
Gen 300
0,446376811594203
0,437576134010917
0,446376811594203
0,446376811594203
0,446376811594203
0,411174101261058
Gen 301
0,446376811594203
0,417386536169145
0,446376811594203
0,446376811594203
0,446376811594203
0,330415709893971
Gen 302
0,446376811594203
0,429765229939143
0,446376811594203
0,446376811594203
0,446376811594203
0,379930484973963
Gen 303
0,446376811594203
0,425063554802686
0,446376811594203
0,446376811594203
0,446376811594203
0,361123784428132
Gen 304
0,446376811594203
0,433741138088965
0,446376811594203
0,446376811594203
0,446376811594203
0,395834117573248
