Gen 1
0.0909090909090909
0.00433352155091286
0.0173340862036514
0
0
0
Gen 2
0.116883116883117
0.0616906957776522
0.0919480519480519
0.0740372670807453
0.048083317648535
0.0326941464332769
Gen 3
0.116883116883117
0.0771217767739506
0.092987012987013
0.0909090909090909
0.0851752305665349
0.0394157726331639
Gen 4
0.116883116883117
0.0843484534788882
0.0971428571428571
0.0909090909090909
0.0909090909090909
0.0584327749545141
Gen 5
0.116883116883117
0.0923932492628145
0.105454545454545
0.0909090909090909
0.0909090909090909
0.0823002697785306
Gen 6
0.116883116883117
0.0969134826526132
0.116883116883117
0.0943316393751176
0.0909090909090909
0.0855300834431269
Gen 7
0.116883116883117
0.104492000752871
0.116883116883117
0.116883116883117
0.100565405608884
0.0836363636363636
Gen 8
0.116883116883117
0.110519480519481
0.116883116883117
0.116883116883117
0.116883116883117
0.0914285714285714
Gen 9
0.125541125541126
0.110389610389611
0.117229437229437
0.116883116883117
0.116883116883117
0.0905627705627705
Gen 10
0.125541125541126
0.113160173160173
0.117575757575758
0.116883116883117
0.116883116883117
0.101298701298701
Gen 11
0.125541125541126
0.114935064935065
0.117575757575758
0.116883116883117
0.116883116883117
0.108398268398268
Gen 12
0.125541125541126
0.114848484848485
0.118268398268398
0.116883116883117
0.116883116883117
0.107359307359307
Gen 13
0.125541125541126
0.117186147186147
0.119307359307359
0.116883116883117
0.116883116883117
0.115670995670996
Gen 14
0.125541125541126
0.117792207792208
0.121731601731602
0.116883116883117
0.116883116883117
0.115670995670996
Gen 15
0.151515151515152
0.118268398268398
0.125541125541126
0.116883116883117
0.116883116883117
0.113766233766234
Gen 16
0.151515151515152
0.116666666666666
0.127619047619048
0.122424242424242
0.116883116883117
0.0997402597402597
Gen 17
0.151515151515152
0.121558441558441
0.12969696969697
0.125541125541126
0.117229437229437
0.113766233766234
Gen 18
0.151515151515152
0.124069264069264
0.136623376623377
0.125541125541126
0.122251082251082
0.111861471861472
Gen 19
0.151515151515152
0.127229437229437
0.148051948051948
0.125541125541126
0.125194805194805
0.11012987012987
Gen 20
0.155844155844156
0.131038961038961
0.151688311688312
0.138701298701299
0.125541125541126
0.108225108225108
Gen 21
0.155844155844156
0.132770562770563
0.151861471861472
0.151515151515151
0.126580086580087
0.101125541125541
Gen 22
0.16017316017316
0.14030303030303
0.152727272727273
0.151515151515151
0.144588744588745
0.112380952380952
Gen 23
0.16017316017316
0.144545454545455
0.153766233766234
0.151515151515151
0.151515151515151
0.121385281385281
Gen 24
0.16017316017316
0.146233766233766
0.156883116883117
0.151515151515151
0.151515151515151
0.125021645021645
Gen 25
0.16017316017316
0.145719555806513
0.158441558441558
0.154285714285714
0.151515151515151
0.118635798983625
Gen 26
0.164502164502165
0.146998431520171
0.16034632034632
0.156363636363636
0.151861471861472
0.119422297509254
Gen 27
0.164502164502165
0.147272727272727
0.16034632034632
0.15965367965368
0.153593073593074
0.115497835497836
Gen 28
0.197101449275362
0.152480456741326
0.163646903820817
0.16017316017316
0.158614718614719
0.12748704435661
Gen 29
0.197101449275362
0.15297509254031
0.169901750423489
0.16017316017316
0.15965367965368
0.12217177991091
Gen 30
0.197101449275362
0.161666603927474
0.183888575192923
0.16017316017316
0.16017316017316
0.142431520170651
Gen 31
0.197101449275362
0.16909843779409
0.197101449275362
0.180149821193299
0.16034632034632
0.138796160361378
Gen 32
0.197101449275362
0.170610326871197
0.197101449275362
0.191885563711651
0.161904761904762
0.131549532593011
Gen 33
0.197101449275362
0.182422485726834
0.197101449275362
0.197101449275362
0.181107472237907
0.154379572118703
Gen 34
0.197101449275362
0.185309994353472
0.197101449275362
0.197101449275362
0.191885563711651
0.155151515151515
Gen 35
0.197101449275362
0.185659451659451
0.197101449275362
0.197101449275362
0.197101449275362
0.15133345881172
Gen 36
0.216450216450216
0.187242988895163
0.197875399962356
0.197101449275362
0.197101449275362
0.15689365706757
Gen 37
0.216450216450216
0.188433527824832
0.198997176736307
0.197101449275362
0.197101449275362
0.160534036012297
Gen 38
0.216450216450216
0.187927222535918
0.200545078110296
0.197101449275362
0.197101449275362
0.156960913482653
Gen 39
0.216450216450216
0.19196837944664
0.203988706945229
0.197101449275362
0.197101449275362
0.169681912290608
Gen 40
0.216450216450216
0.194011167576385
0.210528138528139
0.197101449275362
0.197101449275362
0.171313633226677
Gen 41
0.216450216450216
0.194118953510258
0.216450216450216
0.201510257858084
0.197101449275362
0.161413890457369
Gen 42
0.216450216450216
0.202999686304034
0.216450216450216
0.216450216450216
0.199614530397139
0.179483781918564
Gen 43
0.232850241545894
0.208625133320785
0.217106217454043
0.216450216450216
0.210954263128176
0.189989836250706
Gen 44
0.232850241545894
0.208146433276868
0.217762218457871
0.216450216450216
0.21625597590815
0.182117322291235
Gen 45
0.232850241545894
0.207560574691009
0.218610452349583
0.216450216450216
0.21625597590815
0.178925654056089
Gen 46
0.232850241545894
0.210145554928163
0.221813162682728
0.216450216450216
0.216450216450216
0.185868624129494
Gen 47
0.232850241545894
0.215515904385469
0.22725340360123
0.216450216450216
0.216450216450216
0.201909781040216
Gen 48
0.232850241545894
0.219149131062174
0.232850241545894
0.222852625635234
0.216450216450216
0.204443440617354
Gen 49
0.232850241545894
0.219332454984629
0.232850241545894
0.230456113934375
0.216450216450216
0.197573248008031
Gen 50
0.232850241545894
0.220307798481711
0.232850241545894
0.232850241545894
0.224629399585921
0.190901311249137
Gen 51
0.232850241545894
0.223084133258046
0.232850241545894
0.232850241545894
0.231613526570048
0.195022523370349
Gen 52
0.241545893719807
0.227758328627894
0.23319806763285
0.232850241545894
0.232850241545894
0.212134763786938
Gen 53
0.272727272727273
0.227384403036577
0.235140974967062
0.232850241545894
0.232850241545894
0.208696154087458
Gen 54
0.272727272727273
0.228701173222912
0.24062187088274
0.232850241545894
0.232850241545894
0.208482338917122
Gen 55
0.272727272727273
0.229213125039212
0.248238910847606
0.232850241545894
0.232850241545894
0.202913106217454
Gen 56
0.272727272727273
0.234657757701236
0.258852876592007
0.233043478260869
0.232850241545894
0.213884434406173
Gen 57
0.272727272727273
0.239672250454859
0.272727272727273
0.239740008783487
0.232850241545894
0.213371478762783
Gen 58
0.272727272727273
0.251635987201205
0.272727272727273
0.272727272727273
0.235864734299517
0.225224669050756
Gen 59
0.272727272727273
0.253837254532907
0.272727272727273
0.272727272727273
0.250849363197189
0.219045109479892
Gen 60
0.272727272727273
0.259776397515528
0.272727272727273
0.272727272727273
0.271515151515151
0.222135893092415
Gen 61
0.272727272727273
0.26326369282891
0.272727272727273
0.272727272727273
0.272727272727273
0.234872953133823
Gen 62
0.272727272727273
0.262728778467909
0.272727272727273
0.272727272727273
0.272727272727273
0.232733295689817
Gen 63
0.272727272727273
0.266319844406801
0.272727272727273
0.272727272727273
0.272727272727273
0.247097559445385
Gen 64
0.29004329004329
0.259019386410691
0.273419913419913
0.272727272727273
0.272727272727273
0.217203086768304
Gen 65
0.29004329004329
0.265429198820504
0.273419913419913
0.272727272727273
0.272727272727273
0.242842336407554
Gen 66
0.29004329004329
0.263394566785872
0.274112554112554
0.272727272727273
0.272727272727273
0.234011167576385
Gen 67
0.29004329004329
0.269247757073844
0.275497835497835
0.272727272727273
0.272727272727273
0.256038647342995
Gen 68
0.29004329004329
0.268652362130623
0.277452286843591
0.272727272727273
0.272727272727273
0.251702616224355
Gen 69
0.29004329004329
0.265052136269528
0.280792019574628
0.272727272727273
0.272727272727273
0.233961980048937
Gen 70
0.29004329004329
0.268912729782295
0.288856766421984
0.272727272727273
0.272727272727273
0.241339607252651
Gen 71
0.29004329004329
0.275956208043165
0.29004329004329
0.283068699416525
0.272727272727273
0.25798556998557
Gen 72
0.29004329004329
0.270953008344313
0.29004329004329
0.289919819311123
0.274434782608696
0.229414141414141
Gen 73
0.29004329004329
0.28320597277119
0.29004329004329
0.29004329004329
0.287025785808394
0.265711525189786
Gen 74
0.29004329004329
0.281406236275801
0.29004329004329
0.29004329004329
0.29004329004329
0.255495074973336
Gen 75
0.29004329004329
0.277437605872388
0.29004329004329
0.29004329004329
0.29004329004329
0.239620553359684
Gen 76
0.29004329004329
0.27831369596587
0.29004329004329
0.29004329004329
0.29004329004329
0.243124913733609
Gen 77
0.29004329004329
0.282427881297446
0.29004329004329
0.29004329004329
0.29004329004329
0.259581655059916
Gen 78
0.29004329004329
0.279275236840454
0.29004329004329
0.29004329004329
0.29004329004329
0.246971077231947
Gen 79
0.29004329004329
0.27995670995671
0.29004329004329
0.29004329004329
0.29004329004329
0.24969696969697
Gen 80
0.29004329004329
0.285234330886505
0.29004329004329
0.29004329004329
0.29004329004329
0.270807453416149
Gen 81
0.29004329004329
0.28482527134701
0.29004329004329
0.29004329004329
0.29004329004329
0.269171215258172
Gen 82
0.294372294372294
0.277716167890081
0.29021645021645
0.29004329004329
0.29004329004329
0.240561641257293
Gen 83
0.294372294372294
0.275415647154777
0.29021645021645
0.29004329004329
0.29004329004329
0.23135955831608
Gen 84
0.294372294372294
0.28021645021645
0.29038961038961
0.29004329004329
0.29004329004329
0.25038961038961
Gen 85
0.294372294372294
0.284201141853315
0.29056277056277
0.29004329004329
0.29004329004329
0.266155216763912
Gen 86
0.294372294372294
0.284088085827216
0.290909090909091
0.29004329004329
0.29004329004329
0.265356672313194
Gen 87
0.329004329004329
0.277013112491373
0.293160173160173
0.29004329004329
0.29004329004329
0.23480569671874
Gen 88
0.329004329004329
0.28424254972081
0.297142857142857
0.29004329004329
0.29004329004329
0.259740761653805
Gen 89
0.329004329004329
0.279862601166949
0.29974025974026
0.29004329004329
0.29004329004329
0.239623564840956
Gen 90
0.329004329004329
0.286661020139281
0.301298701298702
0.292467532467532
0.29004329004329
0.2628345567476
Gen 91
0.329004329004329
0.286613840266014
0.308225108225108
0.294372294372295
0.291428571428571
0.252429387038083
Gen 92
0.329004329004329
0.291137712529017
0.317922077922078
0.294372294372295
0.293160173160173
0.259096304661522
Gen 93
0.329004329004329
0.303089654307046
0.329004329004329
0.302683982683983
0.294372294372295
0.286298011167576
Gen 94
0.329004329004329
0.304759018759019
0.329004329004329
0.322077922077922
0.294372294372295
0.273581529581529
Gen 95
0.329004329004329
0.301700483091788
0.329004329004329
0.329004329004329
0.308225108225108
0.240568166133384
Gen 96
0.329004329004329
0.311804881109229
0.329004329004329
0.329004329004329
0.326555492816362
0.262655373611895
Gen 97
0.357487922705314
0.319374113808897
0.330143672752368
0.329004329004329
0.329004329004329
0.289344124474559
Gen 98
0.357487922705314
0.310072902942469
0.330143672752368
0.329004329004329
0.329004329004329
0.252139281008846
Gen 99
0.357487922705314
0.308841959972395
0.331283016500408
0.329004329004329
0.329004329004329
0.246076165380513
Gen 100
0.357487922705314
0.315281134324613
0.336013551665726
0.329004329004329
0.329004329004329
0.267102327624067
Gen 101
0.365217391304348
0.320060606060607
0.343158792897923
0.329004329004329
0.329004329004329
0.279074973335843
Gen 102
0.365217391304348
0.326223853441245
0.358724637681159
0.330489993098689
0.329004329004329
0.286676453980802
Gen 103
0.365217391304348
0.32122316331012
0.359342995169082
0.352329255285777
0.329004329004329
0.244216073781291
Gen 104
0.367965367965368
0.330701675136458
0.360689629211368
0.357487922705314
0.331975657193049
0.2726534914361
Gen 105
0.367965367965368
0.332672940585984
0.363382897295941
0.357487922705314
0.340744086831043
0.269076855511638
Gen 106
0.367965367965368
0.325550912855261
0.366316581968756
0.361507246376812
0.347406989146119
0.226972833929356
Gen 107
0.367965367965368
0.351388920258486
0.367525691699605
0.365217391304348
0.360270531400966
0.312542066629023
Gen 108
0.367965367965368
0.339487922705314
0.367965367965368
0.367195934500282
0.363980676328502
0.258809712027103
Gen 109
0.367965367965368
0.352869188782233
0.367965367965368
0.367965367965368
0.366316581968756
0.309229437229437
Gen 110
0.367965367965368
0.354081560951127
0.367965367965368
0.367965367965368
0.367965367965368
0.312430139908401
Gen 111
0.392270531400966
0.355220653742393
0.369630215195433
0.367965367965368
0.367965367965368
0.315321663843403
Gen 112
0.392270531400966
0.356305916305917
0.370602421732857
0.367965367965368
0.367965367965368
0.318690507560073
Gen 113
0.392270531400966
0.361863354037267
0.374211682037769
0.367965367965368
0.367965367965368
0.337310998180563
Gen 114
0.392270531400966
0.340910722128114
0.378793148880106
0.367965367965368
0.367965367965368
0.248919003701612
Gen 115
0.392270531400966
0.358235522931175
0.389900495639626
0.367965367965368
0.367965367965368
0.307110860154338
Gen 116
0.392270531400966
0.361706882489491
0.392270531400966
0.386278687496079
0.367965367965368
0.300312943095552
Gen 117
0.402597402597403
0.368861158165506
0.392683606248823
0.392270531400966
0.381004579961102
0.309485915051132
Gen 118
0.402597402597403
0.382887634105026
0.392683606248823
0.392270531400966
0.392270531400966
0.354325867369346
Gen 119
0.402597402597403
0.377607754564277
0.393096681096681
0.392270531400966
0.392270531400966
0.332793274358492
Gen 120
0.402597402597403
0.365882301273606
0.393922830792396
0.392270531400966
0.392270531400966
0.285065311500094
Gen 121
0.402597402597403
0.37777326055587
0.394748980488111
0.392270531400966
0.392270531400966
0.331802998933434
Gen 122
0.402597402597403
0.379254156471548
0.397227429575255
0.392270531400966
0.392270531400966
0.335248133509003
Gen 123
0.402597402597403
0.371470732166385
0.400532028358115
0.392270531400966
0.392270531400966
0.30080983750549
Gen 124
0.402597402597403
0.383636991028296
0.402597402597403
0.395988205031683
0.392270531400966
0.343691825083129
Gen 125
0.402597402597403
0.391181755442625
0.402597402597403
0.402597402597403
0.394748980488111
0.364783236087584
Gen 126
0.402597402597403
0.381621557186775
0.402597402597403
0.402597402597403
0.396814354727398
0.324477068824895
Gen 127
0.402597402597403
0.369558190601669
0.402597402597403
0.402597402597403
0.398466654118828
0.274571303093042
Gen 128
0.402597402597403
0.367820189472363
0.402597402597403
0.402597402597403
0.400118953510258
0.265966999184391
Gen 129
0.402597402597403
0.378955517912039
0.402597402597403
0.402597402597403
0.402597402597403
0.308029863855951
Gen 130
0.402597402597403
0.38217692452475
0.402597402597403
0.402597402597403
0.402424242424242
0.321088650479955
Gen 131
0.402597402597403
0.381386912604303
0.402597402597403
0.402597402597403
0.402597402597403
0.317755442625008
Gen 132
0.402597402597403
0.369646903820816
0.402597402597403
0.402597402597403
0.402597402597403
0.27079540749106
Gen 133
0.402597402597403
0.384402158228244
0.402597402597403
0.402597402597403
0.402597402597403
0.329816425120773
Gen 134
0.402597402597403
0.385233327059413
0.402597402597403
0.402597402597403
0.402597402597403
0.333141100445448
Gen 135
0.402597402597403
0.39083832109919
0.402597402597403
0.402597402597403
0.402597402597403
0.355561076604555
Gen 136
0.402597402597403
0.381615032310684
0.402597402597403
0.402597402597403
0.402597402597403
0.31866792145053
Gen 137
0.402597402597403
0.377286780851997
0.402597402597403
0.402597402597403
0.402597402597403
0.301354915615785
Gen 138
0.402597402597403
0.388137022397891
0.402597402597403
0.402597402597403
0.402597402597403
0.34475588179936
Gen 139
0.402597402597403
0.379572369659325
0.402597402597403
0.402597402597403
0.402597402597403
0.310497270845097
Gen 140
0.402597402597403
0.386074283204717
0.402597402597403
0.402597402597403
0.402597402597403
0.336504925026664
Gen 141
0.402597402597403
0.396857017378756
0.402597402597403
0.402597402597403
0.402597402597403
0.379635861722818
Gen 142
0.402597402597403
0.386506932680845
0.402597402597403
0.402597402597403
0.402597402597403
0.338235522931175
Gen 143
0.402597402597403
0.39012811343246
0.402597402597403
0.402597402597403
0.402597402597403
0.352720245937637
Gen 144
0.402597402597403
0.379727586423238
0.402597402597403
0.402597402597403
0.402597402597403
0.311118137900747
Gen 145
0.405797101449275
0.386683982683982
0.402725390551478
0.402597402597403
0.402597402597403
0.338815734989648
Gen 146
0.405797101449275
0.391446263881046
0.402853378505552
0.402597402597403
0.402597402597403
0.357736871823828
Gen 147
0.405797101449275
0.393775644645209
0.402981366459627
0.402597402597403
0.402597402597403
0.366926406926407
Gen 148
0.405797101449275
0.393312880356358
0.403621306230002
0.402597402597403
0.402597402597403
0.364435410000627
Gen 149
0.405797101449275
0.384110797415144
0.404133258046302
0.402597402597403
0.402597402597403
0.327115126419474
Gen 150
0.405797101449275
0.381822824518476
0.405541125541126
0.402597402597403
0.402597402597403
0.316555367337976
Gen 151
0.405797101449275
0.395565719304849
0.405797101449275
0.405029173724826
0.402597402597403
0.368839199447895
Gen 152
0.406926406926407
0.391408745843528
0.405842273668361
0.405797101449275
0.403109354413702
0.350886253842776
Gen 153
0.406926406926407
0.380173662086705
0.405887445887446
0.405797101449275
0.404389233954451
0.30462086705565
Gen 154
0.406926406926407
0.39115302089215
0.405932618106531
0.405797101449275
0.405797101449275
0.347085262563523
Gen 155
0.406926406926407
0.39436037392559
0.406022962544702
0.405797101449275
0.405797101449275
0.359824330259113
Gen 156
0.406926406926407
0.377834870443565
0.406158479201957
0.405797101449275
0.405797101449275
0.293586799673756
Gen 157
0.406926406926407
0.384384716732542
0.406384340297384
0.405797101449275
0.405797101449275
0.319560323734237
Gen 158
0.406926406926407
0.386284334023464
0.406926406926407
0.405932618106531
0.405797101449275
0.326481209611644
Gen 159
0.406926406926407
0.385717924587489
0.406926406926407
0.406474684735554
0.405797101449275
0.323673505238723
Gen 160
0.406926406926407
0.395319154275675
0.406926406926407
0.406926406926407
0.406158479201957
0.361265324047933
Gen 161
0.406926406926407
0.399709517535604
0.406926406926407
0.406926406926407
0.406926406926407
0.378058849363197
Gen 162
0.406926406926407
0.389391931739757
0.406926406926407
0.406926406926407
0.406926406926407
0.336788506179811
Gen 163
0.406926406926407
0.396802685237467
0.406926406926407
0.406926406926407
0.406926406926407
0.366431520170651
Gen 164
0.406926406926407
0.385474371039588
0.406926406926407
0.406926406926407
0.406926406926407
0.321118263379133
Gen 165
0.406926406926407
0.377609009348139
0.406926406926407
0.406926406926407
0.406926406926407
0.289656816613338
Gen 166
0.406926406926407
0.388183072965681
0.406926406926407
0.406926406926407
0.406926406926407
0.331953071083506
Gen 167
0.406926406926407
0.39445523558567
0.406926406926407
0.406926406926407
0.406926406926407
0.357041721563461
Gen 168
0.406926406926407
0.39410891523935
0.406926406926407
0.406926406926407
0.406926406926407
0.355656440178179
Gen 169
0.406926406926407
0.382997051257921
0.406926406926407
0.406926406926407
0.406926406926407
0.311208984252463
Gen 170
0.406926406926407
0.385317021143108
0.406926406926407
0.406926406926407
0.406926406926407
0.320488863793212
Gen 171
0.406926406926407
0.398914486479704
0.406926406926407
0.406926406926407
0.406926406926407
0.374878725139595
Gen 172
0.406926406926407
0.394395884308928
0.406926406926407
0.406926406926407
0.406926406926407
0.35680431645649
Gen 173
0.406926406926407
0.396129493694711
0.406926406926407
0.406926406926407
0.406926406926407
0.363738753999624
Gen 174
0.406926406926407
0.38384227366836
0.406926406926407
0.406926406926407
0.406926406926407
0.314589873894222
Gen 175
0.406926406926407
0.392429010602924
0.406926406926407
0.406926406926407
0.406926406926407
0.348936821632474
Gen 176
0.406926406926407
0.39252086078173
0.406926406926407
0.406926406926407
0.406926406926407
0.3493042223477
Gen 177
0.406926406926407
0.383266327875023
0.406926406926407
0.406926406926407
0.406926406926407
0.312286090720873
Gen 178
0.406926406926407
0.38990551477508
0.406926406926407
0.406926406926407
0.406926406926407
0.338842838321099
Gen 179
0.406926406926407
0.386491875274484
0.406926406926407
0.406926406926407
0.406926406926407
0.325188280318715
Gen 180
0.406926406926407
0.392332643202208
0.406926406926407
0.406926406926407
0.406926406926407
0.348551352029613
Gen 181
0.406926406926407
0.392886002886003
0.406926406926407
0.406926406926407
0.406926406926407
0.350764790764791
Gen 182
0.406926406926407
0.390744965179748
0.406926406926407
0.406926406926407
0.406926406926407
0.34220063993977
Gen 183
0.406926406926407
0.394542694020955
0.406926406926407
0.406926406926407
0.406926406926407
0.357391555304599
Gen 184
0.406926406926407
0.397845410628019
0.406926406926407
0.406926406926407
0.406926406926407
0.370602421732856
Gen 185
0.406926406926407
0.394434908087082
0.406926406926407
0.406926406926407
0.406926406926407
0.356960411569107
Gen 186
0.406926406926407
0.384899303594956
0.406926406926407
0.406926406926407
0.406926406926407
0.318817993600602
Gen 187
0.406926406926407
0.388637053767488
0.406926406926407
0.406926406926407
0.406926406926407
0.333768994290733
Gen 188
0.406926406926407
0.392500784239915
0.406926406926407
0.406926406926407
0.406926406926407
0.349223916180438
Gen 189
0.406926406926407
0.393037078863166
0.406926406926407
0.406926406926407
0.406926406926407
0.351369094673442
Gen 190
0.406926406926407
0.377293305728088
0.406926406926407
0.406926406926407
0.406926406926407
0.288394002133133
Gen 191
0.406926406926407
0.382263002697785
0.406926406926407
0.406926406926407
0.406926406926407
0.30827279001192
Gen 192
0.406926406926407
0.392549971767363
0.406926406926407
0.406926406926407
0.406926406926407
0.349420666290231
Gen 193
0.406926406926407
0.391799109103457
0.406926406926407
0.406926406926407
0.406926406926407
0.346417215634607
Gen 194
0.406926406926407
0.391904761904762
0.406926406926407
0.406926406926407
0.406926406926407
0.346839826839827
Gen 195
0.406926406926407
0.393787439613527
0.406926406926407
0.406926406926407
0.406926406926407
0.354370537674885
Gen 196
0.406926406926407
0.3977794089968
0.406926406926407
0.406926406926407
0.406926406926407
0.37033841520798
Gen 197
0.406926406926407
0.375421293682163
0.406926406926407
0.406926406926407
0.406926406926407
0.280905953949432
Gen 198
0.406926406926407
0.382357236965932
0.406926406926407
0.406926406926407
0.406926406926407
0.30864972708451
Gen 199
0.406926406926407
0.379844532279315
0.406926406926407
0.406926406926407
0.406926406926407
0.298598908338039
Gen 200
0.406926406926407
0.372377062550975
0.406926406926407
0.406926406926407
0.406926406926407
0.268729029424682
Gen 201
0.406926406926407
0.400252587991718
0.406926406926407
0.406926406926407
0.406926406926407
0.380231131187653
Gen 202
0.406926406926407
0.38652086078173
0.406926406926407
0.406926406926407
0.406926406926407
0.3253042223477
Gen 203
0.406926406926407
0.387464458247067
0.406926406926407
0.406926406926407
0.406926406926407
0.329078612209047
Gen 204
0.406926406926407
0.382347826086956
0.406926406926407
0.406926406926407
0.406926406926407
0.308612083568605
Gen 205
0.406926406926407
0.401185394315829
0.406926406926407
0.406926406926407
0.406926406926407
0.383962356484095
Gen 206
0.406926406926407
0.382525252525252
0.406926406926407
0.406926406926407
0.406926406926407
0.309321789321789
Gen 207
0.406926406926407
0.393051132442437
0.406926406926407
0.406926406926407
0.406926406926407
0.351425308990526
Gen 208
0.406926406926407
0.396266767049376
0.406926406926407
0.406926406926407
0.406926406926407
0.364287847418282
Gen 209
0.406926406926407
0.396661020139281
0.406926406926407
0.406926406926407
0.406926406926407
0.365864859777903
Gen 210
0.406926406926407
0.38443942530899
0.406926406926407
0.406926406926407
0.406926406926407
0.316978480456741
Gen 211
0.406926406926407
0.400054834054834
0.406926406926407
0.406926406926407
0.406926406926407
0.379440115440115
Gen 212
0.406926406926407
0.381307108350586
0.406926406926407
0.406926406926407
0.406926406926407
0.304449212623126
Gen 213
0.406926406926407
0.390846853629462
0.406926406926407
0.406926406926407
0.406926406926407
0.342608193738628
Gen 214
0.406926406926407
0.397184766923897
0.406926406926407
0.406926406926407
0.406926406926407
0.367959846916369
Gen 215
0.406926406926407
0.391086517347387
0.406926406926407
0.406926406926407
0.406926406926407
0.343566848610327
Gen 216
0.406926406926407
0.390050693268084
0.406926406926407
0.406926406926407
0.406926406926407
0.339423552293117
Gen 217
0.406926406926407
0.39420854507811
0.406926406926407
0.406926406926407
0.406926406926407
0.35605495953322
Gen 218
0.406926406926407
0.389546019198193
0.406926406926407
0.406926406926407
0.406926406926407
0.337404856013552
Gen 219
0.406926406926407
0.391003576134011
0.406926406926407
0.406926406926407
0.406926406926407
0.343235083756823
Gen 220
0.406926406926407
0.39159972394755
0.406926406926407
0.406926406926407
0.406926406926407
0.345619675010979
Gen 221
0.406926406926407
0.398093230441057
0.406926406926407
0.406926406926407
0.406926406926407
0.371593700985005
Gen 222
0.406926406926407
0.394126482213439
0.406926406926407
0.406926406926407
0.406926406926407
0.355726708074534
Gen 223
0.406926406926407
0.37907610264132
0.406926406926407
0.406926406926407
0.406926406926407
0.295525189786059
Gen 224
0.406926406926407
0.393722943722944
0.406926406926407
0.406926406926407
0.406926406926407
0.354112554112554
Gen 225
0.406926406926407
0.393073593073593
0.406926406926407
0.406926406926407
0.406926406926407
0.351515151515152
Gen 226
0.406926406926407
0.385182006399398
0.406926406926407
0.406926406926407
0.406926406926407
0.31994880481837
Gen 227
0.406926406926407
0.382945856076291
0.406926406926407
0.406926406926407
0.406926406926407
0.311004203525943
Gen 228
0.406926406926407
0.391564840956145
0.406926406926407
0.406926406926407
0.406926406926407
0.34548014304536
Gen 229
0.406926406926407
0.382994290733421
0.406926406926407
0.406926406926407
0.406926406926407
0.311197942154464
Gen 230
0.406926406926407
0.380340171905389
0.406926406926407
0.406926406926407
0.406926406926407
0.300581466842336
Gen 231
0.406926406926407
0.3860735303344
0.406926406926407
0.406926406926407
0.406926406926407
0.323514900558379
Gen 232
0.406926406926407
0.385462827028044
0.406926406926407
0.406926406926407
0.406926406926407
0.321072087332957
Gen 233
0.406926406926407
0.388855009724575
0.406926406926407
0.406926406926407
0.406926406926407
0.334640818119079
Gen 234
0.406926406926407
0.373876905702992
0.406926406926407
0.406926406926407
0.406926406926407
0.27472840203275
Gen 235
0.406926406926407
0.387881297446514
0.406926406926407
0.406926406926407
0.406926406926407
0.330745969006839
Gen 236
0.406926406926407
0.390890018194366
0.406926406926407
0.406926406926407
0.406926406926407
0.342780851998243
Gen 237
0.406926406926407
0.400941840767928
0.406926406926407
0.406926406926407
0.406926406926407
0.38298814229249
Gen 238
0.406926406926407
0.393594077420164
0.406926406926407
0.406926406926407
0.406926406926407
0.353597088901437
Gen 239
0.406926406926407
0.402184578706318
0.406926406926407
0.406926406926407
0.406926406926407
0.38795909404605
Gen 240
0.406926406926407
0.392919129179999
0.406926406926407
0.406926406926407
0.406926406926407
0.350897295940774
Gen 241
0.406926406926407
0.383807892590501
0.406926406926407
0.406926406926407
0.406926406926407
0.314452349582784
Gen 242
0.406926406926407
0.396491875274484
0.406926406926407
0.406926406926407
0.406926406926407
0.365188280318715
Gen 243
0.406926406926407
0.401433465085639
0.406926406926407
0.406926406926407
0.406926406926407
0.384954639563335
Gen 244
0.406926406926407
0.396463015245624
0.406926406926407
0.406926406926407
0.406926406926407
0.365072840203275
Gen 245
0.406926406926407
0.38868235146496
0.406926406926407
0.406926406926407
0.406926406926407
0.33395018508062
Gen 246
0.406926406926407
0.388007026789635
0.406926406926407
0.406926406926407
0.406926406926407
0.331248886379321
Gen 247
0.406926406926407
0.383884810841333
0.406926406926407
0.406926406926407
0.406926406926407
0.314760022586109
Gen 248
0.406926406926407
0.39189622937449
0.406926406926407
0.406926406926407
0.406926406926407
0.34680569671874
Gen 249
0.406926406926407
0.373281259802999
0.406926406926407
0.406926406926407
0.406926406926407
0.272345818432775
Gen 250
0.406926406926407
0.386413451283016
0.406926406926407
0.406926406926407
0.406926406926407
0.324874584352845
Gen 251
0.406926406926407
0.393087897609637
0.406926406926407
0.406926406926407
0.406926406926407
0.351572369659326
Gen 252
0.406926406926407
0.39751828847481
0.406926406926407
0.406926406926407
0.406926406926407
0.36929393312002
Gen 253
0.406926406926407
0.398970700796788
0.406926406926407
0.406926406926407
0.406926406926407
0.37510358240793
Gen 254
0.406926406926407
0.396849237718803
0.406926406926407
0.406926406926407
0.406926406926407
0.366617730095991
Gen 255
0.406926406926407
0.395719179371353
0.406926406926407
0.406926406926407
0.406926406926407
0.362097496706192
Gen 256
0.406926406926407
0.389564840956145
0.406926406926407
0.406926406926407
0.406926406926407
0.33748014304536
Gen 257
0.406926406926407
0.385843528452224
0.406926406926407
0.406926406926407
0.406926406926407
0.322594893029676
Gen 258
0.406926406926407
0.3864384214819
0.406926406926407
0.406926406926407
0.406926406926407
0.324974465148378
Gen 259
0.406926406926407
0.399584164627643
0.406926406926407
0.406926406926407
0.406926406926407
0.377557437731351
Gen 260
0.406926406926407
0.396024468285338
0.406926406926407
0.406926406926407
0.406926406926407
0.36331865236213
Gen 261
0.406926406926407
0.392649978041282
0.406926406926407
0.406926406926407
0.406926406926407
0.349820691385909
Gen 262
0.406926406926407
0.384974967061923
0.406926406926407
0.406926406926407
0.406926406926407
0.319120647468474
Gen 263
0.406926406926407
0.389892841458059
0.406926406926407
0.406926406926407
0.406926406926407
0.338792145053015
Gen 264
0.406926406926407
0.390490745969007
0.406926406926407
0.406926406926407
0.406926406926407
0.341183763096806
Gen 265
0.406926406926407
0.386042160737813
0.406926406926407
0.406926406926407
0.406926406926407
0.323389422172031
Gen 266
0.411255411255411
0.371898111550285
0.407099567099567
0.406926406926407
0.406926406926407
0.266640065248761
Gen 267
0.411255411255411
0.386717987326683
0.407272727272727
0.406926406926407
0.406926406926407
0.325746408181191
Gen 268
0.411255411255411
0.386945730597904
0.407619047619048
0.406926406926407
0.406926406926407
0.326311060919756
Gen 269
0.411255411255411
0.394761904761905
0.407965367965368
0.406926406926407
0.406926406926407
0.357229437229437
Gen 270
0.411255411255411
0.373752054708576
0.408138528138528
0.406926406926407
0.406926406926407
0.273016876842964
Gen 271
0.411255411255411
0.389720057720058
0.40969696969697
0.406926406926407
0.406926406926407
0.335330447330447
Gen 272
0.411255411255411
0.391540498149194
0.411255411255411
0.407272727272727
0.406926406926407
0.34070744714223
Gen 273
0.411255411255411
0.396106405671623
0.411255411255411
0.410389610389611
0.406926406926407
0.355854194115064
Gen 274
0.411255411255411
0.402352217830479
0.411255411255411
0.411255411255411
0.408831168831169
0.378066879979923
Gen 275
0.411255411255411
0.396266641570989
0.411255411255411
0.411255411255411
0.409004329004329
0.353551414768806
Gen 276
0.411255411255411
0.386142292490118
0.411255411255411
0.411255411255411
0.40952380952381
0.312534537925842
Gen 277
0.411255411255411
0.396612334525378
0.411255411255411
0.411255411255411
0.411255411255411
0.352683104335278
Gen 278
0.411594202898551
0.386465399334964
0.411282514586862
0.411255411255411
0.411255411255411
0.312068260242173
Gen 279
0.411594202898551
0.379621180751615
0.411309617918314
0.411255411255411
0.411255411255411
0.284664282577326
Gen 280
0.411594202898551
0.379567225045486
0.411363824581216
0.411255411255411
0.411255411255411
0.284394253089905
Gen 281
0.411594202898551
0.396422987640379
0.411485789572746
0.411255411255411
0.411255411255411
0.351695338477947
Gen 282
0.411594202898551
0.392588995545517
0.411594202898551
0.411323169584039
0.411255411255411
0.336183198444068
Gen 283
0.411594202898551
0.383583035322166
0.411594202898551
0.411567099567099
0.411255411255411
0.299915427567601
Gen 284
0.411594202898551
0.401071083505866
0.411594202898551
0.411594202898551
0.411431582909844
0.369664345316519
Gen 285
0.411594202898551
0.385918313570488
0.411594202898551
0.411594202898551
0.411499341238472
0.308985507246377
Gen 286
0.411594202898551
0.394917999874522
0.411594202898551
0.411594202898551
0.411594202898551
0.344889390802434
Gen 287
0.411594202898551
0.38586222473179
0.411594202898551
0.411594202898551
0.411594202898551
0.308666290231508
Gen 288
0.411594202898551
0.395126795909405
0.411594202898551
0.411594202898551
0.411594202898551
0.345724574941966
Gen 289
0.411594202898551
0.392377313507749
0.411594202898551
0.411594202898551
0.411594202898551
0.334726645335341
Gen 290
0.411594202898551
0.380076541815673
0.411594202898551
0.411594202898551
0.411594202898551
0.285523558567037
Gen 291
0.411594202898551
0.382748980488111
0.411594202898551
0.411594202898551
0.411594202898551
0.296213313256792
Gen 292
0.411594202898551
0.389310496267018
0.411594202898551
0.411594202898551
0.411594202898551
0.32245937637242
Gen 293
0.411594202898551
0.398981115502855
0.411594202898551
0.411594202898551
0.411594202898551
0.361141853315766
Gen 294
0.411594202898551
0.387004203525943
0.411594202898551
0.411594202898551
0.411594202898551
0.313234205408119
Gen 295
0.411594202898551
0.392340422862162
0.411594202898551
0.411594202898551
0.411594202898551
0.334579082752996
Gen 296
0.411594202898551
0.387540498149194
0.411594202898551
0.411594202898551
0.411594202898551
0.315379383901123
Gen 297
0.411594202898551
0.391397201831985
0.411594202898551
0.411594202898551
0.411594202898551
0.330806198632286
Gen 298
0.411594202898551
0.378851245372985
0.411594202898551
0.411594202898551
0.411594202898551
0.280622372796286
Gen 299
0.420289855072464
0.383544889892716
0.411942028985507
0.411594202898551
0.411594202898551
0.299049124788255
Gen 300
0.420289855072464
0.399899366334149
0.412289855072464
0.411594202898551
0.411594202898551
0.364119204467031
Gen 301
0.420289855072464
0.391703243616288
0.41263768115942
0.411594202898551
0.411594202898551
0.330986887508627
Gen 302
0.420289855072464
0.392872325741891
0.41368115942029
0.411594202898551
0.411594202898551
0.334619737750173
Gen 303
0.420289855072464
0.398586987891336
0.414724637681159
0.411594202898551
0.411594202898551
0.356434908087082
Gen 304
0.420289855072464
0.390215195432587
0.418202898550725
0.411594202898551
0.411594202898551
0.319469477382521
Gen 305
0.420289855072464
0.401625321538365
0.420289855072464
0.415768115942029
0.411594202898551
0.358849112240416
Gen 306
0.420289855072464
0.388118451596713
0.420289855072464
0.419594202898551
0.411594202898551
0.300995545517285
Gen 307
0.420289855072464
0.396540560888387
0.420289855072464
0.420289855072464
0.416811594202898
0.328770939205722
Gen 308
0.420289855072464
0.396666415709894
0.420289855072464
0.420289855072464
0.418550724637681
0.327535228056967
Gen 309
0.420289855072464
0.39117711274233
0.420289855072464
0.420289855072464
0.420289855072464
0.303838885751929
Gen 310
0.420289855072464
0.397868122215948
0.420289855072464
0.420289855072464
0.420289855072464
0.330602923646402
Gen 311
0.420289855072464
0.400309806135893
0.420289855072464
0.420289855072464
0.420289855072464
0.340369659326181
Gen 312
0.420289855072464
0.395022272413577
0.420289855072464
0.420289855072464
0.420289855072464
0.319219524436916
Gen 313
0.420289855072464
0.387485413137587
0.420289855072464
0.420289855072464
0.420289855072464
0.289072087332957
Gen 314
0.420289855072464
0.385360813099944
0.420289855072464
0.420289855072464
0.420289855072464
0.280573687182383
Gen 315
0.420289855072464
0.393084133258046
0.420289855072464
0.420289855072464
0.420289855072464
0.311466967814794
Gen 316
0.420289855072464
0.388886002886003
0.420289855072464
0.420289855072464
0.420289855072464
0.29467444632662
Gen 317
0.420289855072464
0.413328565154652
0.420289855072464
0.420289855072464
0.420289855072464
0.392444695401217
Gen 318
0.420289855072464
0.399061421670117
0.420289855072464
0.420289855072464
0.420289855072464
0.335376121463078
Gen 319
0.420289855072464
0.410746345441997
0.420289855072464
0.420289855072464
0.420289855072464
0.382115816550599
Gen 320
0.420289855072464
0.396612083568605
0.420289855072464
0.420289855072464
0.420289855072464
0.32557876905703
Gen 321
0.420289855072464
0.391965744400527
0.420289855072464
0.420289855072464
0.420289855072464
0.306993412384717
Gen 322
0.420289855072464
0.399219900872075
0.420289855072464
0.420289855072464
0.420289855072464
0.336010038270908
Gen 323
0.420289855072464
0.398276303406738
0.420289855072464
0.420289855072464
0.420289855072464
0.332235648409561
Gen 324
0.420289855072464
0.405876152832674
0.420289855072464
0.420289855072464
0.420289855072464
0.362635046113307
Gen 325
0.420289855072464
0.389302340171905
0.420289855072464
0.420289855072464
0.420289855072464
0.29633979547023
Gen 326
0.420289855072464
0.401173975782671
0.420289855072464
0.420289855072464
0.420289855072464
0.343826337913295
Gen 327
0.420289855072464
0.402024468285338
0.420289855072464
0.420289855072464
0.420289855072464
0.34722830792396
Gen 328
0.420289855072464
0.399613150134889
0.420289855072464
0.420289855072464
0.420289855072464
0.337583035322166
Gen 329
0.420289855072464
0.395360562143171
0.420289855072464
0.420289855072464
0.420289855072464
0.320572683355292
Gen 330
0.420289855072464
0.401506744463266
0.420289855072464
0.420289855072464
0.420289855072464
0.345157412635674
Gen 331
0.420289855072464
0.399968128489867
0.420289855072464
0.420289855072464
0.420289855072464
0.339002948742079
Gen 332
0.420289855072464
0.396938703808269
0.420289855072464
0.420289855072464
0.420289855072464
0.326885250015685
Gen 333
0.420289855072464
0.400681975029801
0.420289855072464
0.420289855072464
0.420289855072464
0.341858334901813
Gen 334
0.420289855072464
0.396419474245561
0.420289855072464
0.420289855072464
0.420289855072464
0.324808331764853
Gen 335
0.420289855072464
0.398516092603049
0.420289855072464
0.420289855072464
0.420289855072464
0.333194805194805
Gen 336
0.420289855072464
0.404527260179434
0.420289855072464
0.420289855072464
0.420289855072464
0.357239475500345
Gen 337
0.420289855072464
0.417853943158291
0.420289855072464
0.420289855072464
0.420289855072464
0.410546207415773
Gen 338
0.420289855072464
0.390374929418408
0.420289855072464
0.420289855072464
0.420289855072464
0.300630152456239
Gen 339
0.420289855072464
0.405771127423301
0.420289855072464
0.420289855072464
0.420289855072464
0.362214944475814
Gen 340
0.420289855072464
0.398289478637305
0.420289855072464
0.420289855072464
0.420289855072464
0.332288349331828
Gen 341
0.420289855072464
0.396897923332706
0.420289855072464
0.420289855072464
0.420289855072464
0.326722128113432
Gen 342
0.420289855072464
0.410105025409373
0.420289855072464
0.420289855072464
0.420289855072464
0.379550536420102
Gen 343
0.420289855072464
0.409022899805508
0.420289855072464
0.420289855072464
0.420289855072464
0.375222034004643
Gen 344
0.420289855072464
0.410010665662839
0.420289855072464
0.420289855072464
0.420289855072464
0.379173097433967
Gen 345
0.420289855072464
0.402371165066817
0.420289855072464
0.420289855072464
0.420289855072464
0.348615095049878
Gen 346
0.420289855072464
0.391996988518728
0.420289855072464
0.420289855072464
0.420289855072464
0.307118388857519
Gen 347
0.420289855072464
0.388186335403727
0.420289855072464
0.420289855072464
0.420289855072464
0.291875776397516
Gen 348
0.420289855072464
0.399895225547399
0.420289855072464
0.420289855072464
0.420289855072464
0.338711336972207
Gen 349
0.420289855072464
0.410817868122216
0.420289855072464
0.420289855072464
0.420289855072464
0.382401907271473
Gen 350
0.420289855072464
0.40494623251145
0.420289855072464
0.420289855072464
0.420289855072464
0.358915364828408
Gen 351
0.420289855072464
0.40055386159734
0.420289855072464
0.420289855072464
0.420289855072464
0.341345881171968
Gen 352
0.420289855072464
0.404915113871635
0.420289855072464
0.420289855072464
0.420289855072464
0.358790890269151
Gen 353
0.420289855072464
0.412288851245373
0.420289855072464
0.420289855072464
0.420289855072464
0.388285839764101
Gen 354
0.420289855072464
0.406850743459439
0.420289855072464
0.420289855072464
0.420289855072464
0.366533408620365
Gen 355
0.420289855072464
0.407732605558692
0.420289855072464
0.420289855072464
0.420289855072464
0.370060857017379
Gen 356
0.420289855072464
0.404703180877094
0.420289855072464
0.420289855072464
0.420289855072464
0.357943158290984
Gen 357
0.420289855072464
0.400906832298136
0.420289855072464
0.420289855072464
0.420289855072464
0.342757763975155
Gen 358
0.420289855072464
0.407239851935504
0.420289855072464
0.420289855072464
0.420289855072464
0.368089842524625
Gen 359
0.420289855072464
0.406257607127172
0.420289855072464
0.420289855072464
0.420289855072464
0.364160863291298
Gen 360
0.420289855072464
0.399034820252211
0.420289855072464
0.420289855072464
0.420289855072464
0.335269715791455
Gen 361
0.420289855072464
0.384615973398582
0.420289855072464
0.420289855072464
0.420289855072464
0.277594328376937
Gen 362
0.420289855072464
0.38288989271598
0.420289855072464
0.420289855072464
0.420289855072464
0.270690005646527
Gen 363
0.420289855072464
0.391377501725328
0.420289855072464
0.420289855072464
0.420289855072464
0.30464044168392
Gen 364
0.420289855072464
0.393585168454734
0.420289855072464
0.420289855072464
0.420289855072464
0.313471108601543
Gen 365
0.420289855072464
0.386624756885626
0.420289855072464
0.420289855072464
0.420289855072464
0.285629462325115
Gen 366
0.420289855072464
0.411365581278625
0.420289855072464
0.420289855072464
0.420289855072464
0.384592759897108
Gen 367
0.420289855072464
0.397555681033942
0.420289855072464
0.420289855072464
0.420289855072464
0.329353158918376
Gen 368
0.420289855072464
0.409441746659138
0.420289855072464
0.420289855072464
0.420289855072464
0.37689742141916
Gen 369
0.420289855072464
0.397328565154652
0.420289855072464
0.420289855072464
0.420289855072464
0.328444695401217
Gen 370
0.420289855072464
0.39026626513583
0.420289855072464
0.420289855072464
0.420289855072464
0.30019549532593
Gen 371
0.420289855072464
0.407111236589497
0.420289855072464
0.420289855072464
0.420289855072464
0.367575381140599
Gen 372
0.420289855072464
0.403478135391179
0.420289855072464
0.420289855072464
0.420289855072464
0.353042976347324
Gen 373
0.420289855072464
0.404082062864671
0.420289855072464
0.420289855072464
0.420289855072464
0.355458686241295
Gen 374
0.420289855072464
0.396654118828032
0.420289855072464
0.420289855072464
0.420289855072464
0.325746910094736
Gen 375
0.420289855072464
0.396576573185269
0.420289855072464
0.420289855072464
0.420289855072464
0.325436727523684
Gen 376
0.420289855072464
0.37430993161428
0.420289855072464
0.420289855072464
0.420289855072464
0.236370161239726
Gen 377
0.420289855072464
0.404186837317272
0.420289855072464
0.420289855072464
0.420289855072464
0.355877784051697
Gen 378
0.420289855072464
0.408941087897609
0.420289855072464
0.420289855072464
0.420289855072464
0.374894786373047
Gen 379
0.420289855072464
0.396351715916933
0.420289855072464
0.420289855072464
0.420289855072464
0.324537298450342
Gen 380
0.420289855072464
0.398056967187402
0.420289855072464
0.420289855072464
0.420289855072464
0.331358303532217
Gen 381
0.420289855072464
0.395565091912918
0.420289855072464
0.420289855072464
0.420289855072464
0.321390802434281
Gen 382
0.420289855072464
0.391060668799799
0.420289855072464
0.420289855072464
0.420289855072464
0.303373109981806
Gen 383
0.420289855072464
0.387822071648159
0.420289855072464
0.420289855072464
0.420289855072464
0.290418721375243
Gen 384
0.420289855072464
0.390600790513834
0.420289855072464
0.420289855072464
0.420289855072464
0.301533596837945
Gen 385
0.420289855072464
0.414301273605621
0.420289855072464
0.420289855072464
0.420289855072464
0.396335529205094
Gen 386
0.420289855072464
0.404136771441119
0.420289855072464
0.420289855072464
0.420289855072464
0.355677520547086
Gen 387
0.420289855072464
0.393212999560826
0.420289855072464
0.420289855072464
0.420289855072464
0.311982433025911
Gen 388
0.420289855072464
0.408794278185582
0.420289855072464
0.420289855072464
0.420289855072464
0.374307547524939
Gen 389
0.420289855072464
0.409683167074471
0.420289855072464
0.420289855072464
0.420289855072464
0.377863103080494
Gen 390
0.420289855072464
0.38529531338227
0.420289855072464
0.420289855072464
0.420289855072464
0.280311688311688
Gen 391
0.420289855072464
0.40340937323546
0.420289855072464
0.420289855072464
0.420289855072464
0.352767927724449
Gen 392
0.420289855072464
0.396935190413451
0.420289855072464
0.420289855072464
0.420289855072464
0.326871196436414
Gen 393
0.420289855072464
0.398791141225924
0.420289855072464
0.420289855072464
0.420289855072464
0.334294999686304
Gen 394
0.420289855072464
0.388273166447079
0.420289855072464
0.420289855072464
0.420289855072464
0.292223100570927
Gen 395
0.420289855072464
0.412669803626325
0.420289855072464
0.420289855072464
0.420289855072464
0.38980964928791
Gen 396
0.420289855072464
0.414336658510571
0.420289855072464
0.420289855072464
0.420289855072464
0.396477068824895
Gen 397
0.420289855072464
0.408225233703494
0.420289855072464
0.420289855072464
0.420289855072464
0.372031369596587
Gen 398
0.420289855072464
0.397139343748039
0.420289855072464
0.420289855072464
0.420289855072464
0.327687809774766
Gen 399
0.420289855072464
0.402734174038522
0.420289855072464
0.420289855072464
0.420289855072464
0.350067130936696
Gen 400
0.420289855072464
0.405439864483343
0.420289855072464
0.420289855072464
0.420289855072464
0.36088989271598
Gen 401
0.420289855072464
0.403860217077608
0.420289855072464
0.420289855072464
0.420289855072464
0.354571303093042
Gen 402
0.420289855072464
0.414173913043478
0.420289855072464
0.420289855072464
0.420289855072464
0.395826086956522
Gen 403
0.420289855072464
0.404311311876529
0.420289855072464
0.420289855072464
0.420289855072464
0.356375682288726
Gen 404
0.420289855072464
0.403384528514963
0.420289855072464
0.420289855072464
0.420289855072464
0.352668548842462
Gen 405
0.420289855072464
0.386071522680218
0.420289855072464
0.420289855072464
0.420289855072464
0.283416525503482
Gen 406
0.420289855072464
0.37667068197503
0.420289855072464
0.420289855072464
0.420289855072464
0.245813162682728
Gen 407
0.420289855072464
0.40049852562896
0.420289855072464
0.420289855072464
0.420289855072464
0.34112453729845
Gen 408
0.420289855072464
0.397412510195119
0.420289855072464
0.420289855072464
0.420289855072464
0.328780475563084
Gen 409
0.420289855072464
0.390406675450154
0.420289855072464
0.420289855072464
0.420289855072464
0.300757136583224
Gen 410
0.420289855072464
0.401878913357174
0.420289855072464
0.420289855072464
0.420289855072464
0.346646088211306
Gen 411
0.420289855072464
0.396242675199197
0.420289855072464
0.420289855072464
0.420289855072464
0.324101135579396
Gen 412
0.420289855072464
0.397998243302591
0.420289855072464
0.420289855072464
0.420289855072464
0.331123407992973
Gen 413
0.420289855072464
0.389264571177615
0.420289855072464
0.420289855072464
0.420289855072464
0.296188719493067
Gen 414
0.420289855072464
0.406901687684296
0.420289855072464
0.420289855072464
0.420289855072464
0.366737185519794
Gen 415
0.420289855072464
0.396815860468034
0.420289855072464
0.420289855072464
0.420289855072464
0.326393876654746
Gen 416
0.420289855072464
0.417599096555618
0.420289855072464
0.420289855072464
0.420289855072464
0.409526821005082
Gen 417
0.420289855072464
0.402467532467532
0.420289855072464
0.420289855072464
0.420289855072464
0.349000564652739
Gen 418
0.420289855072464
0.396771441119267
0.420289855072464
0.420289855072464
0.420289855072464
0.326216199259678
Gen 419
0.420289855072464
0.3875275738754
0.420289855072464
0.420289855072464
0.420289855072464
0.289240730284209
Gen 420
0.420289855072464
0.392181943660204
0.420289855072464
0.420289855072464
0.420289855072464
0.307858209423427
Gen 421
0.420289855072464
0.397257293431206
0.420289855072464
0.420289855072464
0.420289855072464
0.328159608507435
Gen 422
0.420289855072464
0.393874396135266
0.420289855072464
0.420289855072464
0.420289855072464
0.314628019323672
Gen 423
0.420289855072464
0.38764439425309
0.420289855072464
0.420289855072464
0.420289855072464
0.289708011794968
Gen 424
0.420289855072464
0.389069201330071
0.420289855072464
0.420289855072464
0.420289855072464
0.295407240102892
Gen 425
0.420289855072464
0.395764226112052
0.420289855072464
0.420289855072464
0.420289855072464
0.322187339230817
Gen 426
0.420289855072464
0.38742794403664
0.420289855072464
0.420289855072464
0.420289855072464
0.288842210929167
Gen 427
0.420289855072464
0.393528577702491
0.420289855072464
0.420289855072464
0.420289855072464
0.313244745592572
Gen 428
0.420289855072464
0.402218959784177
0.420289855072464
0.420289855072464
0.420289855072464
0.348006273919317
Gen 429
0.420289855072464
0.390464771943033
0.420289855072464
0.420289855072464
0.420289855072464
0.30098952255474
Gen 430
0.420289855072464
0.404389233954451
0.420289855072464
0.420289855072464
0.420289855072464
0.356687370600414
Gen 431
0.420289855072464
0.406044795783926
0.420289855072464
0.420289855072464
0.420289855072464
0.363309617918314
Gen 432
0.420289855072464
0.401011983185896
0.420289855072464
0.420289855072464
0.420289855072464
0.343178367526194
Gen 433
0.420289855072464
0.378231758579585
0.420289855072464
0.420289855072464
0.420289855072464
0.252057469100947
Gen 434
0.420289855072464
0.404117573248008
0.420289855072464
0.420289855072464
0.420289855072464
0.355600727774641
Gen 435
0.428985507246377
0.39864972708451
0.42063768115942
0.420289855072464
0.420289855072464
0.333381517033691
Gen 436
0.428985507246377
0.39393575506619
0.420985507246377
0.420289855072464
0.420289855072464
0.314177802873455
Gen 437
0.463203463203463
0.401530208921513
0.422702051571617
0.420289855072464
0.420289855072464
0.342839073969509
Gen 438
0.463203463203463
0.403662965054269
0.42511424807077
0.420289855072464
0.420289855072464
0.34895790200138
Gen 439
0.463203463203463
0.40293832737311
0.429242988895163
0.420289855072464
0.420289855072464
0.34193061045235
Gen 440
0.463203463203463
0.409685049250266
0.435783926218708
0.420289855072464
0.420289855072464
0.36237656063743
Gen 441
0.463203463203463
0.408544450718364
0.448147562582345
0.422724637681159
0.420289855072464
0.343015747537487
Gen 442
0.463203463203463
0.407286655373612
0.463203463203463
0.435829098437794
0.424463768115942
0.305650291737248
Gen 443
0.463203463203463
0.403367337976034
0.463203463203463
0.452253717297196
0.426202898550724
0.271809272852751
Gen 444
0.463203463203463
0.442697157914549
0.463203463203463
0.463203463203463
0.446778844344062
0.397602860907209
Gen 445
0.463203463203463
0.433192044670305
0.463203463203463
0.463203463203463
0.454991153773763
0.351370098500533
Gen 446
0.463203463203463
0.421587803500847
0.463203463203463
0.463203463203463
0.460466026726896
0.299478260869565
Gen 447
0.463203463203463
0.416682978856892
0.463203463203463
0.463203463203463
0.463203463203463
0.277121525817178
Gen 448
0.463203463203463
0.433278624756886
0.463203463203463
0.463203463203463
0.463203463203463
0.343504109417153
Gen 449
0.463203463203463
0.433989585293933
0.463203463203463
0.463203463203463
0.463203463203463
0.346347951565343
Gen 450
0.463203463203463
0.447942028985507
0.463203463203463
0.463203463203463
0.463203463203463
0.402157726331639
Gen 451
0.463203463203463
0.452711713407366
0.463203463203463
0.463203463203463
0.463203463203463
0.421236464019073
Gen 452
0.463203463203463
0.446145053014618
0.463203463203463
0.463203463203463
0.463203463203463
0.394969822448083
Gen 453
0.463203463203463
0.431209988079553
0.463203463203463
0.463203463203463
0.463203463203463
0.335229562707824
Gen 454
0.463203463203463
0.445241232197754
0.463203463203463
0.463203463203463
0.463203463203463
0.391354539180626
Gen 455
0.463203463203463
0.454502164502165
0.463203463203463
0.463203463203463
0.463203463203463
0.428398268398269
Gen 456
0.463203463203463
0.442337034945731
0.463203463203463
0.463203463203463
0.463203463203463
0.379737750172533
Gen 457
0.463203463203463
0.441854194115064
0.463203463203463
0.463203463203463
0.463203463203463
0.377806386849865
Gen 458
0.463203463203463
0.438103645147123
0.463203463203463
0.463203463203463
0.463203463203463
0.362804190978104
Gen 459
0.463203463203463
0.441436978480457
0.463203463203463
0.463203463203463
0.463203463203463
0.376137524311437
Gen 460
0.463203463203463
0.450197502980112
0.463203463203463
0.463203463203463
0.463203463203463
0.411179622310057
Gen 461
0.463203463203463
0.434741075349771
0.463203463203463
0.463203463203463
0.463203463203463
0.349353911788694
Gen 462
0.463203463203463
0.441791580400276
0.463203463203463
0.463203463203463
0.463203463203463
0.377555931990715
Gen 463
0.463203463203463
0.442795282012673
0.463203463203463
0.463203463203463
0.463203463203463
0.381570738440304
Gen 464
0.463203463203463
0.431926846100759
0.463203463203463
0.463203463203463
0.463203463203463
0.338096994792647
Gen 465
0.463203463203463
0.435932618106531
0.463203463203463
0.463203463203463
0.463203463203463
0.354120082815735
Gen 466
0.463203463203463
0.444393876654746
0.463203463203463
0.463203463203463
0.463203463203463
0.387965117008595
Gen 467
0.528138528138528
0.438436162870946
0.465800865800866
0.463203463203463
0.463203463203463
0.36153685927599
Gen 468
0.528138528138528
0.421368090846352
0.465800865800866
0.463203463203463
0.463203463203463
0.293264571177615
Gen 469
0.528138528138528
0.439743773135078
0.465800865800866
0.463203463203463
0.463203463203463
0.366767300332518
Gen 470
0.528138528138528
0.435792709705753
0.465800865800866
0.463203463203463
0.463203463203463
0.350963046615221
Gen 471
0.528138528138528
0.437383775644645
0.473593073593074
0.463203463203463
0.463203463203463
0.349535102578581
Gen 472
0.528138528138528
0.437165694209173
0.481385281385281
0.463203463203463
0.463203463203463
0.340870569044482
Gen 473
0.528138528138528
0.449545266327875
0.492106656628396
0.463203463203463
0.463203463203463
0.379667482276178
Gen 474
0.528138528138528
0.456749733358429
0.514429763473242
0.463203463203463
0.463203463203463
0.386162243553548
Gen 475
0.528138528138528
0.455949181253529
0.528138528138528
0.506442813225422
0.463203463203463
0.326011920446703
Gen 476
0.528138528138528
0.497090407177363
0.528138528138528
0.528138528138528
0.497106719367589
0.43497785306481
Gen 477
0.528138528138528
0.489138590877721
0.528138528138528
0.528138528138528
0.528138528138528
0.372138779095301
Gen 478
0.528138528138528
0.490158604680343
0.528138528138528
0.528138528138528
0.528138528138528
0.376218834305791
Gen 479
0.528138528138528
0.492404165882426
0.528138528138528
0.528138528138528
0.528138528138528
0.385201079114123
Gen 480
0.528138528138528
0.500148315452663
0.528138528138528
0.528138528138528
0.528138528138528
0.416177677395069
Gen 481
0.528138528138528
0.504692264257481
0.528138528138528
0.528138528138528
0.528138528138528
0.434353472614342
Gen 482
0.528138528138528
0.485943158290984
0.528138528138528
0.528138528138528
0.528138528138528
0.359357048748353
Gen 483
0.528138528138528
0.487300708952882
0.528138528138528
0.528138528138528
0.528138528138528
0.364787251395947
Gen 484
0.528138528138528
0.492971704623878
0.528138528138528
0.528138528138528
0.528138528138528
0.38747123407993
Gen 485
0.528138528138528
0.49759696342305
0.528138528138528
0.528138528138528
0.528138528138528
0.405972269276617
Gen 486
0.528138528138528
0.508885124537298
0.528138528138528
0.528138528138528
0.528138528138528
0.451124913733609
Gen 487
0.528138528138528
0.468959031306857
0.528138528138528
0.528138528138528
0.528138528138528
0.291420540811845
Gen 488
0.528138528138528
0.504706317836752
0.528138528138528
0.528138528138528
0.528138528138528
0.434409686931426
Gen 489
0.528138528138528
0.503546646590124
0.528138528138528
0.528138528138528
0.528138528138528
0.429771001944915
Gen 490
0.528138528138528
0.502883869753434
0.528138528138528
0.528138528138528
0.528138528138528
0.427119894598155
Gen 491
0.528138528138528
0.489146997929606
0.528138528138528
0.528138528138528
0.528138528138528
0.372172407302842
Gen 492
0.528138528138528
0.501966246314072
0.528138528138528
0.528138528138528
0.528138528138528
0.423449400840705
Gen 493
0.528138528138528
0.486461133069828
0.528138528138528
0.528138528138528
0.528138528138528
0.36142894786373
Gen 494
0.528138528138528
0.489197440240918
0.528138528138528
0.528138528138528
0.528138528138528
0.37237417654809
Gen 495
0.528138528138528
0.501963109354413
0.528138528138528
0.528138528138528
0.528138528138528
0.42343685300207
Gen 496
0.528138528138528
0.494985130811217
0.528138528138528
0.528138528138528
0.528138528138528
0.395524938829287
Gen 497
0.528138528138528
0.502116067507371
0.528138528138528
0.528138528138528
0.528138528138528
0.424048685613903
Gen 498
0.541125541125541
0.49668097120271
0.528658008658009
0.528138528138528
0.528138528138528
0.401788819875776
Gen 499
0.541125541125541
0.505878411443628
0.529177489177489
0.528138528138528
0.528138528138528
0.43805910031997
Gen 500
0.541125541125541
0.498573561703996
0.53021645021645
0.528138528138528
0.528138528138528
0.407800740322479
