Gen 1
0.0144927536231884
0.000144927635231884
0.000579710240927536
1E-10
1E-10
1E-10
Gen 2
0.0144927536231884
0.000144927635231884
0.000579710240927536
1E-10
1E-10
1E-10
Gen 3
0.0144927536231884
0.000144927635231884
0.000579710240927536
1E-10
1E-10
1E-10
Gen 4
0.0303030303030303
0.00105401854132279
0.00421607386529117
1E-10
1E-10
1E-10
Gen 5
0.0303030303030303
0.00114059862590287
0.00456239420361151
1E-10
1E-10
1E-10
Gen 6
0.0303030303030303
0.00114059862590287
0.00456239420361151
1E-10
1E-10
1E-10
Gen 7
0.0303030303030303
0.00114059862590287
0.00456239420361151
1E-10
1E-10
1E-10
Gen 8
0.038961038961039
0.00191981940312367
0.00767927731249464
1E-10
1E-10
1E-10
Gen 9
0.0476190476190476
0.00239600987831414
0.00958403921325655
1E-10
1E-10
1E-10
Gen 10
0.0476190476190476
0.00239600987831414
0.00958403921325655
1E-10
1E-10
1E-10
Gen 11
0.0476190476190476
0.00252588000718427
0.0101035197287371
1E-10
1E-10
1E-10
Gen 12
0.0476190476190476
0.00252588000718427
0.0101035197287371
1E-10
1E-10
1E-10
Gen 13
0.0476190476190476
0.00252588000718427
0.0101035197287371
1E-10
1E-10
1E-10
Gen 14
0.0476190476190476
0.00257418918492823
0.0102967564397129
1E-10
1E-10
1E-10
Gen 15
0.0476190476190476
0.00257418918492823
0.0102967564397129
1E-10
1E-10
1E-10
Gen 16
0.0476190476190476
0.00447895108569014
0.0179158040427605
1E-10
1E-10
1E-10
Gen 17
0.307246376811594
0.0113796349388957
0.0455185394555829
1E-10
1E-10
1E-10
Gen 18
0.307246376811594
0.0113943159110984
0.0455772633443938
1E-10
1E-10
1E-10
Gen 19
0.307246376811594
0.0113510258688084
0.0454041031752336
1E-10
1E-10
1E-10
Gen 20
0.307246376811594
0.0130393375531201
0.0521573499124803
1E-10
1E-10
1E-10
Gen 21
0.307246376811594
0.0127742017227669
0.0510968065910674
1E-10
1E-10
1E-10
Gen 22
0.307246376811594
0.0126969070387765
0.0507876278551061
1E-10
1E-10
1E-10
Gen 23
0.307246376811594
0.0126582596967814
0.0506330384871254
1E-10
1E-10
1E-10
Gen 24
0.307246376811594
0.0130478700843917
0.052191480037567
1E-10
1E-10
1E-10
Gen 25
0.307246376811594
0.0130045800421017
0.0520183198684068
1E-10
1E-10
1E-10
Gen 26
0.307246376811594
0.0127015497400714
0.0508061986602856
1E-10
1E-10
1E-10
Gen 27
0.307246376811594
0.0127015497400714
0.0508061986602856
1E-10
1E-10
1E-10
Gen 28
0.307246376811594
0.0127015497400714
0.0508061986602856
1E-10
1E-10
1E-10
Gen 29
0.307246376811594
0.0113595584020801
0.0454382333083202
1E-10
1E-10
1E-10
Gen 30
0.307246376811594
0.0121387791783008
0.0485551164132033
1E-10
1E-10
1E-10
Gen 31
0.307246376811594
0.0121387791783008
0.0485551164132033
1E-10
1E-10
1E-10
Gen 32
0.307246376811594
0.0126149696534913
0.0504598783139653
1E-10
1E-10
1E-10
Gen 33
0.307246376811594
0.0152123722488939
0.0608494886955756
1E-10
1E-10
1E-10
Gen 34
0.307246376811594
0.0152123722488939
0.0608494886955756
1E-10
1E-10
1E-10
Gen 35
0.307246376811594
0.0156019826375043
0.0624079302500172
1E-10
1E-10
1E-10
Gen 36
0.307246376811594
0.0160781731126948
0.0643126921507791
1E-10
1E-10
1E-10
Gen 37
0.307246376811594
0.0177351152014195
0.0709404605056779
1E-10
1E-10
1E-10
Gen 38
0.307246376811594
0.0174753749426792
0.0699014994707169
1E-10
1E-10
1E-10
Gen 39
0.307246376811594
0.0159351277542581
0.0637405107170325
1E-10
1E-10
1E-10
Gen 40
0.307246376811594
0.0159351277542581
0.0637405107170325
1E-10
1E-10
1E-10
Gen 41
0.307246376811594
0.0166675450863711
0.065591065938892
0.00107911420659238
1E-10
1E-10
Gen 42
0.307246376811594
0.0163108100389839
0.0652432398559355
1E-10
1E-10
1E-10
Gen 43
0.307246376811594
0.0165844784006088
0.0663379133024351
1E-10
1E-10
1E-10
Gen 44
0.307246376811594
0.017393061119235
0.0694176548089592
0.000154589467980676
1E-10
1E-10
Gen 45
0.307246376811594
0.0152896669348843
0.061158667439537
1E-10
1E-10
1E-10
Gen 46
0.307246376811594
0.0152316959233915
0.060926783393566
1E-10
1E-10
1E-10
Gen 47
0.307246376811594
0.015298952338474
0.061195809053896
1E-10
1E-10
1E-10
Gen 48
0.307246376811594
0.0156177929171842
0.0624711713687366
1E-10
1E-10
1E-10
Gen 49
0.307246376811594
0.0158589623737449
0.0634358491949796
1E-10
1E-10
1E-10
Gen 50
0.333333333333333
0.0200580965708791
0.0802323859835164
1E-10
1E-10
1E-10
Gen 51
0.333333333333333
0.0205218646848211
0.0820874584392846
1E-10
1E-10
1E-10
Gen 52
0.333333333333333
0.0211623063687411
0.0846492251749643
1E-10
1E-10
1E-10
Gen 53
0.333333333333333
0.0181128051533268
0.0724512203133072
1E-10
1E-10
1E-10
Gen 54
0.333333333333333
0.0186322856718073
0.0745291423872293
1E-10
1E-10
1E-10
Gen 55
0.333333333333333
0.0186322856718073
0.0745291423872293
1E-10
1E-10
1E-10
Gen 56
0.333333333333333
0.0187965368775368
0.0751861472101472
1E-10
1E-10
1E-10
Gen 57
0.333333333333333
0.0213742393632828
0.0854969571531311
1E-10
1E-10
1E-10
Gen 58
0.333333333333333
0.0200608570973788
0.080243428089515
1E-10
1E-10
1E-10
Gen 59
0.333333333333333
0.0200608570973788
0.080243428089515
1E-10
1E-10
1E-10
Gen 60
0.333333333333333
0.0200608570973788
0.080243428089515
1E-10
1E-10
1E-10
Gen 61
0.333333333333333
0.0200608570973788
0.080243428089515
1E-10
1E-10
1E-10
Gen 62
0.333333333333333
0.0181560951966169
0.0726243804864674
1E-10
1E-10
1E-10
Gen 63
0.333333333333333
0.0181560951966169
0.0726243804864674
1E-10
1E-10
1E-10
Gen 64
0.333333333333333
0.0181993852389069
0.0727975406556276
1E-10
1E-10
1E-10
Gen 65
0.333333333333333
0.0183010227298487
0.073204090619395
1E-10
1E-10
1E-10
Gen 66
0.333333333333333
0.0182044043743608
0.0728176171974433
1E-10
1E-10
1E-10
Gen 67
0.333333333333333
0.0189028170717735
0.0756112679870941
1E-10
1E-10
1E-10
Gen 68
0.333333333333333
0.0189124789065223
0.0756499153260892
1E-10
1E-10
1E-10
Gen 69
0.333333333333333
0.0181560951966169
0.0726243804864674
1E-10
1E-10
1E-10
Gen 70
0.333333333333333
0.0185889956275173
0.0743559822100691
1E-10
1E-10
1E-10
Gen 71
0.333333333333333
0.0191084761439978
0.0764339042759912
1E-10
1E-10
1E-10
Gen 72
0.333333333333333
0.0191084761439978
0.0764339042759912
1E-10
1E-10
1E-10
Gen 73
0.333333333333333
0.0192383462738679
0.0769533847954717
1E-10
1E-10
1E-10
Gen 74
0.333333333333333
0.0199742770077987
0.0798971077311947
1E-10
1E-10
1E-10
Gen 75
0.333333333333333
0.0198011168356385
0.079204467042554
1E-10
1E-10
1E-10
Gen 76
0.333333333333333
0.020320597354119
0.0812823891164761
1E-10
1E-10
1E-10
Gen 77
0.333333333333333
0.0207534977850195
0.0830139908400778
1E-10
1E-10
1E-10
Gen 78
0.333333333333333
0.0206622749951445
0.0823213501474371
0.000327749633140849
1E-10
1E-10
Gen 79
0.333333333333333
0.0198444068799285
0.0793776272197142
1E-10
1E-10
1E-10
Gen 80
0.333333333333333
0.0196712467077684
0.0786849865310735
1E-10
1E-10
1E-10
Gen 81
0.333333333333333
0.0196712467077684
0.0786849865310735
1E-10
1E-10
1E-10
Gen 82
0.333333333333333
0.0198301023428849
0.0793204090715395
1E-10
1E-10
1E-10
Gen 83
0.333333333333333
0.0224996550044375
0.0866423238597152
0.003356295958035
1E-10
1E-10
Gen 84
0.333333333333333
0.0221533346601172
0.0866423238597152
0.00197101458075362
1E-10
1E-10
Gen 85
0.333333333333333
0.0254955769508812
0.087619549532593
0.0143627580709319
1E-10
1E-10
Gen 86
0.333333333333333
0.0208833679178896
0.0835334713715583
1E-10
1E-10
1E-10
Gen 87
0.333333333333333
0.0234471422987509
0.0894209172470042
0.00436765174799949
1E-10
1E-10
Gen 88
0.333333333333333
0.0230911601196818
0.0894209172470042
0.00294372303172294
1E-10
1E-10
Gen 89
0.333333333333333
0.0235549282296238
0.0894209172470042
0.00479879547149105
1E-10
1E-10
Gen 90
0.333333333333333
0.0230725893175023
0.0894209172470042
0.00286943982300495
1E-10
1E-10
Gen 91
0.333333333333333
0.0201041471406688
0.0804165882626752
1E-10
1E-10
1E-10
Gen 92
0.333333333333333
0.0220521990817208
0.0868235146496016
0.00138528147728139
1E-10
1E-10
Gen 93
0.333333333333333
0.0227361817627034
0.0866162243553548
0.00432850249545893
1E-10
1E-10
Gen 94
0.333333333333333
0.0214028484353701
0.0856113934414804
1E-10
1E-10
1E-10
Gen 95
0.333333333333333
0.0214028484353701
0.0856113934414804
1E-10
1E-10
1E-10
Gen 96
0.333333333333333
0.0220521990817208
0.0871698349959219
0.00103896113096104
1E-10
1E-10
Gen 97
0.333333333333333
0.0219223289528506
0.0871698349959219
0.000519480615480519
1E-10
1E-10
Gen 98
0.333333333333333
0.0252323233053232
0.0985050505050504
0.00242424251624243
1E-10
1E-10
Gen 99
0.333333333333333
0.0251024531764531
0.0985050505050504
0.00190476200076191
1E-10
1E-10
Gen 100
0.333333333333333
0.0252183952034386
0.0985050505050504
0.00236853010870393
1E-10
1E-10
Gen 101
0.333333333333333
0.0241500722260721
0.0966002886042885
1E-10
1E-10
1E-10
Gen 102
0.333333333333333
0.0231976912756912
0.0927907648027647
1E-10
1E-10
1E-10
Gen 103
0.333333333333333
0.0231976912756912
0.0927907648027647
1E-10
1E-10
1E-10
Gen 104
0.333333333333333
0.0223751804541804
0.0895007215167215
1E-10
1E-10
1E-10
Gen 105
0.333333333333333
0.0236590752972926
0.093863354037267
0.000772946951903383
1E-10
1E-10
Gen 106
0.333333333333333
0.0222453103253102
0.088981241001241
1E-10
1E-10
1E-10
Gen 107
0.333333333333333
0.0212433654093219
0.0849734613372874
1E-10
1E-10
1E-10
Gen 108
0.333333333333333
0.0223488299930473
0.0893953196721892
1E-10
1E-10
1E-10
Gen 109
0.333333333333333
0.0221555932790715
0.0886223728162858
1E-10
1E-10
1E-10
Gen 110
0.333333333333333
0.0221555932790715
0.0886223728162858
1E-10
1E-10
1E-10
Gen 111
0.333333333333333
0.0226317837542619
0.0905271347170477
1E-10
1E-10
1E-10
Gen 112
0.333333333333333
0.0244066755261537
0.0976267018046148
1E-10
1E-10
1E-10
Gen 113
0.333333333333333
0.0267876279021061
0.102487734487734
0.00466277692068988
1E-10
1E-10
Gen 114
0.333333333333333
0.0241933622713622
0.0967734487854488
1E-10
1E-10
1E-10
Gen 115
0.333333333333333
0.0276998557688557
0.10768253968254
0.00311688319288311
1E-10
1E-10
Gen 116
0.333333333333333
0.0273102453822453
0.10768253968254
0.00155844164644156
1E-10
1E-10
Gen 117
0.333333333333333
0.0273299454879019
0.10768253968254
0.00163724206906807
1E-10
1E-10
Gen 118
0.333333333333333
0.0270269151878716
0.10768253968254
0.00042512086894686
1E-10
1E-10
Gen 119
0.333333333333333
0.0270269151878716
0.10768253968254
0.00042512086894686
1E-10
1E-10
Gen 120
0.333333333333333
0.0265743146503146
0.106297258301258
1E-10
1E-10
1E-10
Gen 121
0.333333333333333
0.0233275614095613
0.0933102453382453
1E-10
1E-10
1E-10
Gen 122
0.333333333333333
0.0233275614095613
0.0933102453382453
1E-10
1E-10
1E-10
Gen 123
0.341062801932367
0.0296477822425213
0.116581466842336
0.00200966192774879
1E-10
1E-10
Gen 124
0.376623376623377
0.0418988644876035
0.157688688123471
0.00990676962694348
1E-10
1E-10
Gen 125
0.376623376623377
0.0389459816306772
0.155783926222709
1E-10
1E-10
1E-10
Gen 126
0.376623376623377
0.0389942908084212
0.155977162933685
1E-10
1E-10
1E-10
Gen 127
0.376623376623377
0.0389459816306772
0.155783926222709
1E-10
1E-10
1E-10
Gen 128
0.376623376623377
0.0389459816306772
0.155783926222709
1E-10
1E-10
1E-10
Gen 129
0.376623376623377
0.0396416338025902
0.157407114624506
0.00115942038585507
1E-10
1E-10
Gen 130
0.376623376623377
0.0409373236200192
0.161325051759834
0.00242424252024243
1E-10
1E-10
Gen 131
0.376623376623377
0.0371277998164954
0.148511198965982
1E-10
1E-10
1E-10
Gen 132
0.376623376623377
0.0374563022299543
0.149825208619817
1E-10
1E-10
1E-10
Gen 133
0.376623376623377
0.0373017128579737
0.149206851131895
1E-10
1E-10
1E-10
Gen 134
0.376623376623377
0.0392340800027321
0.156317962231006
0.000618357579922705
1E-10
1E-10
Gen 135
0.376623376623377
0.0394010917379612
0.157604366651845
1E-10
1E-10
1E-10
Gen 136
0.376623376623377
0.0414885501692457
0.163876278311061
0.00207792216592208
1E-10
1E-10
Gen 137
0.376623376623377
0.0384641446261011
0.153856578204404
1E-10
1E-10
1E-10
Gen 138
0.376623376623377
0.0433478888941497
0.165135579396449
0.00825597598014983
1E-10
1E-10
Gen 139
0.376623376623377
0.0417600853993027
0.165135579396449
0.00190476200076191
1E-10
1E-10
Gen 140
0.376623376623377
0.0427990464362637
0.165308739569609
0.00588744597544589
1E-10
1E-10
Gen 141
0.376623376623377
0.0411540247942421
0.164616098876968
1E-10
1E-10
1E-10
Gen 142
0.376623376623377
0.0385566221998395
0.154226488499358
1E-10
1E-10
1E-10
Gen 143
0.376623376623377
0.0409375745787919
0.163750298015168
1E-10
1E-10
1E-10
Gen 144
0.376623376623377
0.0416452726757943
0.16600138026225
0.000579710240927536
1E-10
1E-10
Gen 145
0.376623376623377
0.0414288224603441
0.165715289541377
1E-10
1E-10
1E-10
Gen 146
0.376623376623377
0.0412838949251123
0.165135579400449
1E-10
1E-10
1E-10
Gen 147
0.376623376623377
0.043015496652714
0.166867181128051
0.0051948052828052
1E-10
1E-10
Gen 148
0.376623376623377
0.038268649304171
0.153074596916684
1E-10
1E-10
1E-10
Gen 149
0.376623376623377
0.0381237217689391
0.152494886775756
1E-10
1E-10
1E-10
Gen 150
0.376623376623377
0.0381237217689391
0.152494886775756
1E-10
1E-10
1E-10
Gen 151
0.376623376623377
0.0381237217689391
0.152494886775756
1E-10
1E-10
1E-10
Gen 152
0.376623376623377
0.0381237217689391
0.152494886775756
1E-10
1E-10
1E-10
Gen 153
0.376623376623377
0.0389449778045864
0.155779910918346
1E-10
1E-10
1E-10
Gen 154
0.376623376623377
0.0387227555813642
0.154891022025457
1E-10
1E-10
1E-10
Gen 155
0.376623376623377
0.0386647845688715
0.154659137975486
1E-10
1E-10
1E-10
Gen 156
0.376623376623377
0.0386647845688715
0.154659137975486
1E-10
1E-10
1E-10
Gen 157
0.376623376623377
0.0386647845688715
0.154659137975486
1E-10
1E-10
1E-10
Gen 158
0.376623376623377
0.0410974340409992
0.163523935002196
0.000865800961800867
1E-10
1E-10
Gen 159
0.376623376623377
0.0189324299809516
0.0757297196238065
1E-10
1E-10
1E-10
Gen 160
0.376623376623377
0.0227419537824754
0.0909678148299017
1E-10
1E-10
1E-10
Gen 161
0.376623376623377
0.0227419537824754
0.0909678148299017
1E-10
1E-10
1E-10
Gen 162
0.376623376623377
0.0225255035670252
0.0901020139681009
1E-10
1E-10
1E-10
Gen 163
0.376623376623377
0.0263015246413941
0.105206098265576
1E-10
1E-10
1E-10
Gen 164
0.376623376623377
0.0271974403169185
0.108789760967674
1E-10
1E-10
1E-10
Gen 165
0.376623376623377
0.0271974403169185
0.108789760967674
1E-10
1E-10
1E-10
Gen 166
0.376623376623377
0.0271974403169185
0.108789760967674
1E-10
1E-10
1E-10
Gen 167
0.376623376623377
0.0228565155512111
0.0914260619048445
1E-10
1E-10
1E-10
Gen 168
0.376623376623377
0.0228565155512111
0.0914260619048445
1E-10
1E-10
1E-10
Gen 169
0.376623376623377
0.0235811532283706
0.0943246126134822
1E-10
1E-10
1E-10
Gen 170
0.376623376623377
0.0231138717206108
0.0924554865824431
1E-10
1E-10
1E-10
Gen 171
0.376623376623377
0.0248068261052173
0.0992273041208693
1E-10
1E-10
1E-10
Gen 172
0.376623376623377
0.0236379949393862
0.0945519794575446
1E-10
1E-10
1E-10
Gen 173
0.4
0.0288934061897974
0.11557362445919
1E-10
1E-10
1E-10
Gen 174
0.4
0.029376497976237
0.117505991604948
1E-10
1E-10
1E-10
Gen 175
0.4
0.029376497976237
0.117505991604948
1E-10
1E-10
1E-10
Gen 176
0.4
0.028337536941276
0.113350147465104
1E-10
1E-10
1E-10
Gen 177
0.4
0.0247785934762891
0.0991143736051562
1E-10
1E-10
1E-10
Gen 178
0.4
0.024735303433999
0.098941213435996
1E-10
1E-10
1E-10
Gen 179
0.4
0.0253846540823497
0.101538616029399
1E-10
1E-10
1E-10
Gen 180
0.4
0.0253846540823497
0.101538616029399
1E-10
1E-10
1E-10
Gen 181
0.4
0.0253846540823497
0.101538616029399
1E-10
1E-10
1E-10
Gen 182
0.4
0.0263370350337306
0.105348139834922
1E-10
1E-10
1E-10
Gen 183
0.4
0.028717987409683
0.114871949338732
1E-10
1E-10
1E-10
Gen 184
0.4
0.0296270783157739
0.118508312963096
1E-10
1E-10
1E-10
Gen 185
0.4
0.029994228071228
0.119976911984912
1E-10
1E-10
1E-10
Gen 186
0.4
0.0317733861082556
0.12662977602108
0.000463768211942029
1E-10
1E-10
Gen 187
0.4
0.0320470544688805
0.127685802120585
0.000502415554937198
1E-10
1E-10
Gen 188
0.4
0.0316184203031159
0.126473680912464
1E-10
1E-10
1E-10
Gen 189
0.4
0.0330469917286873
0.129763724198507
0.00242424251624243
1E-10
1E-10
Gen 190
0.4
0.0361112993976906
0.135651170085953
0.00879402730480984
1E-10
1E-10
Gen 191
0.4
0.0356443943240899
0.135651170085953
0.00692640701040693
1E-10
1E-10
Gen 192
0.4
0.0378954765731722
0.140845975280758
0.0107359308119307
1E-10
1E-10
Gen 193
0.4
0.034159734062821
0.136638935951284
1E-10
1E-10
1E-10
Gen 194
0.4
0.034159734062821
0.136638935951284
1E-10
1E-10
1E-10
Gen 195
0.4
0.034159734062821
0.136638935951284
1E-10
1E-10
1E-10
Gen 196
0.4
0.034159734062821
0.136638935951284
1E-10
1E-10
1E-10
Gen 197
0.4
0.034159734062821
0.136638935951284
1E-10
1E-10
1E-10
Gen 198
0.4
0.0347507372605198
0.139002948742079
1E-10
1E-10
1E-10
Gen 199
0.4
0.0356837945354032
0.141192295627078
0.00154288231453441
1E-10
1E-10
Gen 200
0.4
0.0355145241972198
0.140845975280758
0.00121212130812121
1E-10
1E-10
Gen 201
0.4
0.0275393689267167
0.110157475406867
1E-10
1E-10
1E-10
Gen 202
0.4
0.027885689276037
0.111542756804148
1E-10
1E-10
1E-10
Gen 203
0.4
0.029290670765975
0.1171626827639
1E-10
1E-10
1E-10
Gen 204
0.4
0.0305460820193863
0.122184327777545
1E-10
1E-10
1E-10
Gen 205
0.4
0.0305460820193863
0.122184327777545
1E-10
1E-10
1E-10
Gen 206
0.4
0.0306129619993098
0.122451847697239
1E-10
1E-10
1E-10
Gen 207
0.4
0.0312610578647969
0.125044231159188
1E-10
1E-10
1E-10
Gen 208
0.4
0.0312610578647969
0.125044231159188
1E-10
1E-10
1E-10
Gen 209
0.4
0.0312610578647969
0.125044231159188
1E-10
1E-10
1E-10
Gen 210
0.4
0.0312610578647969
0.125044231159188
1E-10
1E-10
1E-10
Gen 211
0.4
0.0312610578647969
0.125044231159188
1E-10
1E-10
1E-10
Gen 212
0.4
0.0317372483399874
0.12694899305995
1E-10
1E-10
1E-10
Gen 213
0.4
0.0318794153497196
0.127517661098878
1E-10
1E-10
1E-10
Gen 214
0.4
0.030963925050925
0.1238556999037
1E-10
1E-10
1E-10
Gen 215
0.4
0.030963925050925
0.1238556999037
1E-10
1E-10
1E-10
Gen 216
0.4
0.0220848234801712
0.0883392936206849
1E-10
1E-10
1E-10
Gen 217
0.4
0.0220848234801712
0.0883392936206849
1E-10
1E-10
1E-10
Gen 218
0.4
0.0220848234801712
0.0883392936206849
1E-10
1E-10
1E-10
Gen 219
0.4
0.0220848234801712
0.0883392936206849
1E-10
1E-10
1E-10
Gen 220
0.4
0.0279400214113257
0.111760085345303
1E-10
1E-10
1E-10
Gen 221
0.4
0.0279400214113257
0.111760085345303
1E-10
1E-10
1E-10
Gen 222
0.4
0.0281131815834858
0.112452726033943
1E-10
1E-10
1E-10
Gen 223
0.4
0.028286341755646
0.113145366722584
1E-10
1E-10
1E-10
Gen 224
0.4
0.0264733045573045
0.105893217929218
1E-10
1E-10
1E-10
Gen 225
0.4
0.0267465964827703
0.106986385631081
1E-10
1E-10
1E-10
Gen 226
0.4
0.0267465964827703
0.106986385631081
1E-10
1E-10
1E-10
Gen 227
0.4
0.0277125290988768
0.110850116095507
1E-10
1E-10
1E-10
Gen 228
0.4
0.0281666353730701
0.11266654119228
1E-10
1E-10
1E-10
Gen 229
0.4
0.0280217078418382
0.112086831067353
1E-10
1E-10
1E-10
Gen 230
0.4
0.0291606751497185
0.116642700298874
1E-10
1E-10
1E-10
Gen 231
0.4
0.0289875149785584
0.115950059614233
1E-10
1E-10
1E-10
Gen 232
0.4
0.0289009348929783
0.115603739271913
1E-10
1E-10
1E-10
Gen 233
0.4
0.0319312379182813
0.12648823640128
0.00123671507184541
1E-10
1E-10
Gen 234
0.4
0.0294008407851885
0.117603362840754
1E-10
1E-10
1E-10
Gen 235
0.4
0.0313152645206992
0.125261057782797
1E-10
1E-10
1E-10
Gen 236
0.4
0.0310083443876921
0.124033377250769
1E-10
1E-10
1E-10
Gen 237
0.4
0.0316086329879807
0.126434531651923
1E-10
1E-10
1E-10
Gen 238
0.4
0.0316859276719711
0.126434531651923
0.000309178835961352
1E-10
1E-10
Gen 239
0.4
0.0275393689277167
0.110157475410867
1E-10
1E-10
1E-10
Gen 240
0.4
0.0287236339350686
0.114894535440275
1E-10
1E-10
1E-10
Gen 241
0.4
0.0287236339350686
0.114894535440275
1E-10
1E-10
1E-10
Gen 242
0.4
0.0287236339350686
0.114894535440275
1E-10
1E-10
1E-10
Gen 243
0.4
0.0296760148854496
0.118704059241798
1E-10
1E-10
1E-10
Gen 244
0.4
0.0319948554641597
0.127979421556639
1E-10
1E-10
1E-10
Gen 245
0.4
0.0323233578786187
0.129293431214475
1E-10
1E-10
1E-10
Gen 246
0.4
0.0250684485487528
0.100273793895011
1E-10
1E-10
1E-10
Gen 247
0.4
0.0272259239166195
0.108903695366478
1E-10
1E-10
1E-10
Gen 248
0.4
0.0269661836598792
0.107864734339517
1E-10
1E-10
1E-10
Gen 249
0.4
0.0269661836598792
0.107864734339517
1E-10
1E-10
1E-10
Gen 250
0.4
0.0283947550854507
0.113579020041803
1E-10
1E-10
1E-10
Gen 251
0.4
0.0283947550854507
0.113579020041803
1E-10
1E-10
1E-10
Gen 252
0.4
0.029155781496651
0.116623125686604
1E-10
1E-10
1E-10
Gen 253
0.4
0.0324761905511905
0.129904761904762
1E-10
1E-10
1E-10
Gen 254
0.4
0.0316356108440456
0.126542443076182
1E-10
1E-10
1E-10
Gen 255
0.4
0.0312027104111451
0.12481084134458
1E-10
1E-10
1E-10
Gen 256
0.4
0.0312027104111451
0.12481084134458
1E-10
1E-10
1E-10
Gen 257
0.4
0.0280692641532641
0.112277056313056
1E-10
1E-10
1E-10
Gen 258
0.4
0.0303414267682528
0.121365706773011
1E-10
1E-10
1E-10
Gen 259
0.4
0.030601167024993
0.122404667799972
1E-10
1E-10
1E-10
Gen 260
0.4
0.0305487170644996
0.122194867957998
1E-10
1E-10
1E-10
Gen 261
0.4
0.0304520987080117
0.121808394532047
1E-10
1E-10
1E-10
Gen 262
0.4
0.0310581593120723
0.124232636948289
1E-10
1E-10
1E-10
Gen 263
0.4
0.0317075099604229
0.126830039541692
1E-10
1E-10
1E-10
Gen 264
0.4
0.0338951001470131
0.135580400288052
1E-10
1E-10
1E-10
Gen 265
0.4
0.0341962482752482
0.136784992800993
1E-10
1E-10
1E-10
Gen 266
0.4
0.0341962482752482
0.136784992800993
1E-10
1E-10
1E-10
Gen 267
0.4
0.0342445574529922
0.136978229511969
1E-10
1E-10
1E-10
Gen 268
0.4
0.0356248196998196
0.142499278499279
1E-10
1E-10
1E-10
Gen 269
0.4
0.0370995671705671
0.143964364138277
0.00443390434399121
1E-10
1E-10
Gen 270
0.4
0.0335468976268976
0.13418759020759
1E-10
1E-10
1E-10
Gen 271
0.4
0.0335468976268976
0.13418759020759
1E-10
1E-10
1E-10
Gen 272
0.4
0.0336628396538831
0.134651358315532
1E-10
1E-10
1E-10
Gen 273
0.4
0.0344126984876984
0.137650793650794
1E-10
1E-10
1E-10
Gen 274
0.4
0.0341533346641172
0.136613338356469
1E-10
1E-10
1E-10
Gen 275
0.4
0.0335468976268976
0.13418759020759
1E-10
1E-10
1E-10
Gen 276
0.4
0.0335468976268976
0.13418759020759
1E-10
1E-10
1E-10
Gen 277
0.4
0.0342618734693082
0.137047493577233
1E-10
1E-10
1E-10
Gen 278
0.4
0.0352757388289996
0.141102955015998
1E-10
1E-10
1E-10
Gen 279
0.4
0.0354288224593441
0.141522052826401
0.000193236810975845
1E-10
1E-10
Gen 280
0.4
0.0353805132816002
0.141522052826401
1E-10
1E-10
1E-10
Gen 281
0.4
0.0353805132816002
0.141522052826401
1E-10
1E-10
1E-10
Gen 282
0.4
0.0351486292246292
0.140594516598517
1E-10
1E-10
1E-10
Gen 283
0.4
0.0335468976268976
0.13418759020759
1E-10
1E-10
1E-10
Gen 284
0.4
0.0336628396548831
0.134651358319532
1E-10
1E-10
1E-10
Gen 285
0.4
0.0336628396548831
0.134651358319532
1E-10
1E-10
1E-10
Gen 286
0.4
0.0335468976268976
0.13418759020759
1E-10
1E-10
1E-10
Gen 287
0.4
0.0348023088813088
0.139209235225235
1E-10
1E-10
1E-10
Gen 288
0.4
0.0348023088813088
0.139209235225235
1E-10
1E-10
1E-10
Gen 289
0.4
0.0391459941755159
0.156429387038083
0.000154589463980676
1E-10
1E-10
Gen 290
0.4
0.0390880231640231
0.156352092356092
1E-10
1E-10
1E-10
Gen 291
0.4
0.0373598093498528
0.149439237099411
1E-10
1E-10
1E-10
Gen 292
0.4
0.0371866491786926
0.14874659641477
1E-10
1E-10
1E-10
Gen 293
0.4
0.0371866491786926
0.14874659641477
1E-10
1E-10
1E-10
Gen 294
0.4
0.0398273418123852
0.155673003325177
0.00363636372436363
1E-10
1E-10
Gen 295
0.4
0.0385411883573187
0.154164753129275
1E-10
1E-10
1E-10
Gen 296
0.4
0.0391905390036694
0.156415835372357
0.000346320442320346
1E-10
1E-10
Gen 297
0.4
0.038978355054355
0.15591341991742
1E-10
1E-10
1E-10
Gen 298
0.4
0.0331203965937009
0.132481586074803
1E-10
1E-10
1E-10
Gen 299
0.4
0.0350541440007091
0.140216575702836
1E-10
1E-10
1E-10
Gen 300
0.4
0.0350251584944628
0.140100633677851
1E-10
1E-10
1E-10
Gen 301
0.4
0.0350251584944628
0.140100633677851
1E-10
1E-10
1E-10
Gen 302
0.4
0.0340727775440818
0.136291109876327
1E-10
1E-10
1E-10
Gen 303
0.4
0.0340727775440818
0.136291109876327
1E-10
1E-10
1E-10
Gen 304
0.4
0.0340727775440818
0.136291109876327
1E-10
1E-10
1E-10
Gen 305
0.4
0.0351318151238585
0.140527260195434
1E-10
1E-10
1E-10
Gen 306
0.4
0.0353926846890759
0.141570738456304
1E-10
1E-10
1E-10
Gen 307
0.4
0.0353926846890759
0.141570738456304
1E-10
1E-10
1E-10
Gen 308
0.4
0.0353926846890759
0.141570738456304
1E-10
1E-10
1E-10
Gen 309
0.4
0.0363748040150213
0.145499215760085
1E-10
1E-10
1E-10
Gen 310
0.4
0.0361826966055226
0.14473078612209
1E-10
1E-10
1E-10
Gen 311
0.4
0.0369511262415175
0.145726582596148
0.00207792216992208
1E-10
1E-10
Gen 312
0.4
0.0340248448004969
0.136099378901988
1E-10
1E-10
1E-10
Gen 313
0.4
0.0345922580615623
0.138369031946249
1E-10
1E-10
1E-10
Gen 314
0.4
0.034289227760532
0.137156910742128
1E-10
1E-10
1E-10
Gen 315
0.4
0.0342026476749519
0.136810590399808
1E-10
1E-10
1E-10
Gen 316
0.4
0.0339861974595017
0.135944789538007
1E-10
1E-10
1E-10
Gen 317
0.4
0.0341890960092264
0.136756383736905
1E-10
1E-10
1E-10
Gen 318
0.4
0.0352905452805887
0.141162180822355
1E-10
1E-10
1E-10
Gen 319
0.4
0.0375071209714252
0.148873580525754
0.00115490315994655
1E-10
1E-10
Gen 320
0.4
0.0331895351795786
0.132758140418314
1E-10
1E-10
1E-10
Gen 321
0.4
0.0330217705800314
0.132087082020125
1E-10
1E-10
1E-10
Gen 322
0.4
0.0328865048805483
0.131546019222193
1E-10
1E-10
1E-10
Gen 323
0.4
0.0328865048805483
0.131546019222193
1E-10
1E-10
1E-10
Gen 324
0.4
0.0327999247949682
0.131199698879873
1E-10
1E-10
1E-10
Gen 325
0.4
0.0327999247949682
0.131199698879873
1E-10
1E-10
1E-10
Gen 326
0.4
0.0340120460050894
0.136048183720358
1E-10
1E-10
1E-10
Gen 327
0.4
0.0340120460050894
0.136048183720358
1E-10
1E-10
1E-10
Gen 328
0.4
0.0344882364802799
0.137952945621119
1E-10
1E-10
1E-10
Gen 329
0.4
0.0346613966494401
0.13864558629776
1E-10
1E-10
1E-10
Gen 330
0.4
0.0347247632365458
0.138899052646183
1E-10
1E-10
1E-10
Gen 331
0.4
0.0346814731942557
0.138725892477023
1E-10
1E-10
1E-10
Gen 332
0.4
0.0340986260916695
0.136394504066678
1E-10
1E-10
1E-10
Gen 333
0.4
0.0350841333360463
0.140336533044185
1E-10
1E-10
1E-10
Gen 334
0.4
0.0350841333360463
0.140336533044185
1E-10
1E-10
1E-10
Gen 335
0.4
0.035470606761998
0.14149595332204
0.00038647352595169
1E-10
1E-10
Gen 336
0.4
0.0370875212504777
0.148350084701911
1E-10
1E-10
1E-10
Gen 337
0.4
0.0374004643460295
0.149601857084118
1E-10
1E-10
1E-10
Gen 338
0.4
0.03787665482122
0.15150661898488
1E-10
1E-10
1E-10
Gen 339
0.4
0.0374004643460295
0.149601857084118
1E-10
1E-10
1E-10
Gen 340
0.4
0.0383528452964104
0.15150661898488
0.00190476200076191
1E-10
1E-10
Gen 341
0.4
0.0398247067652719
0.15167977915804
0.00761904770304763
1E-10
1E-10
Gen 342
0.4
0.0353424933355367
0.141369973042147
1E-10
1E-10
1E-10
Gen 343
0.4
0.0371060920506572
0.148424367902629
1E-10
1E-10
1E-10
Gen 344
0.4
0.0368645461579374
0.14745818433175
1E-10
1E-10
1E-10
Gen 345
0.4
0.0353424933355367
0.141369973042147
1E-10
1E-10
1E-10
Gen 346
0.4
0.0353424933355367
0.141369973042147
1E-10
1E-10
1E-10
Gen 347
0.4
0.0353424933355367
0.141369973042147
1E-10
1E-10
1E-10
Gen 348
0.4
0.0362948742859177
0.145179496843671
1E-10
1E-10
1E-10
Gen 349
0.4
0.0362948742859177
0.145179496843671
1E-10
1E-10
1E-10
Gen 350
0.4
0.0364680344550779
0.145698977351151
0.000173160269160173
1E-10
1E-10
Gen 351
0.4
0.0367710647611082
0.147084258744433
1E-10
1E-10
1E-10
Gen 352
0.4
0.0342507058979232
0.137002823291693
1E-10
1E-10
1E-10
Gen 353
0.4
0.0348857520082302
0.139543007732921
1E-10
1E-10
1E-10
Gen 354
0.4
0.0365500973207494
0.146200388982998
1E-10
1E-10
1E-10
Gen 355
0.4
0.0377826715078453
0.148777715038585
0.00235297079279679
1E-10
1E-10
Gen 356
0.4
0.0396165381203206
0.151804253717297
0.00666189856398545
1E-10
1E-10
Gen 357
0.4
0.0392702177740003
0.151804253717297
0.00527661717870407
1E-10
1E-10
Gen 358
0.4
0.034492251790643
0.137969006862572
1E-10
1E-10
1E-10
Gen 359
0.4
0.0351845160471247
0.140738063888499
1E-10
1E-10
1E-10
Gen 360
0.4
0.0351845160471247
0.140738063888499
1E-10
1E-10
1E-10
Gen 361
0.4
0.0351845160471247
0.140738063888499
1E-10
1E-10
1E-10
Gen 362
0.4
0.0351845160471247
0.140738063888499
1E-10
1E-10
1E-10
Gen 363
0.4
0.0362667671243757
0.145067068197503
1E-10
1E-10
1E-10
Gen 364
0.4
0.0372624381170467
0.147837630968066
0.00121212130012121
1E-10
1E-10
Gen 365
0.4
0.0369594078170164
0.147837630968066
1E-10
1E-10
1E-10
Gen 366
0.4
0.0382148190704277
0.150608193738628
0.00225108234308225
1E-10
1E-10
Gen 367
0.4
0.031258924735229
0.125035698640916
1E-10
1E-10
1E-10
Gen 368
0.4
0.031215634692939
0.124862538471756
1E-10
1E-10
1E-10
Gen 369
0.4
0.0321680156433199
0.12867206227328
1E-10
1E-10
1E-10
Gen 370
0.4
0.0321680156433199
0.12867206227328
1E-10
1E-10
1E-10
Gen 371
0.4
0.0321680156433199
0.12867206227328
1E-10
1E-10
1E-10
Gen 372
0.4
0.0321680156433199
0.12867206227328
1E-10
1E-10
1E-10
