Gen 1
0.225806451612903
0.00672829274512304
0.0269131709804922
0
0
0
Gen 2
0.225806451612903
0.0347864337625908
0.0944281524926686
0.0346296060181053
0.0100879765395894
0
Gen 3
0.225806451612903
0.0814344001020018
0.200469208211144
0.0934897360703812
0.0317786561264822
0
Gen 4
0.269284712482468
0.172194313400485
0.227545582047686
0.225806451612903
0.225806451612903
0.00961876832844575
Gen 5
0.269284712482468
0.226185133239832
0.232762973352034
0.225806451612903
0.225806451612903
0.220364656381487
Gen 6
0.269284712482468
0.232524544179524
0.269284712482468
0.236241234221599
0.225806451612903
0.198765778401122
Gen 7
0.50070126227209
0.264908835904628
0.287180925666199
0.269284712482468
0.269284712482468
0.233884992987377
Gen 8
0.50070126227209
0.289901823281907
0.400336605890603
0.269957924263675
0.269284712482468
0.220028050490884
Gen 9
0.521739130434783
0.418120617110799
0.502159887798036
0.495652173913043
0.431360448807854
0.243309957924264
Gen 10
0.580645161290323
0.495427769985975
0.520056100981767
0.501374474053296
0.50070126227209
0.459579242636746
Gen 11
0.580645161290323
0.518485273492286
0.540981767180926
0.521739130434783
0.516353436185133
0.494866760168303
Gen 12
0.580645161290323
0.540743338008415
0.580645161290322
0.580645161290322
0.560617110799439
0.441065918653576
Gen 13
0.580645161290323
0.559999999999999
0.580645161290322
0.580645161290322
0.580645161290322
0.498064516129032
Gen 14
0.690042075736325
0.56266479663394
0.585021037868163
0.580645161290322
0.580645161290322
0.504347826086957
Gen 15
0.690042075736325
0.572300140252454
0.615652173913043
0.580645161290322
0.580645161290322
0.512258064516129
Gen 16
0.690042075736325
0.614066046155807
0.690042075736326
0.676914446002805
0.580645161290322
0.508662501593778
Gen 17
0.816269284712483
0.639269412214713
0.695371669004208
0.690042075736326
0.690042075736326
0.481621828381997
Gen 18
0.816269284712483
0.669732245314292
0.724712482468443
0.690771388499299
0.690042075736326
0.573403034553105
Gen 19
0.816269284712483
0.722776998597476
0.816269284712483
0.775988779803646
0.695652173913043
0.603197755960729
Gen 20
0.816269284712483
0.785497896213184
0.816269284712483
0.816269284712483
0.816269284712483
0.693183730715287
Gen 21
0.816269284712483
0.808106591865357
0.816269284712483
0.816269284712483
0.816269284712483
0.783618513323983
Gen 22
0.94249649368864
0.75899018232819
0.825357643758766
0.816269284712483
0.816269284712483
0.578064516129032
Gen 23
0.94249649368864
0.826437587657783
0.889985974754559
0.816269284712483
0.816269284712483
0.783225806451613
Gen 24
0.94249649368864
0.87854519954099
0.94249649368864
0.94249649368864
0.883422159887798
0.745765650898891
Gen 25
0.957924263674614
0.924375876577839
0.943113604488079
0.94249649368864
0.94249649368864
0.869396914446003
Gen 26
0.957924263674614
0.917447405329592
0.946816269284713
0.94249649368864
0.94249649368864
0.837980364656382
Gen 27
0.962131837307153
0.922384291725104
0.958092566619916
0.957924263674614
0.942833099579243
0.830687237026648
Gen 28
0.963534361851332
0.925490246079305
0.959663394109397
0.957924263674614
0.957924263674614
0.8264490628586
Gen 29
0.963534361851332
0.924431977559607
0.962748948106592
0.962131837307153
0.959438990182328
0.813408134642356
Gen 30
0.967741935483871
0.93398316970547
0.963702664796634
0.963534361851333
0.962636746143058
0.846058906030856
Gen 31
0.967741935483871
0.939751370648986
0.964207573632539
0.963534361851333
0.963534361851333
0.867729185260742
Gen 32
0.967741935483871
0.945245441795231
0.967741935483872
0.96538569424965
0.963534361851333
0.884319775596073
Gen 33
0.967741935483871
0.889437715160016
0.967741935483872
0.967741935483872
0.967741935483872
0.654525054188448
Gen 34
0.967741935483871
0.939873772791024
0.967741935483872
0.967741935483872
0.967741935483872
0.856269284712483
Gen 35
0.967741935483871
0.965890603085555
0.967741935483872
0.967741935483872
0.967741935483872
0.960336605890604
Gen 36
0.967741935483871
0.927433380084152
0.967741935483872
0.967741935483872
0.967741935483872
0.806507713884994
Gen 37
0.967741935483871
0.948709677419356
0.967741935483872
0.967741935483872
0.967741935483872
0.891612903225807
Gen 38
0.967741935483871
0.926129032258065
0.967741935483872
0.967741935483872
0.967741935483872
0.801290322580646
Gen 39
0.967741935483871
0.904588805304093
0.967741935483872
0.967741935483872
0.967741935483872
0.715129414764759
Gen 40
0.967741935483871
0.929032258064517
0.967741935483872
0.967741935483872
0.967741935483872
0.812903225806452
Gen 41
0.967741935483871
0.966044880785415
0.967741935483872
0.967741935483872
0.967741935483872
0.960953716690043
Gen 42
0.967741935483871
0.944184623230907
0.967741935483872
0.967741935483872
0.967741935483872
0.873512686472014
Gen 43
0.967741935483871
0.927363253856943
0.967741935483872
0.967741935483872
0.967741935483872
0.806227208976157
Gen 44
0.967741935483871
0.93483870967742
0.967741935483872
0.967741935483872
0.967741935483872
0.836129032258065
Gen 45
0.967741935483871
0.942580645161291
0.967741935483872
0.967741935483872
0.967741935483872
0.867096774193549
Gen 46
0.967741935483871
0.959186535764377
0.967741935483872
0.967741935483872
0.967741935483872
0.933520336605891
Gen 47
0.967741935483871
0.946367461430576
0.967741935483872
0.967741935483872
0.967741935483872
0.882244039270688
Gen 48
0.967741935483871
0.938863955119215
0.967741935483872
0.967741935483872
0.967741935483872
0.852230014025246
Gen 49
0.967741935483871
0.951150070126228
0.967741935483872
0.967741935483872
0.967741935483872
0.901374474053296
Gen 50
0.967741935483871
0.937383654213949
0.967741935483872
0.967741935483872
0.967741935483872
0.846308810404182
Gen 51
0.967741935483871
0.921524926686218
0.967741935483872
0.967741935483872
0.967741935483872
0.782873900293256
Gen 52
0.967741935483871
0.935960729312764
0.967741935483872
0.967741935483872
0.967741935483872
0.840617110799439
Gen 53
0.967741935483871
0.963116154532705
0.967741935483872
0.967741935483872
0.967741935483872
0.949238811679205
Gen 54
0.967741935483871
0.933311232946577
0.967741935483872
0.967741935483872
0.967741935483872
0.830019125334694
Gen 55
0.967741935483871
0.911730205278593
0.967741935483872
0.967741935483872
0.967741935483872
0.743695014662757
Gen 56
0.967741935483871
0.946774193548388
0.967741935483872
0.967741935483872
0.967741935483872
0.883870967741936
Gen 57
0.967741935483871
0.947800586510265
0.967741935483872
0.967741935483872
0.967741935483872
0.887976539589443
Gen 58
0.967741935483871
0.915806451612904
0.967741935483872
0.967741935483872
0.967741935483872
0.76
Gen 59
0.967741935483871
0.94642228739003
0.967741935483872
0.967741935483872
0.967741935483872
0.882463343108505
Gen 60
0.967741935483871
0.956353436185134
0.967741935483872
0.967741935483872
0.967741935483872
0.92218793828892
Gen 61
0.967741935483871
0.942130562284841
0.967741935483872
0.967741935483872
0.967741935483872
0.865296442687747
Gen 62
0.967741935483871
0.916914446002806
0.967741935483872
0.967741935483872
0.967741935483872
0.764431977559608
Gen 63
0.967741935483871
0.927321178120618
0.967741935483872
0.967741935483872
0.967741935483872
0.806058906030856
Gen 64
0.967741935483871
0.944333800841516
0.967741935483872
0.967741935483872
0.967741935483872
0.874109396914446
Gen 65
0.967741935483871
0.947810786688768
0.967741935483872
0.967741935483872
0.967741935483872
0.888017340303456
Gen 66
0.967741935483871
0.951290322580646
0.967741935483872
0.967741935483872
0.967741935483872
0.901935483870968
Gen 67
0.967741935483871
0.939495091164096
0.967741935483872
0.967741935483872
0.967741935483872
0.854754558204769
Gen 68
0.967741935483871
0.954866760168304
0.967741935483872
0.967741935483872
0.967741935483872
0.916241234221599
Gen 69
0.967741935483871
0.935806451612904
0.967741935483872
0.967741935483872
0.967741935483872
0.84
Gen 70
0.967741935483871
0.937143950019126
0.967741935483872
0.967741935483872
0.967741935483872
0.845349993624889
Gen 71
0.967741935483871
0.944530154277701
0.967741935483872
0.967741935483872
0.967741935483872
0.874894810659187
Gen 72
0.967741935483871
0.938316970546985
0.967741935483872
0.967741935483872
0.967741935483872
0.850042075736326
Gen 73
0.967741935483871
0.886812444217775
0.967741935483872
0.967741935483872
0.967741935483872
0.644023970419482
Gen 74
0.967741935483871
0.947755960729313
0.967741935483872
0.967741935483872
0.967741935483872
0.887798036465639
Gen 75
0.967741935483871
0.953127629733521
0.967741935483872
0.967741935483872
0.967741935483872
0.909284712482469
Gen 76
0.967741935483871
0.966030855539973
0.967741935483872
0.967741935483872
0.967741935483872
0.960897615708275
Gen 77
0.967741935483871
0.950322580645162
0.967741935483872
0.967741935483872
0.967741935483872
0.898064516129033
Gen 78
0.967741935483871
0.936381486676018
0.967741935483872
0.967741935483872
0.967741935483872
0.842300140252455
Gen 79
0.967741935483871
0.93796633941094
0.967741935483872
0.967741935483872
0.967741935483872
0.848639551192146
Gen 80
0.967741935483871
0.905806451612904
0.967741935483872
0.967741935483872
0.967741935483872
0.72
Gen 81
0.967741935483871
0.937503506311361
0.967741935483872
0.967741935483872
0.967741935483872
0.846788218793829
Gen 82
0.967741935483871
0.932352416167284
0.967741935483872
0.967741935483872
0.967741935483872
0.826183858217519
