Gen 1
0.112554112554113
0.0120567162306293
0.0482268649225171
0
0
0
Gen 2
0.112554112554113
0.0638376309680658
0.112382458121589
0.105551414768806
0.0374166509818684
0
Gen 3
0.112554112554113
0.1108713219148
0.112554112554113
0.112554112554113
0.112554112554113
0.105822949996863
Gen 4
0.112554112554113
0.110735930735931
0.112554112554113
0.112554112554113
0.112554112554113
0.105281385281385
Gen 5
0.112554112554113
0.112554112554113
0.112554112554113
0.112554112554113
0.112554112554113
0.112554112554113
Gen 6
0.116883116883117
0.111471861471862
0.112727272727273
0.112554112554113
0.112554112554113
0.108051948051948
Gen 7
0.121212121212121
0.111262312566661
0.114458874458874
0.112554112554113
0.112554112554113
0.105482150699542
Gen 8
0.121212121212121
0.114588744588745
0.117748917748918
0.116883116883117
0.113939393939394
0.10978354978355
Gen 9
0.121212121212121
0.116536796536796
0.121212121212121
0.120865800865801
0.116883116883117
0.107186147186147
Gen 10
0.121212121212121
0.11995670995671
0.121212121212121
0.121212121212121
0.121212121212121
0.116190476190476
Gen 11
0.155844155844156
0.12034632034632
0.122597402597403
0.121212121212121
0.121212121212121
0.116363636363636
Gen 12
0.155844155844156
0.123636363636364
0.140606060606061
0.121212121212121
0.121212121212121
0.111515151515151
Gen 13
0.155844155844156
0.135238095238095
0.155844155844156
0.155844155844156
0.141991341991342
0.0872727272727272
Gen 14
0.155844155844156
0.152727272727272
0.155844155844156
0.155844155844156
0.155844155844156
0.143376623376623
Gen 15
0.155844155844156
0.154285714285714
0.155844155844156
0.155844155844156
0.155844155844156
0.14961038961039
Gen 16
0.155844155844156
0.15410891523935
0.155844155844156
0.155844155844156
0.155844155844156
0.148903193424933
Gen 17
0.155844155844156
0.151558441558441
0.155844155844156
0.155844155844156
0.155844155844156
0.138701298701299
Gen 18
0.155844155844156
0.155844155844156
0.155844155844156
0.155844155844156
0.155844155844156
0.155844155844156
Gen 19
0.155844155844156
0.15051948051948
0.155844155844156
0.155844155844156
0.155844155844156
0.134545454545455
Gen 20
0.155844155844156
0.150882865926344
0.155844155844156
0.155844155844156
0.155844155844156
0.135998996172909
Gen 21
0.173160173160173
0.14982683982684
0.156709956709957
0.155844155844156
0.155844155844156
0.130909090909091
Gen 22
0.173160173160173
0.157922077922078
0.164848484848485
0.156017316017316
0.155844155844156
0.154978354978355
Gen 23
0.173160173160173
0.167445887445888
0.173160173160173
0.173160173160173
0.164848484848485
0.158614718614719
Gen 24
0.173160173160173
0.164848484848485
0.173160173160173
0.173160173160173
0.173160173160173
0.13991341991342
Gen 25
0.173160173160173
0.169241483154527
0.173160173160173
0.173160173160173
0.173160173160173
0.157485413137587
Gen 26
0.173160173160173
0.17004329004329
0.173160173160173
0.173160173160173
0.173160173160173
0.160692640692641
Gen 27
0.173160173160173
0.16636903193425
0.173160173160173
0.173160173160173
0.173160173160173
0.145995608256478
Gen 28
0.173160173160173
0.173160173160173
0.173160173160173
0.173160173160173
0.173160173160173
0.173160173160173
Gen 29
0.173160173160173
0.173160173160173
0.173160173160173
0.173160173160173
0.173160173160173
0.173160173160173
Gen 30
0.177489177489178
0.170562770562771
0.173333333333333
0.173160173160173
0.173160173160173
0.162597402597403
Gen 31
0.177489177489178
0.171774891774892
0.174545454545455
0.173160173160173
0.173160173160173
0.166233766233766
Gen 32
0.177489177489178
0.171088274044796
0.177489177489178
0.175757575757576
0.173160173160173
0.157946169772257
Gen 33
0.177489177489178
0.175541125541125
0.177489177489178
0.177489177489178
0.177489177489178
0.16969696969697
Gen 34
0.177489177489178
0.177489177489177
0.177489177489178
0.177489177489178
0.177489177489178
0.177489177489178
Gen 35
0.181818181818182
0.172207792207792
0.177662337662338
0.177489177489178
0.177489177489178
0.156190476190476
Gen 36
0.181818181818182
0.177878787878788
0.179047619047619
0.177489177489178
0.177489177489178
0.177489177489178
Gen 37
0.181818181818182
0.170496894409938
0.181818181818182
0.181818181818182
0.178008658008658
0.14034255599473
Gen 38
0.181818181818182
0.18
0.181818181818182
0.181818181818182
0.181818181818182
0.174545454545455
Gen 39
0.181818181818182
0.17965367965368
0.181818181818182
0.181818181818182
0.181818181818182
0.173160173160173
Gen 40
0.181818181818182
0.18
0.181818181818182
0.181818181818182
0.181818181818182
0.174545454545455
Gen 41
0.181818181818182
0.18
0.181818181818182
0.181818181818182
0.181818181818182
0.174545454545455
Gen 42
0.181818181818182
0.175670995670996
0.181818181818182
0.181818181818182
0.181818181818182
0.157229437229437
Gen 43
0.181818181818182
0.176969696969697
0.181818181818182
0.181818181818182
0.181818181818182
0.162424242424242
Gen 44
0.181818181818182
0.172727272727273
0.181818181818182
0.181818181818182
0.181818181818182
0.145454545454545
Gen 45
0.181818181818182
0.175324675324675
0.181818181818182
0.181818181818182
0.181818181818182
0.155844155844156
Gen 46
0.181818181818182
0.174277181755443
0.181818181818182
0.181818181818182
0.181818181818182
0.151654181567225
Gen 47
0.181818181818182
0.181818181818182
0.181818181818182
0.181818181818182
0.181818181818182
0.181818181818182
Gen 48
0.181818181818182
0.176479578392622
0.181818181818182
0.181818181818182
0.181818181818182
0.160463768115942
Gen 49
0.181818181818182
0.178181818181818
0.181818181818182
0.181818181818182
0.181818181818182
0.167272727272727
Gen 50
0.181818181818182
0.175908149821193
0.181818181818182
0.181818181818182
0.181818181818182
0.158178053830228
Gen 51
0.181818181818182
0.173276115189159
0.181818181818182
0.181818181818182
0.181818181818182
0.147649915302089
Gen 52
0.181818181818182
0.176363636363636
0.181818181818182
0.181818181818182
0.181818181818182
0.16
Gen 53
0.181818181818182
0.178433025911287
0.181818181818182
0.181818181818182
0.181818181818182
0.168277558190602
Gen 54
0.181818181818182
0.181818181818182
0.181818181818182
0.181818181818182
0.181818181818182
0.181818181818182
Gen 55
0.181818181818182
0.176363636363636
0.181818181818182
0.181818181818182
0.181818181818182
0.16
Gen 56
0.181818181818182
0.180251207729469
0.181818181818182
0.181818181818182
0.181818181818182
0.175550285463329
Gen 57
0.181818181818182
0.178181818181818
0.181818181818182
0.181818181818182
0.181818181818182
0.167272727272727
Gen 58
0.181818181818182
0.181818181818182
0.181818181818182
0.181818181818182
0.181818181818182
0.181818181818182
Gen 59
0.181818181818182
0.176363636363636
0.181818181818182
0.181818181818182
0.181818181818182
0.16
Gen 60
0.181818181818182
0.178095238095238
0.181818181818182
0.181818181818182
0.181818181818182
0.166926406926407
Gen 61
0.181818181818182
0.181818181818182
0.181818181818182
0.181818181818182
0.181818181818182
0.181818181818182
Gen 62
0.181818181818182
0.178181818181818
0.181818181818182
0.181818181818182
0.181818181818182
0.167272727272727
Gen 63
0.181818181818182
0.174025974025974
0.181818181818182
0.181818181818182
0.181818181818182
0.150649350649351
Gen 64
0.181818181818182
0.174680720245938
0.181818181818182
0.181818181818182
0.181818181818182
0.153268335529205
Gen 65
0.181818181818182
0.181298701298701
0.181818181818182
0.181818181818182
0.181818181818182
0.17974025974026
Gen 66
0.181818181818182
0.178614718614719
0.181818181818182
0.181818181818182
0.181818181818182
0.169004329004329
Gen 67
0.181818181818182
0.181304724261246
0.181818181818182
0.181818181818182
0.181818181818182
0.179764351590439
Gen 68
0.181818181818182
0.178571428571429
0.181818181818182
0.181818181818182
0.181818181818182
0.168831168831169
Gen 69
0.181818181818182
0.17943722943723
0.181818181818182
0.181818181818182
0.181818181818182
0.172294372294372
Gen 70
0.181818181818182
0.17948051948052
0.181818181818182
0.181818181818182
0.181818181818182
0.172467532467532
Gen 71
0.181818181818182
0.181818181818182
0.181818181818182
0.181818181818182
0.181818181818182
0.181818181818182
Gen 72
0.181818181818182
0.178095238095238
0.181818181818182
0.181818181818182
0.181818181818182
0.166926406926407
Gen 73
0.181818181818182
0.178225108225108
0.181818181818182
0.181818181818182
0.181818181818182
0.167445887445887
Gen 74
0.181818181818182
0.180086956521739
0.181818181818182
0.181818181818182
0.181818181818182
0.174893280632411
Gen 75
0.181818181818182
0.178181818181818
0.181818181818182
0.181818181818182
0.181818181818182
0.167272727272727
Gen 76
0.181818181818182
0.181255411255411
0.181818181818182
0.181818181818182
0.181818181818182
0.1795670995671
Gen 77
0.181818181818182
0.176277056277056
0.181818181818182
0.181818181818182
0.181818181818182
0.15965367965368
Gen 78
0.181818181818182
0.174545454545455
0.181818181818182
0.181818181818182
0.181818181818182
0.152727272727273
Gen 79
0.181818181818182
0.172300395256917
0.181818181818182
0.181818181818182
0.181818181818182
0.143747035573122
Gen 80
0.181818181818182
0.18
0.181818181818182
0.181818181818182
0.181818181818182
0.174545454545455
Gen 81
0.181818181818182
0.178571428571429
0.181818181818182
0.181818181818182
0.181818181818182
0.168831168831169
Gen 82
0.181818181818182
0.174545454545455
0.181818181818182
0.181818181818182
0.181818181818182
0.152727272727273
Gen 83
0.181818181818182
0.176412698412698
0.181818181818182
0.181818181818182
0.181818181818182
0.160196248196248
Gen 84
0.181818181818182
0.18
0.181818181818182
0.181818181818182
0.181818181818182
0.174545454545455
Gen 85
0.181818181818182
0.170865800865801
0.181818181818182
0.181818181818182
0.181818181818182
0.138008658008658
Gen 1
0.12987012987013
0.00751113620678838
0.0300445448271535
0
0
0
Gen 2
0.12987012987013
0.0414837819185645
0.102510822510823
0.0584026601417906
0.00502164502164502
0
Gen 3
0.12987012987013
0.0947405734362257
0.12987012987013
0.12987012987013
0.0903896103896104
0.0288324236150323
Gen 4
0.12987012987013
0.128864922517096
0.12987012987013
0.12987012987013
0.12987012987013
0.125849300457996
Gen 5
0.12987012987013
0.126663780663781
0.12987012987013
0.12987012987013
0.12987012987013
0.117044733044733
Gen 6
0.12987012987013
0.128961038961039
0.12987012987013
0.12987012987013
0.12987012987013
0.126233766233766
Gen 7
0.12987012987013
0.128600414078675
0.12987012987013
0.12987012987013
0.12987012987013
0.12479126670431
Gen 8
0.134199134199134
0.125324675324675
0.13021645021645
0.12987012987013
0.12987012987013
0.111341991341991
Gen 9
0.134199134199134
0.129382897295941
0.132640692640693
0.12987012987013
0.12987012987013
0.125150636802811
Gen 10
0.134199134199134
0.131341991341991
0.134199134199134
0.134199134199134
0.134199134199134
0.122770562770563
Gen 11
0.134199134199134
0.132337662337662
0.134199134199134
0.134199134199134
0.134199134199134
0.126753246753247
Gen 12
0.134199134199134
0.130476190476191
0.134199134199134
0.134199134199134
0.134199134199134
0.119307359307359
Gen 13
0.134199134199134
0.12952380952381
0.134199134199134
0.134199134199134
0.134199134199134
0.115497835497836
Gen 14
0.134199134199134
0.132770562770563
0.134199134199134
0.134199134199134
0.134199134199134
0.128484848484849
Gen 15
0.134199134199134
0.132727272727273
0.134199134199134
0.134199134199134
0.134199134199134
0.128311688311688
Gen 16
0.134199134199134
0.128504674069891
0.134199134199134
0.134199134199134
0.134199134199134
0.111421293682163
Gen 17
0.134199134199134
0.130941464332769
0.134199134199134
0.134199134199134
0.134199134199134
0.121168454733672
Gen 18
0.134199134199134
0.131666603927474
0.134199134199134
0.134199134199134
0.134199134199134
0.124069013112491
Gen 19
0.134199134199134
0.132640692640693
0.134199134199134
0.134199134199134
0.134199134199134
0.127965367965368
Gen 20
0.134199134199134
0.133766233766234
0.134199134199134
0.134199134199134
0.134199134199134
0.132467532467532
Gen 21
0.134199134199134
0.131625948930297
0.134199134199134
0.134199134199134
0.134199134199134
0.123906393123784
Gen 22
0.134199134199134
0.129976911976912
0.134199134199134
0.134199134199134
0.134199134199134
0.117310245310245
Gen 23
0.134199134199134
0.132727272727273
0.134199134199134
0.134199134199134
0.134199134199134
0.128311688311688
Gen 24
0.134199134199134
0.13030303030303
0.134199134199134
0.134199134199134
0.134199134199134
0.118614718614719
Gen 25
0.134199134199134
0.132123847167325
0.134199134199134
0.134199134199134
0.134199134199134
0.125897986071899
Gen 26
0.134199134199134
0.131468849990589
0.134199134199134
0.134199134199134
0.134199134199134
0.123277997364954
Gen 27
0.134199134199134
0.131774891774892
0.134199134199134
0.134199134199134
0.134199134199134
0.124502164502164
Gen 28
0.134199134199134
0.131718426501035
0.134199134199134
0.134199134199134
0.134199134199134
0.124276303406738
Gen 29
0.134199134199134
0.129999498086455
0.134199134199134
0.134199134199134
0.134199134199134
0.117400589748416
Gen 30
0.134199134199134
0.132891022021457
0.134199134199134
0.134199134199134
0.134199134199134
0.128966685488425
Gen 31
0.134199134199134
0.132424242424242
0.134199134199134
0.134199134199134
0.134199134199134
0.127099567099567
Gen 32
0.138528138528139
0.130685362946233
0.134372294372294
0.134199134199134
0.134199134199134
0.119970889014367
Gen 33
0.138528138528139
0.131619675010979
0.136623376623377
0.134199134199134
0.134199134199134
0.121457055022272
Gen 34
0.138528138528139
0.133506493506494
0.138528138528139
0.138528138528139
0.137489177489178
0.119480519480519
Gen 35
0.138528138528139
0.138484848484849
0.138528138528139
0.138528138528139
0.138528138528139
0.138354978354978
Gen 36
0.138528138528139
0.133870380826903
0.138528138528139
0.138528138528139
0.138528138528139
0.119897107723195
Gen 37
0.138528138528139
0.137368090846352
0.138528138528139
0.138528138528139
0.138528138528139
0.133887947800991
Gen 38
0.138528138528139
0.137002070393375
0.138528138528139
0.138528138528139
0.138528138528139
0.132423865989083
Gen 39
0.138528138528139
0.133979421544639
0.138528138528139
0.138528138528139
0.138528138528139
0.12033327059414
Gen 40
0.138528138528139
0.136155969634231
0.138528138528139
0.138528138528139
0.138528138528139
0.129039462952506
Gen 41
0.138528138528139
0.136666666666667
0.138528138528139
0.138528138528139
0.138528138528139
0.131082251082251
Gen 42
0.138528138528139
0.136190476190476
0.138528138528139
0.138528138528139
0.138528138528139
0.129177489177489
Gen 43
0.138528138528139
0.137705627705628
0.138528138528139
0.138528138528139
0.138528138528139
0.135238095238095
Gen 44
0.138528138528139
0.131799109103457
0.138528138528139
0.138528138528139
0.138528138528139
0.111612020829412
Gen 45
0.138528138528139
0.137194930673192
0.138528138528139
0.138528138528139
0.138528138528139
0.133195307108351
Gen 46
0.138528138528139
0.137619047619048
0.138528138528139
0.138528138528139
0.138528138528139
0.134891774891775
Gen 47
0.138528138528139
0.132715226802184
0.138528138528139
0.138528138528139
0.138528138528139
0.115276491624318
Gen 48
0.138528138528139
0.13558391367087
0.138528138528139
0.138528138528139
0.138528138528139
0.126751239099065
Gen 49
0.138528138528139
0.136266139657444
0.138528138528139
0.138528138528139
0.138528138528139
0.12948014304536
Gen 50
0.138528138528139
0.136277056277057
0.138528138528139
0.138528138528139
0.138528138528139
0.12952380952381
Gen 51
0.138528138528139
0.136034882991405
0.138528138528139
0.138528138528139
0.138528138528139
0.128555116381203
Gen 52
0.138528138528139
0.133959721437983
0.138528138528139
0.138528138528139
0.138528138528139
0.120254470167514
Gen 53
0.138528138528139
0.136709956709957
0.138528138528139
0.138528138528139
0.138528138528139
0.131255411255411
Gen 54
0.138528138528139
0.137532467532468
0.138528138528139
0.138528138528139
0.138528138528139
0.134545454545455
Gen 55
0.138528138528139
0.133390049563963
0.138528138528139
0.138528138528139
0.138528138528139
0.117975782671435
Gen 56
0.138528138528139
0.13437417654809
0.138528138528139
0.138528138528139
0.138528138528139
0.121912290607943
Gen 57
0.138528138528139
0.135832109919067
0.138528138528139
0.138528138528139
0.138528138528139
0.12774402409185
Gen 58
0.138528138528139
0.135312629399586
0.138528138528139
0.138528138528139
0.138528138528139
0.125666102013928
Gen 59
0.138528138528139
0.135164941338855
0.138528138528139
0.138528138528139
0.138528138528139
0.125075349771002
Gen 60
0.138528138528139
0.137099567099567
0.138528138528139
0.138528138528139
0.138528138528139
0.132813852813853
Gen 61
0.138528138528139
0.132053830227743
0.138528138528139
0.138528138528139
0.138528138528139
0.112630905326558
Gen 62
0.138528138528139
0.131222159483029
0.138528138528139
0.138528138528139
0.138528138528139
0.109304222347701
Gen 63
0.138528138528139
0.135757575757576
0.138528138528139
0.138528138528139
0.138528138528139
0.127445887445888
Gen 64
0.138528138528139
0.136570675701111
0.138528138528139
0.138528138528139
0.138528138528139
0.130698287220026
Gen 65
0.138528138528139
0.135887445887446
0.138528138528139
0.138528138528139
0.138528138528139
0.127965367965368
Gen 66
0.138528138528139
0.138441558441559
0.138528138528139
0.138528138528139
0.138528138528139
0.138181818181818
Gen 67
0.138528138528139
0.136233766233766
0.138528138528139
0.138528138528139
0.138528138528139
0.129350649350649
Gen 68
0.138528138528139
0.136969696969697
0.138528138528139
0.138528138528139
0.138528138528139
0.132294372294372
Gen 69
0.138528138528139
0.135757575757576
0.138528138528139
0.138528138528139
0.138528138528139
0.127445887445888
Gen 70
0.138528138528139
0.136588870067131
0.138528138528139
0.138528138528139
0.138528138528139
0.130771064684108
Gen 71
0.138528138528139
0.138528138528139
0.138528138528139
0.138528138528139
0.138528138528139
0.138528138528139
Gen 72
0.138528138528139
0.134372294372295
0.138528138528139
0.138528138528139
0.138528138528139
0.121904761904762
Gen 73
0.138528138528139
0.133506493506494
0.138528138528139
0.138528138528139
0.138528138528139
0.118441558441558
Gen 74
0.138528138528139
0.135227178618483
0.138528138528139
0.138528138528139
0.138528138528139
0.125324298889516
Gen 75
0.138528138528139
0.137619047619048
0.138528138528139
0.138528138528139
0.138528138528139
0.134891774891775
Gen 76
0.138528138528139
0.135898864420604
0.138528138528139
0.138528138528139
0.138528138528139
0.128011042097999
Gen 77
0.138528138528139
0.136946734424996
0.138528138528139
0.138528138528139
0.138528138528139
0.132202522115566
Gen 78
0.138528138528139
0.132983750548968
0.138528138528139
0.138528138528139
0.138528138528139
0.116350586611456
Gen 79
0.138528138528139
0.135436602045298
0.138528138528139
0.138528138528139
0.138528138528139
0.126161992596775
Gen 80
0.138528138528139
0.137055775142732
0.138528138528139
0.138528138528139
0.138528138528139
0.132638684986511
Gen 81
0.138528138528139
0.1349871384654
0.138528138528139
0.138528138528139
0.138528138528139
0.124364138277182
Gen 82
0.138528138528139
0.137748917748918
0.138528138528139
0.138528138528139
0.138528138528139
0.135411255411255
Gen 83
0.138528138528139
0.137484032875337
0.138528138528139
0.138528138528139
0.138528138528139
0.134351715916933
Gen 84
0.138528138528139
0.137741890959282
0.138528138528139
0.138528138528139
0.138528138528139
0.135383148252714
Gen 85
0.138528138528139
0.130282200890897
0.138528138528139
0.138528138528139
0.138528138528139
0.105544387979171
Gen 86
0.138528138528139
0.135199698851873
0.138528138528139
0.138528138528139
0.138528138528139
0.125214379823075
Gen 87
0.138528138528139
0.133372231633101
0.138528138528139
0.138528138528139
0.138528138528139
0.117904510947989
Gen 88
0.138528138528139
0.136103896103896
0.138528138528139
0.138528138528139
0.138528138528139
0.128831168831169
Gen 89
0.138528138528139
0.13576635924462
0.138528138528139
0.138528138528139
0.138528138528139
0.127481021394065
Gen 90
0.138528138528139
0.132835686053078
0.138528138528139
0.138528138528139
0.138528138528139
0.115758328627894
Gen 91
0.138528138528139
0.136883116883117
0.138528138528139
0.138528138528139
0.138528138528139
0.131948051948052
Gen 92
0.138528138528139
0.136351590438547
0.138528138528139
0.138528138528139
0.138528138528139
0.129821946169772
Gen 93
0.138528138528139
0.135757575757576
0.138528138528139
0.138528138528139
0.138528138528139
0.127445887445887
Gen 94
0.138528138528139
0.135757575757576
0.138528138528139
0.138528138528139
0.138528138528139
0.127445887445888
Gen 95
0.138528138528139
0.134175042348956
0.138528138528139
0.138528138528139
0.138528138528139
0.121115753811406
Gen 96
0.138528138528139
0.134560010038271
0.138528138528139
0.138528138528139
0.138528138528139
0.122655624568668
Gen 97
0.138528138528139
0.13491599222034
0.138528138528139
0.138528138528139
0.138528138528139
0.124079553296945
Gen 98
0.138528138528139
0.135962231005709
0.138528138528139
0.138528138528139
0.138528138528139
0.128264508438421
Gen 99
0.138528138528139
0.136336909467344
0.138528138528139
0.138528138528139
0.138528138528139
0.129763222284961
Gen 100
0.138528138528139
0.131649162431771
0.138528138528139
0.138528138528139
0.138528138528139
0.111012234142669
Gen 101
0.138528138528139
0.13671121149382
0.138528138528139
0.138528138528139
0.138528138528139
0.131260430390865
Gen 102
0.138528138528139
0.136872200263505
0.138528138528139
0.138528138528139
0.138528138528139
0.131904385469603
Gen 103
0.138528138528139
0.137110232762407
0.138528138528139
0.138528138528139
0.138528138528139
0.132856515465211
Gen 104
0.138528138528139
0.133939393939394
0.138528138528139
0.138528138528139
0.138528138528139
0.12017316017316
Gen 105
0.138528138528139
0.134329004329005
0.138528138528139
0.138528138528139
0.138528138528139
0.121731601731602
Gen 106
0.138528138528139
0.135627705627706
0.138528138528139
0.138528138528139
0.138528138528139
0.126926406926407
Gen 107
0.138528138528139
0.136293619424054
0.138528138528139
0.138528138528139
0.138528138528139
0.129590062111801
Gen 108
0.138528138528139
0.136135140222097
0.138528138528139
0.138528138528139
0.138528138528139
0.128956145303971
Gen 109
0.138528138528139
0.1361498211933
0.138528138528139
0.138528138528139
0.138528138528139
0.129014869188782
Gen 110
0.138528138528139
0.133766233766234
0.138528138528139
0.138528138528139
0.138528138528139
0.11948051948052
Gen 111
0.138528138528139
0.135275487797227
0.138528138528139
0.138528138528139
0.138528138528139
0.125517535604492
Gen 112
0.138528138528139
0.137878787878788
0.138528138528139
0.138528138528139
0.138528138528139
0.135930735930736
Gen 113
0.138528138528139
0.132987012987013
0.138528138528139
0.138528138528139
0.138528138528139
0.116363636363636
Gen 114
0.138528138528139
0.137044231131188
0.138528138528139
0.138528138528139
0.138528138528139
0.132592508940335
Gen 115
0.138528138528139
0.136569169960475
0.138528138528139
0.138528138528139
0.138528138528139
0.130692264257482
Gen 116
0.138528138528139
0.132628646715603
0.138528138528139
0.138528138528139
0.138528138528139
0.114930171277997
Gen 117
0.138528138528139
0.136450216450217
0.138528138528139
0.138528138528139
0.138528138528139
0.13021645021645
Gen 118
0.138528138528139
0.133463203463204
0.138528138528139
0.138528138528139
0.138528138528139
0.118268398268398
Gen 119
0.138528138528139
0.13439237091411
0.138528138528139
0.138528138528139
0.138528138528139
0.121985068072025
Gen 120
0.138528138528139
0.135358554488989
0.138528138528139
0.138528138528139
0.138528138528139
0.125849802371542
Gen 121
0.138528138528139
0.138181818181818
0.138528138528139
0.138528138528139
0.138528138528139
0.137142857142857
Gen 122
0.138528138528139
0.130346320346321
0.138528138528139
0.138528138528139
0.138528138528139
0.105800865800866
Gen 123
0.138528138528139
0.135953823953824
0.138528138528139
0.138528138528139
0.138528138528139
0.12823088023088
Gen 124
0.138528138528139
0.136233766233766
0.138528138528139
0.138528138528139
0.138528138528139
0.129350649350649
Gen 125
0.138528138528139
0.136095740008784
0.138528138528139
0.138528138528139
0.138528138528139
0.128798544450718
Gen 126
0.138528138528139
0.136233766233766
0.138528138528139
0.138528138528139
0.138528138528139
0.129350649350649
Gen 127
0.138528138528139
0.133766233766234
0.138528138528139
0.138528138528139
0.138528138528139
0.119480519480519
Gen 128
0.138528138528139
0.137142857142857
0.138528138528139
0.138528138528139
0.138528138528139
0.132987012987013
Gen 129
0.138528138528139
0.132832298136646
0.138528138528139
0.138528138528139
0.138528138528139
0.115744776962168
Gen 130
0.138528138528139
0.132813852813853
0.138528138528139
0.138528138528139
0.138528138528139
0.115670995670996
Gen 131
0.138528138528139
0.135345881171968
0.138528138528139
0.138528138528139
0.138528138528139
0.125799109103457
Gen 132
0.138528138528139
0.135497835497836
0.138528138528139
0.138528138528139
0.138528138528139
0.126406926406926
Gen 133
0.138528138528139
0.1365119518163
0.138528138528139
0.138528138528139
0.138528138528139
0.130463391680783
Gen 134
0.138528138528139
0.136666666666667
0.138528138528139
0.138528138528139
0.138528138528139
0.131082251082251
Gen 135
0.138528138528139
0.138311688311689
0.138528138528139
0.138528138528139
0.138528138528139
0.137662337662338
Gen 136
0.138528138528139
0.132037267080746
0.138528138528139
0.138528138528139
0.138528138528139
0.112564652738566
Gen 137
0.138528138528139
0.132951251646904
0.138528138528139
0.138528138528139
0.138528138528139
0.1162205910032
Gen 138
0.138528138528139
0.135835999749043
0.138528138528139
0.138528138528139
0.138528138528139
0.127759583411757
Gen 139
0.138528138528139
0.134155844155844
0.138528138528139
0.138528138528139
0.138528138528139
0.121038961038961
Gen 140
0.138528138528139
0.136666666666667
0.138528138528139
0.138528138528139
0.138528138528139
0.131082251082251
Gen 141
0.138528138528139
0.134710458623502
0.138528138528139
0.138528138528139
0.138528138528139
0.123257418909593
Gen 142
0.138528138528139
0.12965367965368
0.138528138528139
0.138528138528139
0.138528138528139
0.103030303030303
Gen 143
0.138528138528139
0.134978354978355
0.138528138528139
0.138528138528139
0.138528138528139
0.124329004329004
Gen 144
0.138528138528139
0.136363636363637
0.138528138528139
0.138528138528139
0.138528138528139
0.12987012987013
Gen 145
0.138528138528139
0.134372294372295
0.138528138528139
0.138528138528139
0.138528138528139
0.121904761904762
Gen 146
0.138528138528139
0.1361810653115
0.138528138528139
0.138528138528139
0.138528138528139
0.129139845661585
Gen 147
0.138528138528139
0.130389610389611
0.138528138528139
0.138528138528139
0.138528138528139
0.105974025974026
Gen 148
0.138528138528139
0.133706631532719
0.138528138528139
0.138528138528139
0.138528138528139
0.119242110546458
Gen 149
0.138528138528139
0.13193989585294
0.138528138528139
0.138528138528139
0.138528138528139
0.112175167827342
Gen 150
0.138528138528139
0.134317334839074
0.138528138528139
0.138528138528139
0.138528138528139
0.12168492377188
Gen 151
0.138528138528139
0.133419913419914
0.138528138528139
0.138528138528139
0.138528138528139
0.118095238095238
Gen 152
0.138528138528139
0.133871259175607
0.138528138528139
0.138528138528139
0.138528138528139
0.119900621118012
Gen 153
0.138528138528139
0.135930735930736
0.138528138528139
0.138528138528139
0.138528138528139
0.128138528138528
Gen 154
0.138528138528139
0.136666666666667
0.138528138528139
0.138528138528139
0.138528138528139
0.131082251082251
Gen 155
0.138528138528139
0.137264571177615
0.138528138528139
0.138528138528139
0.138528138528139
0.133473869126043
Gen 156
0.138528138528139
0.135616036137775
0.138528138528139
0.138528138528139
0.138528138528139
0.126879728966686
Gen 157
0.138528138528139
0.137481021394065
0.138528138528139
0.138528138528139
0.138528138528139
0.134339669991844
Gen 158
0.138528138528139
0.134848484848485
0.138528138528139
0.138528138528139
0.138528138528139
0.123809523809524
Gen 159
0.138528138528139
0.13224292615597
0.138528138528139
0.138528138528139
0.138528138528139
0.113387289039463
Gen 160
0.138528138528139
0.132304661522053
0.138528138528139
0.138528138528139
0.138528138528139
0.113634230503796
Gen 161
0.138528138528139
0.133584917497961
0.138528138528139
0.138528138528139
0.138528138528139
0.118755254407428
Gen 162
0.138528138528139
0.130251584164628
0.138528138528139
0.138528138528139
0.138528138528139
0.105421921074095
Gen 163
0.138528138528139
0.137142857142857
0.138528138528139
0.138528138528139
0.138528138528139
0.132987012987013
Gen 164
0.138528138528139
0.136728778467909
0.138528138528139
0.138528138528139
0.138528138528139
0.13133069828722
Gen 165
0.138528138528139
0.135186649099693
0.138528138528139
0.138528138528139
0.138528138528139
0.125162180814355
Gen 166
0.138528138528139
0.135757575757576
0.138528138528139
0.138528138528139
0.138528138528139
0.127445887445888
Gen 167
0.138528138528139
0.137004830917875
0.138528138528139
0.138528138528139
0.138528138528139
0.132434908087082
Gen 168
0.138528138528139
0.136450216450217
0.138528138528139
0.138528138528139
0.138528138528139
0.13021645021645
Gen 169
0.138528138528139
0.135941150636803
0.138528138528139
0.138528138528139
0.138528138528139
0.128180186962796
Gen 170
0.138528138528139
0.132077922077922
0.138528138528139
0.138528138528139
0.138528138528139
0.112727272727273
Gen 171
0.138528138528139
0.135367965367966
0.138528138528139
0.138528138528139
0.138528138528139
0.125887445887446
Gen 172
0.138528138528139
0.136493506493507
0.138528138528139
0.138528138528139
0.138528138528139
0.13038961038961
Gen 173
0.138528138528139
0.135887445887446
0.138528138528139
0.138528138528139
0.138528138528139
0.127965367965368
Gen 174
0.138528138528139
0.136363636363637
0.138528138528139
0.138528138528139
0.138528138528139
0.12987012987013
Gen 175
0.138528138528139
0.135194805194805
0.138528138528139
0.138528138528139
0.138528138528139
0.125194805194805
Gen 176
0.138528138528139
0.138095238095238
0.138528138528139
0.138528138528139
0.138528138528139
0.136796536796537
Gen 177
0.138528138528139
0.13697233201581
0.138528138528139
0.138528138528139
0.138528138528139
0.132304912478826
Gen 178
0.138528138528139
0.132164502164502
0.138528138528139
0.138528138528139
0.138528138528139
0.113073593073593
Gen 179
0.138528138528139
0.135757575757576
0.138528138528139
0.138528138528139
0.138528138528139
0.127445887445888
Gen 180
0.138528138528139
0.135757575757576
0.138528138528139
0.138528138528139
0.138528138528139
0.127445887445888
Gen 181
0.138528138528139
0.133395319656189
0.138528138528139
0.138528138528139
0.138528138528139
0.117996863040341
Gen 182
0.138528138528139
0.132545956459
0.138528138528139
0.138528138528139
0.138528138528139
0.114599410251584
Gen 183
0.138528138528139
0.134262375305854
0.138528138528139
0.138528138528139
0.138528138528139
0.121465085638999
Gen 184
0.138528138528139
0.132962168266516
0.138528138528139
0.138528138528139
0.138528138528139
0.116264257481649
Gen 185
0.138528138528139
0.133203463203463
0.138528138528139
0.138528138528139
0.138528138528139
0.117229437229437
Gen 186
0.138528138528139
0.135194805194805
0.138528138528139
0.138528138528139
0.138528138528139
0.125194805194805
Gen 187
0.138528138528139
0.133203463203463
0.138528138528139
0.138528138528139
0.138528138528139
0.117229437229437
Gen 188
0.138528138528139
0.131041470606688
0.138528138528139
0.138528138528139
0.138528138528139
0.108581466842336
Gen 189
0.138528138528139
0.133073593073593
0.138528138528139
0.138528138528139
0.138528138528139
0.116709956709957
Gen 190
0.138528138528139
0.135281385281386
0.138528138528139
0.138528138528139
0.138528138528139
0.125541125541126
Gen 191
0.138528138528139
0.136111424807077
0.138528138528139
0.138528138528139
0.138528138528139
0.128861283643892
Gen 192
0.138528138528139
0.135056778969823
0.138528138528139
0.138528138528139
0.138528138528139
0.124642700294874
Gen 193
0.138528138528139
0.134112554112554
0.138528138528139
0.138528138528139
0.138528138528139
0.120865800865801
Gen 194
0.138528138528139
0.135269715791455
0.138528138528139
0.138528138528139
0.138528138528139
0.125494447581404
Gen 195
0.138528138528139
0.135139469226426
0.138528138528139
0.138528138528139
0.138528138528139
0.124973461321287
Gen 196
0.138528138528139
0.133135328439676
0.138528138528139
0.138528138528139
0.138528138528139
0.11695689817429
Gen 197
0.138528138528139
0.135757575757576
0.138528138528139
0.138528138528139
0.138528138528139
0.127445887445887
Gen 198
0.138528138528139
0.136657255787691
0.138528138528139
0.138528138528139
0.138528138528139
0.131044607566347
Gen 199
0.138528138528139
0.136796536796537
0.138528138528139
0.138528138528139
0.138528138528139
0.131601731601732
Gen 200
0.138528138528139
0.138441558441559
0.138528138528139
0.138528138528139
0.138528138528139
0.138181818181818
Gen 201
0.164502164502165
0.137099567099567
0.140606060606061
0.138528138528139
0.138528138528139
0.130735930735931
Gen 202
0.164502164502165
0.138603425559948
0.14943722943723
0.138528138528139
0.138528138528139
0.127920195746283
Gen 203
0.164502164502165
0.154545454545455
0.164502164502165
0.164502164502165
0.153073593073593
0.136103896103896
Gen 204
0.164502164502165
0.158690382081687
0.164502164502165
0.164502164502165
0.164502164502165
0.141255034820252
Gen 205
0.164502164502165
0.154001882175796
0.164502164502165
0.164502164502165
0.164502164502165
0.122501035196687
Gen 206
0.164502164502165
0.161224041658825
0.164502164502165
0.164502164502165
0.164502164502165
0.151389673128804
Gen 207
0.164502164502165
0.15935064935065
0.164502164502165
0.164502164502165
0.164502164502165
0.143896103896104
Gen 208
0.164502164502165
0.160852123721689
0.164502164502165
0.164502164502165
0.164502164502165
0.149902001380262
Gen 209
0.164502164502165
0.16202371541502
0.164502164502165
0.164502164502165
0.164502164502165
0.154588368153586
Gen 210
0.164502164502165
0.158985256289605
0.164502164502165
0.164502164502165
0.164502164502165
0.142434531651923
Gen 211
0.164502164502165
0.163845285149633
0.164502164502165
0.164502164502165
0.164502164502165
0.161874647092038
Gen 212
0.164502164502165
0.164074534161491
0.164502164502165
0.164502164502165
0.164502164502165
0.162791643139469
Gen 213
0.164502164502165
0.162034632034632
0.164502164502165
0.164502164502165
0.164502164502165
0.154632034632035
Gen 214
0.19047619047619
0.157056277056277
0.165541125541126
0.164502164502165
0.164502164502165
0.133679653679654
Gen 215
0.19047619047619
0.163767237593325
0.171774891774892
0.164502164502165
0.164502164502165
0.154289729594077
Gen 216
0.19047619047619
0.175497835497836
0.190476190476191
0.190476190476191
0.16969696969697
0.151341991341991
Gen 217
0.19047619047619
0.180768304159608
0.190476190476191
0.190476190476191
0.190476190476191
0.151644645209863
Gen 218
0.19047619047619
0.186363636363636
0.190476190476191
0.190476190476191
0.190476190476191
0.174025974025974
Gen 219
0.19047619047619
0.186261496957149
0.190476190476191
0.190476190476191
0.190476190476191
0.173617416400025
Gen 220
0.19047619047619
0.18676516719995
0.190476190476191
0.190476190476191
0.190476190476191
0.175632097371228
Gen 221
0.194805194805195
0.184632034632034
0.190649350649351
0.190476190476191
0.190476190476191
0.166926406926407
Gen 222
0.194805194805195
0.187272727272727
0.192034632034632
0.190476190476191
0.190476190476191
0.176103896103896
Gen 223
0.194805194805195
0.187179371353284
0.194805194805195
0.194805194805195
0.190649350649351
0.168457745153397
Gen 224
0.220779220779221
0.190379070205157
0.195844155844156
0.194805194805195
0.194805194805195
0.176061735366083
Gen 225
0.220779220779221
0.196580086580087
0.207272727272727
0.194805194805195
0.194805194805195
0.189437229437229
Gen 226
0.220779220779221
0.206111048371918
0.220779220779221
0.220779220779221
0.206580086580087
0.176305665349144
Gen 227
0.220779220779221
0.213300583474497
0.220779220779221
0.220779220779221
0.220779220779221
0.190864671560324
Gen 228
0.220779220779221
0.214242424242424
0.220779220779221
0.220779220779221
0.220779220779221
0.194632034632035
Gen 229
0.251082251082251
0.216560260995044
0.221991341991342
0.220779220779221
0.220779220779221
0.202691260430391
Gen 230
0.251082251082251
0.219154652111174
0.230476190476191
0.220779220779221
0.220779220779221
0.204583976410063
Gen 231
0.251082251082251
0.231639124160863
0.251082251082251
0.251082251082251
0.232900432900433
0.191491561578518
Gen 232
0.251082251082251
0.245005207353034
0.251082251082251
0.251082251082251
0.251082251082251
0.226774076165381
Gen 233
0.251082251082251
0.235610766045549
0.251082251082251
0.251082251082251
0.251082251082251
0.189196310935441
Gen 234
0.251082251082251
0.246142543446891
0.251082251082251
0.251082251082251
0.251082251082251
0.231323420540812
Gen 235
0.251082251082251
0.237618545705502
0.251082251082251
0.251082251082251
0.251082251082251
0.197227429575256
Gen 236
0.251082251082251
0.238115691072213
0.251082251082251
0.251082251082251
0.251082251082251
0.199216011042098
Gen 237
0.251082251082251
0.236388355605747
0.251082251082251
0.251082251082251
0.251082251082251
0.192306669176234
Gen 238
0.251082251082251
0.236989146119581
0.251082251082251
0.251082251082251
0.251082251082251
0.19470983123157
Gen 239
0.273429951690821
0.246475939519418
0.251976159106594
0.251082251082251
0.251082251082251
0.231763096806575
Gen 240
0.273429951690821
0.244518225735617
0.260915239350022
0.251082251082251
0.251082251082251
0.214993161427944
Gen 241
0.273429951690821
0.248483342744212
0.273429951690821
0.273429951690821
0.261184265010352
0.185889202584855
Gen 242
0.273429951690821
0.265934500282327
0.273429951690821
0.273429951690821
0.273429951690821
0.243448146056842
Gen 243
0.273429951690821
0.259373611895351
0.273429951690821
0.273429951690821
0.273429951690821
0.21720459250894
Gen 244
0.273429951690821
0.264014931927976
0.273429951690821
0.273429951690821
0.273429951690821
0.235769872639438
Gen 245
0.274396135265701
0.270281949934124
0.273468599033816
0.273429951690821
0.273429951690821
0.260799297321037
Gen 246
0.274396135265701
0.262069138590878
0.273739130434783
0.273429951690821
0.273429951690821
0.227677520547086
Gen 247
0.294372294372294
0.268740824392999
0.275195181629964
0.2743961352657
0.273816425120773
0.251555555555556
Gen 248
0.294372294372294
0.262653616914486
0.288778969822448
0.2743961352657
0.2743961352657
0.213043227304097
Gen 249
0.294372294372294
0.26938841834494
0.294372294372295
0.294372294372295
0.284783738001129
0.204025346634042
Gen 250
0.294372294372294
0.281329192546584
0.294372294372295
0.294372294372295
0.294372294372295
0.242199887069452
Gen 251
0.294372294372294
0.27300257230692
0.294372294372295
0.294372294372295
0.294372294372295
0.208893406110797
Gen 252
0.294372294372294
0.281726457117762
0.294372294372295
0.294372294372295
0.294372294372295
0.243788945354163
Gen 253
0.294372294372294
0.275470104774453
0.294372294372295
0.294372294372295
0.294372294372295
0.218763535980927
Gen 254
0.294372294372294
0.267354162745467
0.294372294372295
0.294372294372295
0.294372294372295
0.186299767864985
Gen 255
0.294372294372294
0.274453353409875
0.294372294372295
0.294372294372295
0.294372294372295
0.214696530522618
Gen 256
0.294372294372294
0.283548779722693
0.294372294372295
0.294372294372295
0.294372294372295
0.251078235773888
Gen 257
0.294372294372294
0.273274609448523
0.294372294372295
0.294372294372295
0.294372294372295
0.209981554677207
Gen 258
0.294372294372294
0.27667996737562
0.294372294372295
0.294372294372295
0.294372294372295
0.223602986385595
Gen 259
0.294372294372294
0.271774891774892
0.294372294372295
0.294372294372295
0.294372294372295
0.203982683982684
Gen 260
0.294372294372294
0.277985946420729
0.294372294372295
0.294372294372295
0.294372294372295
0.228826902566033
Gen 261
0.294372294372294
0.284329004329005
0.294372294372295
0.294372294372295
0.294372294372295
0.254199134199134
Gen 262
0.294372294372294
0.273572746094485
0.294372294372295
0.294372294372295
0.294372294372295
0.211174101261058
Gen 263
0.294372294372294
0.277340987514901
0.294372294372295
0.294372294372295
0.294372294372295
0.226247066942719
Gen 264
0.294372294372294
0.285641759206977
0.294372294372295
0.294372294372295
0.294372294372295
0.259450153711023
Gen 265
0.294372294372294
0.28414191605496
0.294372294372295
0.294372294372295
0.294372294372295
0.253450781102955
Gen 266
0.294372294372294
0.27098952255474
0.294372294372295
0.294372294372295
0.294372294372295
0.200841207102077
Gen 267
0.294372294372294
0.282958027479767
0.294372294372295
0.294372294372295
0.294372294372295
0.248715226802183
Gen 268
0.294372294372294
0.280600539557061
0.294372294372295
0.294372294372295
0.294372294372295
0.239285275111362
Gen 269
0.294372294372294
0.275022648848736
0.294372294372295
0.294372294372295
0.294372294372295
0.21697371227806
Gen 270
0.294372294372294
0.276451220277307
0.294372294372295
0.294372294372295
0.294372294372295
0.222687997992346
Gen 271
0.294372294372294
0.28
0.294372294372295
0.294372294372295
0.294372294372295
0.236883116883117
Gen 272
0.294372294372294
0.272035635861723
0.294372294372295
0.294372294372295
0.294372294372295
0.205025660330008
Gen 273
0.294372294372294
0.272760148064496
0.294372294372295
0.294372294372295
0.294372294372295
0.207923709141101
Gen 274
0.294372294372294
0.273445761967501
0.294372294372295
0.294372294372295
0.294372294372295
0.210666164753121
Gen 275
0.294372294372294
0.286320346320347
0.294372294372295
0.294372294372295
0.294372294372295
0.262164502164502
Gen 276
0.294372294372294
0.278778969822448
0.294372294372295
0.294372294372295
0.294372294372295
0.231998996172909
Gen 277
0.294372294372294
0.284405044231131
0.294372294372295
0.294372294372295
0.294372294372295
0.254503293807642
Gen 278
0.294372294372294
0.284935064935065
0.294372294372295
0.294372294372295
0.294372294372295
0.256623376623377
Gen 279
0.294372294372294
0.274642323859715
0.294372294372295
0.294372294372295
0.294372294372295
0.215452412321978
Gen 280
0.294372294372294
0.277610640567162
0.294372294372295
0.294372294372295
0.294372294372295
0.227325679151766
Gen 281
0.294372294372294
0.28347123407993
0.294372294372295
0.294372294372295
0.294372294372295
0.250768053202836
Gen 282
0.294372294372294
0.277218771566598
0.294372294372295
0.294372294372295
0.294372294372295
0.225758203149508
Gen 283
0.294372294372294
0.278960537047494
0.294372294372295
0.294372294372295
0.294372294372295
0.232725265073091
Gen 284
0.294372294372294
0.2785487169835
0.294372294372295
0.294372294372295
0.294372294372295
0.231077984817115
Gen 285
0.294372294372294
0.286732668297886
0.294372294372295
0.294372294372295
0.294372294372295
0.26381379007466
Gen 286
0.294372294372294
0.286143045360437
0.294372294372295
0.294372294372295
0.294372294372295
0.261455298324864
Gen 287
0.294372294372294
0.267502729154903
0.294372294372295
0.294372294372295
0.294372294372295
0.186894033502729
Gen 288
0.294372294372294
0.273176234393626
0.294372294372295
0.294372294372295
0.294372294372295
0.20958805445762
Gen 289
0.294372294372294
0.273236965932618
0.294372294372295
0.294372294372295
0.294372294372295
0.209830980613589
Gen 290
0.294372294372294
0.283189535102579
0.294372294372295
0.294372294372295
0.294372294372295
0.249641257293431
Gen 291
0.294372294372294
0.278564778216952
0.294372294372295
0.294372294372295
0.294372294372295
0.231142229750926
Gen 292
0.294372294372294
0.27021130560261
0.294372294372295
0.294372294372295
0.294372294372295
0.197728339293557
Gen 293
0.294372294372294
0.26453014618232
0.294372294372295
0.294372294372295
0.294372294372295
0.175003701612397
Gen 294
0.294372294372294
0.273591316895665
0.294372294372295
0.294372294372295
0.294372294372295
0.211248384465776
Gen 295
0.294372294372294
0.280595018508062
0.294372294372295
0.294372294372295
0.294372294372295
0.239263190915365
Gen 296
0.294372294372294
0.272689252776209
0.294372294372295
0.294372294372295
0.294372294372295
0.207640127987954
Gen 297
0.294372294372294
0.283030303030303
0.294372294372295
0.294372294372295
0.294372294372295
0.249004329004329
Gen 298
0.294372294372294
0.274477194303281
0.294372294372295
0.294372294372295
0.294372294372295
0.214791894096242
Gen 299
0.294372294372294
0.284762908588996
0.294372294372295
0.294372294372295
0.294372294372295
0.255934751239099
Gen 300
0.294372294372294
0.283125666603928
0.294372294372295
0.294372294372295
0.294372294372295
0.249385783298827
Gen 301
0.294372294372294
0.281001944914989
0.294372294372295
0.294372294372295
0.294372294372295
0.240890896543071
Gen 302
0.294372294372294
0.283210489993099
0.294372294372295
0.294372294372295
0.294372294372295
0.249725076855512
Gen 303
0.294372294372294
0.277196938327373
0.294372294372295
0.294372294372295
0.294372294372295
0.225670870192609
Gen 304
0.294372294372294
0.266465524813351
0.294372294372295
0.294372294372295
0.294372294372295
0.182745216136521
Gen 305
0.294372294372294
0.283549156157852
0.294372294372295
0.294372294372295
0.294372294372295
0.251079741514524
Gen 306
0.294372294372294
0.266226864922517
0.294372294372295
0.294372294372295
0.294372294372295
0.181790576573185
Gen 307
0.294372294372294
0.282747725704248
0.294372294372295
0.294372294372295
0.294372294372295
0.247874019700107
Gen 308
0.294372294372294
0.287336470292992
0.294372294372295
0.294372294372295
0.294372294372295
0.266228998055085
Gen 309
0.294372294372294
0.28159181880921
0.294372294372295
0.294372294372295
0.294372294372295
0.243250392119957
Gen 310
0.294372294372294
0.275637241985068
0.294372294372295
0.294372294372295
0.294372294372295
0.219432084823389
Gen 311
0.294372294372294
0.279447895100069
0.294372294372295
0.294372294372295
0.294372294372295
0.234674697283393
Gen 312
0.294372294372294
0.280995670995671
0.294372294372295
0.294372294372295
0.294372294372295
0.240865800865801
Gen 313
0.294372294372294
0.287359307359308
0.294372294372295
0.294372294372295
0.294372294372295
0.266320346320346
Gen 314
0.294372294372294
0.289392308174917
0.294372294372295
0.294372294372295
0.294372294372295
0.274452349582785
Gen 315
0.294372294372294
0.279830729656817
0.294372294372295
0.294372294372295
0.294372294372295
0.236206035510383
Gen 316
0.294372294372294
0.284458874458875
0.294372294372295
0.294372294372295
0.294372294372295
0.254718614718615
Gen 317
0.354978354978355
0.280458247066943
0.296796536796537
0.294372294372295
0.294372294372295
0.236291862726645
Gen 318
0.354978354978355
0.283703369094674
0.321038961038961
0.294372294372295
0.294372294372295
0.225029926595144
Gen 319
0.354978354978355
0.304750988142293
0.354978354978355
0.354978354978355
0.296796536796537
0.212250705815923
Gen 320
0.359307359307359
0.336478825522303
0.355151515151515
0.354978354978355
0.354978354978355
0.28080707698099
Gen 321
0.359307359307359
0.332670431018257
0.356190476190476
0.354978354978355
0.354978354978355
0.264534537925842
Gen 322
0.359307359307359
0.336442060355103
0.359307359307359
0.358614718614719
0.354978354978355
0.272867808519983
Gen 323
0.359307359307359
0.339558943471987
0.359307359307359
0.359307359307359
0.359307359307359
0.28031369596587
Gen 324
0.359307359307359
0.338197628458498
0.359307359307359
0.359307359307359
0.359307359307359
0.274868435911914
Gen 325
0.359307359307359
0.326526507309116
0.359307359307359
0.359307359307359
0.359307359307359
0.228183951314386
Gen 326
0.359307359307359
0.335194805194805
0.359307359307359
0.359307359307359
0.359307359307359
0.262857142857143
Gen 327
0.359307359307359
0.350089591567852
0.359307359307359
0.359307359307359
0.359307359307359
0.322436288349332
Gen 328
0.359307359307359
0.351125541125541
0.359307359307359
0.359307359307359
0.359307359307359
0.326580086580087
Gen 329
0.359307359307359
0.335403726708074
0.359307359307359
0.359307359307359
0.359307359307359
0.26369282891022
Gen 330
0.359307359307359
0.340984503419286
0.359307359307359
0.359307359307359
0.359307359307359
0.286015935755066
Gen 331
0.359307359307359
0.341042474433779
0.359307359307359
0.359307359307359
0.359307359307359
0.286247819813037
Gen 332
0.359307359307359
0.334735303343999
0.359307359307359
0.359307359307359
0.359307359307359
0.261019135453918
Gen 333
0.359307359307359
0.344415584415584
0.359307359307359
0.359307359307359
0.359307359307359
0.29974025974026
Gen 334
0.359307359307359
0.335846038019951
0.359307359307359
0.359307359307359
0.359307359307359
0.265462074157726
Gen 335
0.359307359307359
0.343872388481084
0.359307359307359
0.359307359307359
0.359307359307359
0.297567476002259
Gen 336
0.437229437229437
0.353738753999623
0.362424242424242
0.359307359307359
0.359307359307359
0.333916054959533
Gen 337
0.437229437229437
0.353722943722944
0.390476190476191
0.359307359307359
0.359307359307359
0.305800865800866
Gen 338
0.437229437229437
0.383558441558441
0.437229437229437
0.437229437229437
0.390476190476191
0.269298701298701
Gen 339
0.437229437229437
0.423617290921639
0.437229437229437
0.437229437229437
0.437229437229437
0.382780851998243
Gen 340
0.437229437229437
0.420692640692641
0.437229437229437
0.437229437229437
0.437229437229437
0.371082251082251
Gen 341
0.437229437229437
0.404938076416338
0.437229437229437
0.437229437229437
0.437229437229437
0.308063993977037
Gen 342
0.437229437229437
0.405733107472238
0.437229437229437
0.437229437229437
0.437229437229437
0.31124411820064
Gen 343
0.437229437229437
0.404149319279755
0.437229437229437
0.437229437229437
0.437229437229437
0.304908965430705
Gen 344
0.437229437229437
0.411010477445261
0.437229437229437
0.437229437229437
0.437229437229437
0.332353598092729
Gen 345
0.437229437229437
0.395132066001632
0.437229437229437
0.437229437229437
0.437229437229437
0.268839952318213
Gen 346
0.437229437229437
0.416380450467408
0.437229437229437
0.437229437229437
0.437229437229437
0.353833490181316
Gen 347
0.437229437229437
0.421691448647971
0.437229437229437
0.437229437229437
0.437229437229437
0.37507748290357
Gen 348
0.437229437229437
0.416678838070143
0.437229437229437
0.437229437229437
0.437229437229437
0.355027040592258
Gen 349
0.437229437229437
0.423747161051509
0.437229437229437
0.437229437229437
0.437229437229437
0.383300332517724
Gen 350
0.437229437229437
0.414415584415585
0.437229437229437
0.437229437229437
0.437229437229437
0.345974025974026
Gen 351
0.440579710144928
0.413056778969823
0.437363448146057
0.437229437229437
0.437229437229437
0.340404793274358
Gen 352
0.440579710144928
0.428868184955142
0.438837568228872
0.437229437229437
0.437229437229437
0.402176297132819
Gen 353
0.440579710144928
0.416371039588432
0.440579710144927
0.440579710144927
0.438128866302779
0.346195871761089
Gen 354
0.440579710144928
0.424111801242237
0.440579710144927
0.440579710144927
0.440579710144927
0.374708074534161
Gen 355
0.440579710144928
0.418926532404794
0.440579710144927
0.440579710144927
0.440579710144927
0.35396699918439
Gen 356
0.440579710144928
0.419875023527198
0.440579710144927
0.440579710144927
0.440579710144927
0.357760963674007
Gen 357
0.440579710144928
0.434841709015623
0.440579710144927
0.440579710144927
0.440579710144927
0.417627705627706
Gen 358
0.444444444444444
0.404567162306293
0.440811594202898
0.440579710144927
0.440579710144927
0.296297634732417
Gen 359
0.444444444444444
0.404931300583475
0.442357487922705
0.440579710144927
0.440579710144927
0.296208294121338
Gen 360
0.444444444444444
0.422519605997867
0.444444444444445
0.444444444444445
0.442125603864734
0.359063931237844
Gen 361
0.444444444444444
0.425084258736432
0.444444444444445
0.444444444444445
0.444444444444445
0.367003701612397
Gen 362
0.444444444444444
0.435240353849049
0.444444444444445
0.444444444444445
0.444444444444445
0.407628082062865
Gen 363
0.444444444444444
0.403106593889202
0.444444444444445
0.444444444444445
0.444444444444445
0.279093042223477
Gen 364
0.444444444444444
0.432306543697847
0.444444444444445
0.444444444444445
0.444444444444445
0.395892841458059
Gen 365
0.444444444444444
0.427778656126481
0.444444444444445
0.444444444444445
0.444444444444445
0.377781291172596
Gen 366
0.444444444444444
0.419034945730597
0.444444444444445
0.444444444444445
0.444444444444445
0.342806449589058
Gen 367
0.444444444444444
0.424703682790638
0.444444444444445
0.444444444444445
0.444444444444445
0.365481397829224
Gen 368
0.444444444444444
0.414312817617165
0.444444444444445
0.444444444444445
0.444444444444445
0.323917937135328
Gen 369
0.444444444444444
0.422524750611706
0.444444444444445
0.444444444444445
0.444444444444445
0.356765669113495
Gen 370
0.444444444444444
0.418889265324047
0.444444444444445
0.444444444444445
0.444444444444445
0.342223727962858
Gen 371
0.444444444444444
0.43434594391116
0.444444444444445
0.444444444444445
0.444444444444445
0.404050442311312
Gen 372
0.444444444444444
0.423238346194867
0.444444444444445
0.444444444444445
0.444444444444445
0.359620051446139
Gen 373
0.45021645021645
0.420321350147436
0.444675324675325
0.444444444444445
0.444444444444445
0.347721187025535
Gen 374
0.45021645021645
0.433647531212748
0.445829725829726
0.444444444444445
0.444444444444445
0.39987151013238
Gen 375
0.45021645021645
0.428830165004077
0.45021645021645
0.448369408369408
0.444444444444445
0.372290356986009
Gen 376
0.45021645021645
0.414413576761404
0.45021645021645
0.45021645021645
0.45021645021645
0.307004956396261
Gen 377
0.457971014492754
0.437330447330448
0.450526632787502
0.45021645021645
0.45021645021645
0.398362256101386
Gen 378
0.457971014492754
0.425337223163311
0.450836815358554
0.45021645021645
0.45021645021645
0.350079176861786
Gen 379
0.457971014492754
0.433111236589498
0.454869188782232
0.45021645021645
0.45021645021645
0.377142857142857
Gen 380
0.457971014492754
0.423401970010666
0.457971014492754
0.457971014492754
0.456109919066441
0.321555931990715
Gen 381
0.457971014492754
0.436517472865299
0.457971014492754
0.457971014492754
0.457971014492754
0.372156847982935
Gen 382
0.457971014492754
0.435706380575946
0.457971014492754
0.457971014492754
0.457971014492754
0.368912478825522
Gen 383
0.457971014492754
0.428993035949558
0.457971014492754
0.457971014492754
0.457971014492754
0.34205910031997
Gen 384
0.457971014492754
0.43474421230943
0.457971014492754
0.457971014492754
0.457971014492754
0.365063805759458
Gen 385
0.457971014492754
0.424403287533722
0.457971014492754
0.457971014492754
0.457971014492754
0.323700106656628
Gen 386
0.457971014492754
0.421735617039965
0.457971014492754
0.457971014492754
0.457971014492754
0.313029424681599
Gen 387
0.463203463203463
0.418022460631156
0.458180312441182
0.457971014492754
0.457971014492754
0.297967501097936
Gen 388
0.463203463203463
0.439662086705565
0.461529079616036
0.457971014492754
0.457971014492754
0.381177238220716
Gen 389
0.463203463203463
0.444821005081875
0.463203463203463
0.463203463203463
0.461319781667608
0.391557312252964
Gen 390
0.463203463203463
0.437999623564841
0.463203463203463
0.463203463203463
0.463203463203463
0.362388104648974
Gen 391
0.463203463203463
0.452434155216764
0.463203463203463
0.463203463203463
0.463203463203463
0.420126231256666
Gen 392
0.463203463203463
0.438093857832988
0.463203463203463
0.463203463203463
0.463203463203463
0.362765041721563
Gen 393
0.463203463203463
0.442004517221909
0.463203463203463
0.463203463203463
0.463203463203463
0.378407679277245
Gen 394
0.463203463203463
0.44449200075287
0.463203463203463
0.463203463203463
0.463203463203463
0.388357613401092
Gen 395
0.463203463203463
0.446754752493883
0.463203463203463
0.463203463203463
0.463203463203463
0.397408620365142
Gen 396
0.463203463203463
0.430910220214568
0.463203463203463
0.463203463203463
0.463203463203463
0.334030491247883
Gen 397
0.463203463203463
0.446035635861723
0.463203463203463
0.463203463203463
0.463203463203463
0.394532153836502
Gen 398
0.463203463203463
0.423200451722191
0.463203463203463
0.463203463203463
0.463203463203463
0.303191417278374
Gen 399
0.463203463203463
0.440690883995232
0.463203463203463
0.463203463203463
0.463203463203463
0.373153146370538
Gen 400
0.476190476190476
0.459904385469603
0.463722943722944
0.463203463203463
0.463203463203463
0.449487671748541
Gen 401
0.476190476190476
0.435101951188908
0.467359307359307
0.463203463203463
0.463203463203463
0.346641570989397
Gen 402
0.476190476190476
0.440686994165255
0.476190476190476
0.475497835497835
0.463203463203463
0.347856201769245
Gen 403
0.476190476190476
0.456676579459187
0.476190476190476
0.476190476190476
0.476190476190476
0.398134889265324
Gen 404
0.476190476190476
0.453124035384904
0.476190476190476
0.476190476190476
0.476190476190476
0.383924712968191
Gen 405
0.476190476190476
0.430659263441871
0.476190476190476
0.476190476190476
0.476190476190476
0.29406562519606
Gen 406
0.476190476190476
0.453852437417654
0.476190476190476
0.476190476190476
0.476190476190476
0.386838321099191
Gen 407
0.476190476190476
0.457884434406172
0.476190476190476
0.476190476190476
0.476190476190476
0.402966309053266
Gen 408
0.476190476190476
0.450379446640315
0.476190476190476
0.476190476190476
0.476190476190476
0.372946357989836
Gen 409
0.476190476190476
0.449474245561201
0.476190476190476
0.476190476190476
0.476190476190476
0.36932555367338
Gen 410
0.476190476190476
0.443610389610389
0.476190476190476
0.476190476190476
0.476190476190476
0.34587012987013
Gen 411
0.476190476190476
0.459780914737436
0.476190476190476
0.476190476190476
0.476190476190476
0.410552230378317
Gen 412
0.476190476190476
0.464842838321098
0.476190476190476
0.476190476190476
0.476190476190476
0.430799924712968
Gen 413
0.476190476190476
0.446117071334462
0.476190476190476
0.476190476190476
0.476190476190476
0.355896856766422
Gen 414
0.476190476190476
0.451902126858648
0.476190476190476
0.476190476190476
0.476190476190476
0.379037078863166
Gen 415
0.476190476190476
0.447237342367776
0.476190476190476
0.476190476190476
0.476190476190476
0.36037794089968
Gen 416
0.476190476190476
0.465502729154902
0.476190476190476
0.476190476190476
0.476190476190476
0.433439488048184
Gen 417
0.476190476190476
0.444085827216261
0.476190476190476
0.476190476190476
0.476190476190476
0.34777188029362
Gen 418
0.476190476190476
0.450823640127987
0.476190476190476
0.476190476190476
0.476190476190476
0.374723131940523
Gen 419
0.476190476190476
0.455668360624881
0.476190476190476
0.476190476190476
0.476190476190476
0.394102013928101
Gen 420
0.476190476190476
0.43610063366585
0.476190476190476
0.476190476190476
0.476190476190476
0.315831106091976
Gen 421
0.476190476190476
0.430301524562393
0.476190476190476
0.476190476190476
0.476190476190476
0.292634669678148
Gen 422
0.476190476190476
0.435478386347951
0.476190476190476
0.476190476190476
0.476190476190476
0.313342116820378
Gen 423
0.476190476190476
0.457280255975907
0.476190476190476
0.476190476190476
0.476190476190476
0.400549595332204
Gen 424
0.476190476190476
0.466138151703368
0.476190476190476
0.476190476190476
0.476190476190476
0.435981178242048
Gen 425
0.476190476190476
0.439819311123658
0.476190476190476
0.476190476190476
0.476190476190476
0.330705815923207
Gen 426
0.483091787439614
0.459717046238784
0.476466528640442
0.476190476190476
0.476190476190476
0.410020703933747
Gen 427
0.483091787439614
0.424703180877093
0.477846790890269
0.476190476190476
0.476190476190476
0.268584980237154
Gen 428
0.483091787439614
0.458113557939644
0.483091787439614
0.480888888888889
0.476190476190476
0.392283079239601
Gen 429
0.50048309178744
0.477907522429261
0.483787439613527
0.483091787439614
0.483091787439614
0.461659075224293
Gen 430
0.50048309178744
0.463482025221155
0.485874396135266
0.483091787439614
0.483091787439614
0.40187012987013
Gen 431
0.50048309178744
0.464156220591003
0.500483091787439
0.495613526570048
0.483091787439614
0.377436476566912
Gen 432
0.50048309178744
0.487757575757575
0.500483091787439
0.500483091787439
0.500483091787439
0.449581027667984
Gen 433
0.50048309178744
0.495814919380136
0.500483091787439
0.500483091787439
0.500483091787439
0.481810402158228
Gen 434
0.50048309178744
0.489848045674132
0.500483091787439
0.500483091787439
0.500483091787439
0.457942907334212
Gen 435
0.50048309178744
0.489900997553171
0.500483091787439
0.500483091787439
0.500483091787439
0.458154714850367
Gen 436
0.50048309178744
0.473540498149194
0.500483091787439
0.500483091787439
0.500483091787439
0.392712717234457
Gen 437
0.50048309178744
0.458130372043415
0.500483091787439
0.500483091787439
0.500483091787439
0.331072212811343
Gen 438
0.50048309178744
0.483845661584792
0.500483091787439
0.500483091787439
0.500483091787439
0.433933370976849
Gen 439
0.506493506493506
0.477784930045799
0.500723508375682
0.500483091787439
0.500483091787439
0.409450028232637
Gen 440
0.506493506493506
0.464332015810276
0.504089340611079
0.500483091787439
0.500483091787439
0.352272539055148
Gen 441
0.506493506493506
0.453156283330196
0.506493506493506
0.506493506493506
0.500878097747663
0.29876002258611
Gen 442
0.506493506493506
0.469529330572808
0.506493506493506
0.506493506493506
0.506493506493506
0.358636802810716
Gen 443
0.506493506493506
0.473794340924775
0.506493506493506
0.506493506493506
0.506493506493506
0.375696844218583
Gen 444
0.506493506493506
0.488836815358554
0.506493506493506
0.506493506493506
0.506493506493506
0.435866741953698
Gen 445
0.506493506493506
0.500156471547775
0.506493506493506
0.506493506493506
0.506493506493506
0.481145366710584
Gen 446
0.506493506493506
0.482638057594579
0.506493506493506
0.506493506493506
0.506493506493506
0.411071710897798
Gen 447
0.506493506493506
0.488036263253654
0.506493506493506
0.506493506493506
0.506493506493506
0.432664533534099
Gen 448
0.506493506493506
0.470340548340548
0.506493506493506
0.506493506493506
0.506493506493506
0.361881673881674
Gen 449
0.506493506493506
0.470176422611205
0.506493506493506
0.506493506493506
0.506493506493506
0.361225170964301
Gen 450
0.506493506493506
0.479583788192483
0.506493506493506
0.506493506493506
0.506493506493506
0.398854633289416
Gen 451
0.506493506493506
0.493560449212623
0.506493506493506
0.506493506493506
0.506493506493506
0.454761277369973
Gen 452
0.506493506493506
0.48645247506117
0.506493506493506
0.506493506493506
0.506493506493506
0.426329380764163
Gen 453
0.506493506493506
0.493592069765982
0.506493506493506
0.506493506493506
0.506493506493506
0.454887759583412
Gen 454
0.506493506493506
0.471305226174791
0.506493506493506
0.506493506493506
0.506493506493506
0.365740385218646
Gen 455
0.506493506493506
0.458198506807202
0.506493506493506
0.506493506493506
0.506493506493506
0.31331350774829
Gen 456
0.506493506493506
0.494067130936696
0.506493506493506
0.506493506493506
0.506493506493506
0.456788004266265
Gen 457
0.506493506493506
0.473763222284961
0.506493506493506
0.506493506493506
0.506493506493506
0.375572369659326
Gen 458
0.506493506493506
0.472961540874584
0.506493506493506
0.506493506493506
0.506493506493506
0.372365644017818
Gen 459
0.506493506493506
0.476055837881924
0.506493506493506
0.506493506493506
0.506493506493506
0.38474283204718
Gen 460
0.506493506493506
0.474203400464269
0.506493506493506
0.506493506493506
0.506493506493506
0.377333082376561
Gen 461
0.506493506493506
0.451394315829098
0.506493506493506
0.506493506493506
0.506493506493506
0.286096743835874
Gen 462
0.506493506493506
0.480041658824267
0.506493506493506
0.506493506493506
0.506493506493506
0.400686115816551
Gen 463
0.506493506493506
0.467754564276303
0.506493506493506
0.506493506493506
0.506493506493506
0.351537737624694
Gen 464
0.506493506493506
0.493062550975594
0.506493506493506
0.506493506493506
0.506493506493506
0.452769684421858
Gen 465
0.506493506493506
0.458705188531275
0.506493506493506
0.506493506493506
0.506493506493506
0.315340234644583
Gen 466
0.506493506493506
0.476499278499278
0.506493506493506
0.506493506493506
0.506493506493506
0.386516594516595
Gen 467
0.506493506493506
0.47548152330761
0.506493506493506
0.506493506493506
0.506493506493506
0.382445573749922
Gen 468
0.506493506493506
0.478468034381077
0.506493506493506
0.506493506493506
0.506493506493506
0.394391618043792
Gen 469
0.506493506493506
0.457885438233264
0.506493506493506
0.506493506493506
0.506493506493506
0.312061233452538
Gen 470
0.506493506493506
0.482370537674885
0.506493506493506
0.506493506493506
0.506493506493506
0.410001631219022
Gen 471
0.506493506493506
0.458079553296944
0.506493506493506
0.506493506493506
0.506493506493506
0.312837693707259
Gen 472
0.506493506493506
0.481174477696216
0.506493506493506
0.506493506493506
0.506493506493506
0.405217391304348
Gen 473
0.506493506493506
0.488204153334588
0.506493506493506
0.506493506493506
0.506493506493506
0.433336093857833
Gen 474
0.506493506493506
0.464981742894786
0.506493506493506
0.506493506493506
0.506493506493506
0.340446452098626
Gen 475
0.506493506493506
0.476666415709893
0.506493506493506
0.506493506493506
0.506493506493506
0.387185143359056
Gen 476
0.506493506493506
0.475483405483405
0.506493506493506
0.506493506493506
0.506493506493506
0.382453102453102
Gen 477
0.506493506493506
0.465761214630779
0.506493506493506
0.506493506493506
0.506493506493506
0.3435643390426
Gen 478
0.506493506493506
0.47367940272288
0.506493506493506
0.506493506493506
0.506493506493506
0.375237091411004
Gen 479
0.506493506493506
0.492648848735805
0.506493506493506
0.506493506493506
0.506493506493506
0.451114875462701
Gen 480
0.506493506493506
0.485270594140159
0.506493506493506
0.506493506493506
0.506493506493506
0.421601857080118
Gen 481
0.506493506493506
0.49271221532091
0.506493506493506
0.506493506493506
0.506493506493506
0.451368341803124
Gen 482
0.506493506493506
0.479447895100068
0.506493506493506
0.506493506493506
0.506493506493506
0.398311060919757
Gen 483
0.506493506493506
0.489074471422297
0.506493506493506
0.506493506493506
0.506493506493506
0.43681736620867
Gen 484
0.506493506493506
0.480588995545517
0.506493506493506
0.506493506493506
0.506493506493506
0.40287546270155
Gen 485
0.506493506493506
0.468195244369157
0.506493506493506
0.506493506493506
0.506493506493506
0.35330045799611
Gen 486
0.506493506493506
0.491080996298387
0.506493506493506
0.506493506493506
0.506493506493506
0.444843465713031
Gen 487
0.506493506493506
0.474244055461446
0.506493506493506
0.506493506493506
0.506493506493506
0.377495702365268
Gen 488
0.506493506493506
0.492011418533157
0.506493506493506
0.506493506493506
0.506493506493506
0.448565154652111
Gen 489
0.506493506493506
0.482677206851119
0.506493506493506
0.506493506493506
0.506493506493506
0.41122830792396
Gen 490
0.506493506493506
0.473506368028107
0.506493506493506
0.506493506493506
0.506493506493506
0.374544952631909
Gen 491
0.506493506493506
0.486751991969383
0.506493506493506
0.506493506493506
0.506493506493506
0.427527448397013
Gen 492
0.506493506493506
0.463517661082878
0.506493506493506
0.506493506493506
0.506493506493506
0.334590124850994
Gen 493
0.506493506493506
0.482554112554112
0.506493506493506
0.506493506493506
0.506493506493506
0.410735930735931
Gen 494
0.506493506493506
0.487305979045109
0.506493506493506
0.506493506493506
0.506493506493506
0.429743396699918
Gen 495
0.506493506493506
0.483995608256477
0.506493506493506
0.506493506493506
0.506493506493506
0.416501913545392
Gen 496
0.506493506493506
0.474861785557437
0.506493506493506
0.506493506493506
0.506493506493506
0.379966622749231
Gen 497
0.506493506493506
0.47233427442123
0.506493506493506
0.506493506493506
0.506493506493506
0.369856578204404
Gen 498
0.506493506493506
0.486560637430202
0.506493506493506
0.506493506493506
0.506493506493506
0.426762030240291
Gen 499
0.506493506493506
0.483264696656
0.506493506493506
0.506493506493506
0.506493506493506
0.413578267143485
Gen 500
0.506493506493506
0.471547273982056
0.506493506493506
0.506493506493506
0.506493506493506
0.366708576447707
