Gen 1
0.181818181818182
0.00694033502729155
0.0277613401091662
0
0
0
Gen 2
0.181818181818182
0.0446612710960537
0.11818759018759
0.0519982433025911
0.0084592508940335
0
Gen 3
0.181818181818182
0.126235899366334
0.181818181818182
0.18025974025974
0.0966936445197315
0.0461720308676831
Gen 4
0.181818181818182
0.181207729468599
0.181818181818182
0.181818181818182
0.181818181818182
0.179376372419851
Gen 5
0.181818181818182
0.173402346445825
0.181818181818182
0.181818181818182
0.181818181818182
0.148154840328753
Gen 6
0.181818181818182
0.177272727272727
0.181818181818182
0.181818181818182
0.181818181818182
0.163636363636364
Gen 7
0.186147186147186
0.181861471861472
0.181991341991342
0.181818181818182
0.181818181818182
0.181818181818182
Gen 8
0.186147186147186
0.177637492941841
0.183203463203463
0.181818181818182
0.181818181818182
0.163710144927536
Gen 9
0.186147186147186
0.177792207792208
0.186147186147186
0.186147186147186
0.182510822510822
0.156363636363636
Gen 10
0.212121212121212
0.183679653679654
0.187186147186147
0.186147186147186
0.186147186147186
0.175238095238095
Gen 11
0.212121212121212
0.186796536796537
0.203809523809524
0.186147186147186
0.186147186147186
0.171082251082251
Gen 12
0.212121212121212
0.20021645021645
0.212121212121212
0.212121212121212
0.211428571428571
0.165194805194805
Gen 13
0.212121212121212
0.20982683982684
0.212121212121212
0.212121212121212
0.212121212121212
0.202943722943723
Gen 14
0.212121212121212
0.209945793337098
0.212121212121212
0.212121212121212
0.212121212121212
0.203419536984754
Gen 15
0.212121212121212
0.211255411255411
0.212121212121212
0.212121212121212
0.212121212121212
0.208658008658009
Gen 16
0.212121212121212
0.20974025974026
0.212121212121212
0.212121212121212
0.212121212121212
0.202597402597402
Gen 17
0.212121212121212
0.212121212121212
0.212121212121212
0.212121212121212
0.212121212121212
0.212121212121212
Gen 18
0.212121212121212
0.207527322918627
0.212121212121212
0.212121212121212
0.212121212121212
0.193745655310873
Gen 19
0.212121212121212
0.20982683982684
0.212121212121212
0.212121212121212
0.212121212121212
0.202943722943723
Gen 20
0.212121212121212
0.212121212121212
0.212121212121212
0.212121212121212
0.212121212121212
0.212121212121212
Gen 21
0.212121212121212
0.21030303030303
0.212121212121212
0.212121212121212
0.212121212121212
0.204848484848485
Gen 22
0.212121212121212
0.211082251082251
0.212121212121212
0.212121212121212
0.212121212121212
0.207965367965368
Gen 23
0.212121212121212
0.208650479954828
0.212121212121212
0.212121212121212
0.212121212121212
0.198238283455675
Gen 24
0.212121212121212
0.211861471861472
0.212121212121212
0.212121212121212
0.212121212121212
0.211082251082251
Gen 25
0.212121212121212
0.205757575757576
0.212121212121212
0.212121212121212
0.212121212121212
0.186666666666667
Gen 26
0.212121212121212
0.209648535039839
0.212121212121212
0.212121212121212
0.212121212121212
0.202230503795721
Gen 27
0.212121212121212
0.21103143233578
0.212121212121212
0.212121212121212
0.212121212121212
0.207762092979484
Gen 28
0.212121212121212
0.207878787878788
0.212121212121212
0.212121212121212
0.212121212121212
0.195151515151515
Gen 29
0.216450216450216
0.206190476190476
0.212294372294372
0.212121212121212
0.212121212121212
0.188225108225108
Gen 30
0.216450216450216
0.21034632034632
0.213679653679654
0.212121212121212
0.212121212121212
0.203463203463203
Gen 31
0.233766233766234
0.212770562770562
0.217142857142857
0.216450216450216
0.213852813852814
0.203636363636364
Gen 32
0.233766233766234
0.219004329004329
0.228225108225108
0.216450216450216
0.216450216450216
0.214891774891775
Gen 33
0.233766233766234
0.225064935064935
0.233766233766234
0.233766233766234
0.233766233766234
0.198961038961039
Gen 34
0.233766233766234
0.226753246753246
0.233766233766234
0.233766233766234
0.233766233766234
0.205714285714286
Gen 35
0.233766233766234
0.228744588744588
0.233766233766234
0.233766233766234
0.233766233766234
0.213679653679654
Gen 36
0.233766233766234
0.229680532028358
0.233766233766234
0.233766233766234
0.233766233766234
0.217423426814731
Gen 37
0.233766233766234
0.23021645021645
0.233766233766234
0.233766233766234
0.233766233766234
0.2195670995671
Gen 38
0.233766233766234
0.228917748917749
0.233766233766234
0.233766233766234
0.233766233766234
0.214372294372294
Gen 39
0.233766233766234
0.23064935064935
0.233766233766234
0.233766233766234
0.233766233766234
0.221298701298701
Gen 40
0.233766233766234
0.227135328439676
0.233766233766234
0.233766233766234
0.233766233766234
0.207242612460004
Gen 41
0.233766233766234
0.227142857142857
0.233766233766234
0.233766233766234
0.233766233766234
0.207272727272727
Gen 42
0.233766233766234
0.232987012987013
0.233766233766234
0.233766233766234
0.233766233766234
0.230649350649351
Gen 43
0.233766233766234
0.231385281385281
0.233766233766234
0.233766233766234
0.233766233766234
0.224242424242424
Gen 44
0.233766233766234
0.233766233766233
0.233766233766234
0.233766233766234
0.233766233766234
0.233766233766234
Gen 45
0.233766233766234
0.231948051948052
0.233766233766234
0.233766233766234
0.233766233766234
0.226493506493506
Gen 46
0.233766233766234
0.226320346320346
0.233766233766234
0.233766233766234
0.233766233766234
0.203982683982684
Gen 47
0.233766233766234
0.229090909090909
0.233766233766234
0.233766233766234
0.233766233766234
0.215064935064935
Gen 48
0.233766233766234
0.229090909090909
0.233766233766234
0.233766233766234
0.233766233766234
0.215064935064935
Gen 49
0.233766233766234
0.233549783549783
0.233766233766234
0.233766233766234
0.233766233766234
0.232900432900433
Gen 50
0.233766233766234
0.231385281385281
0.233766233766234
0.233766233766234
0.233766233766234
0.224242424242424
Gen 51
0.233766233766234
0.231255411255411
0.233766233766234
0.233766233766234
0.233766233766234
0.223722943722944
Gen 52
0.233766233766234
0.229523809523809
0.233766233766234
0.233766233766234
0.233766233766234
0.216796536796537
Gen 53
0.233766233766234
0.225974025974026
0.233766233766234
0.233766233766234
0.233766233766234
0.202597402597403
Gen 54
0.233766233766234
0.232554112554112
0.233766233766234
0.233766233766234
0.233766233766234
0.228917748917749
Gen 55
0.233766233766234
0.233679653679653
0.233766233766234
0.233766233766234
0.233766233766234
0.233419913419913
Gen 56
0.233766233766234
0.227922077922078
0.233766233766234
0.233766233766234
0.233766233766234
0.21038961038961
Gen 57
0.233766233766234
0.229558065123282
0.233766233766234
0.233766233766234
0.233766233766234
0.216933559194429
Gen 58
0.233766233766234
0.231428571428571
0.233766233766234
0.233766233766234
0.233766233766234
0.224415584415584
Gen 59
0.233766233766234
0.229090909090909
0.233766233766234
0.233766233766234
0.233766233766234
0.215064935064935
Gen 60
0.233766233766234
0.228917748917749
0.233766233766234
0.233766233766234
0.233766233766234
0.214372294372294
Gen 61
0.233766233766234
0.225800865800866
0.233766233766234
0.233766233766234
0.233766233766234
0.201904761904762
Gen 62
0.233766233766234
0.228614718614718
0.233766233766234
0.233766233766234
0.233766233766234
0.213160173160173
Gen 63
0.233766233766234
0.231212121212121
0.233766233766234
0.233766233766234
0.233766233766234
0.223549783549784
Gen 64
0.233766233766234
0.231601731601731
0.233766233766234
0.233766233766234
0.233766233766234
0.225108225108225
Gen 65
0.233766233766234
0.231818181818181
0.233766233766234
0.233766233766234
0.233766233766234
0.225974025974026
Gen 66
0.233766233766234
0.22987012987013
0.233766233766234
0.233766233766234
0.233766233766234
0.218181818181818
Gen 67
0.233766233766234
0.222947487295313
0.233766233766234
0.233766233766234
0.233766233766234
0.190491247882552
Gen 68
0.233766233766234
0.224285714285714
0.233766233766234
0.233766233766234
0.233766233766234
0.195844155844156
Gen 69
0.233766233766234
0.233766233766233
0.233766233766234
0.233766233766234
0.233766233766234
0.233766233766234
Gen 70
0.233766233766234
0.231428571428571
0.233766233766234
0.233766233766234
0.233766233766234
0.224415584415584
Gen 71
0.233766233766234
0.227869753434971
0.233766233766234
0.233766233766234
0.233766233766234
0.210180312441182
Gen 72
0.233766233766234
0.232554112554112
0.233766233766234
0.233766233766234
0.233766233766234
0.228917748917749
Gen 73
0.233766233766234
0.2304329004329
0.233766233766234
0.233766233766234
0.233766233766234
0.2204329004329
Gen 74
0.233766233766234
0.23021645021645
0.233766233766234
0.233766233766234
0.233766233766234
0.2195670995671
Gen 75
0.233766233766234
0.227142857142857
0.233766233766234
0.233766233766234
0.233766233766234
0.207272727272727
Gen 76
0.233766233766234
0.231428571428571
0.233766233766234
0.233766233766234
0.233766233766234
0.224415584415584
Gen 77
0.233766233766234
0.229653679653679
0.233766233766234
0.233766233766234
0.233766233766234
0.217316017316017
Gen 78
0.233766233766234
0.22982683982684
0.233766233766234
0.233766233766234
0.233766233766234
0.218008658008658
Gen 79
0.233766233766234
0.224805194805195
0.233766233766234
0.233766233766234
0.233766233766234
0.197922077922078
Gen 80
0.233766233766234
0.227186147186147
0.233766233766234
0.233766233766234
0.233766233766234
0.207445887445887
Gen 81
0.233766233766234
0.229307359307359
0.233766233766234
0.233766233766234
0.233766233766234
0.215930735930736
Gen 82
0.233766233766234
0.227402597402597
0.233766233766234
0.233766233766234
0.233766233766234
0.208311688311688
Gen 83
0.233766233766234
0.224667795972144
0.233766233766234
0.233766233766234
0.233766233766234
0.197372482589874
Gen 84
0.233766233766234
0.23060606060606
0.233766233766234
0.233766233766234
0.233766233766234
0.221125541125541
Gen 85
0.233766233766234
0.233549783549783
0.233766233766234
0.233766233766234
0.233766233766234
0.232900432900433
Gen 86
0.233766233766234
0.233766233766233
0.233766233766234
0.233766233766234
0.233766233766234
0.233766233766234
Gen 87
0.233766233766234
0.232943722943723
0.233766233766234
0.233766233766234
0.233766233766234
0.230476190476191
Gen 88
0.233766233766234
0.224675073718552
0.233766233766234
0.233766233766234
0.233766233766234
0.197401593575507
Gen 89
0.233766233766234
0.229480519480519
0.233766233766234
0.233766233766234
0.233766233766234
0.216623376623377
Gen 90
0.233766233766234
0.226973461321287
0.233766233766234
0.233766233766234
0.233766233766234
0.206595143986448
Gen 91
0.233766233766234
0.231038961038961
0.233766233766234
0.233766233766234
0.233766233766234
0.222857142857143
Gen 92
0.233766233766234
0.229090909090909
0.233766233766234
0.233766233766234
0.233766233766234
0.215064935064935
Gen 93
0.233766233766234
0.232164502164502
0.233766233766234
0.233766233766234
0.233766233766234
0.227359307359307
Gen 94
0.233766233766234
0.226666666666666
0.233766233766234
0.233766233766234
0.233766233766234
0.205367965367965
Gen 95
0.233766233766234
0.231341991341991
0.233766233766234
0.233766233766234
0.233766233766234
0.224069264069264
Gen 96
0.233766233766234
0.233549783549783
0.233766233766234
0.233766233766234
0.233766233766234
0.232900432900433
Gen 97
0.233766233766234
0.231428571428571
0.233766233766234
0.233766233766234
0.233766233766234
0.224415584415584
Gen 98
0.233766233766234
0.224451345755693
0.233766233766234
0.233766233766234
0.233766233766234
0.196506681724073
Gen 99
0.233766233766234
0.228831168831169
0.233766233766234
0.233766233766234
0.233766233766234
0.214025974025974
Gen 100
0.25974025974026
0.234025974025974
0.234805194805195
0.233766233766234
0.233766233766234
0.233766233766234
Gen 101
0.25974025974026
0.23051948051948
0.237922077922078
0.233766233766234
0.233766233766234
0.216623376623377
Gen 102
0.25974025974026
0.233416400025095
0.25974025974026
0.241038961038961
0.233766233766234
0.199120145554928
Gen 103
0.25974025974026
0.248268398268398
0.25974025974026
0.25974025974026
0.25974025974026
0.213852813852814
Gen 104
0.25974025974026
0.242467532467532
0.25974025974026
0.25974025974026
0.25974025974026
0.190649350649351
Gen 105
0.25974025974026
0.248701298701298
0.25974025974026
0.25974025974026
0.25974025974026
0.215584415584416
Gen 106
0.25974025974026
0.244805194805195
0.25974025974026
0.25974025974026
0.25974025974026
0.2
Gen 107
0.25974025974026
0.259350649350649
0.25974025974026
0.25974025974026
0.25974025974026
0.258181818181818
Gen 108
0.25974025974026
0.254285714285714
0.25974025974026
0.25974025974026
0.25974025974026
0.237922077922078
Gen 109
0.25974025974026
0.259480519480519
0.25974025974026
0.25974025974026
0.25974025974026
0.258701298701299
Gen 110
0.25974025974026
0.255844155844156
0.25974025974026
0.25974025974026
0.25974025974026
0.244155844155844
Gen 111
0.25974025974026
0.255281385281385
0.25974025974026
0.25974025974026
0.25974025974026
0.241904761904762
Gen 112
0.25974025974026
0.244805194805195
0.25974025974026
0.25974025974026
0.25974025974026
0.2
Gen 113
0.25974025974026
0.257099567099567
0.25974025974026
0.25974025974026
0.25974025974026
0.249177489177489
Gen 114
0.272727272727273
0.257316017316017
0.26025974025974
0.25974025974026
0.25974025974026
0.249523809523809
Gen 115
0.272727272727273
0.261168831168831
0.266493506493506
0.25974025974026
0.25974025974026
0.258701298701299
Gen 116
0.272727272727273
0.25991341991342
0.272727272727273
0.272727272727273
0.268051948051948
0.226147186147186
Gen 117
0.307359307359307
0.265981178242048
0.274112554112554
0.272727272727273
0.272727272727273
0.244357613401092
Gen 118
0.307359307359307
0.267056277056277
0.287965367965368
0.272727272727273
0.272727272727273
0.234805194805195
Gen 119
0.307359307359307
0.281255411255412
0.307359307359308
0.307359307359308
0.282424242424242
0.227878787878788
Gen 120
0.307359307359307
0.29658648597779
0.307359307359308
0.307359307359308
0.307359307359308
0.264268021833239
Gen 121
0.307359307359307
0.302344061735366
0.307359307359308
0.307359307359308
0.307359307359308
0.287298324863542
Gen 122
0.307359307359307
0.281082251082251
0.307359307359308
0.307359307359308
0.307359307359308
0.202251082251082
Gen 123
0.307359307359307
0.296406926406926
0.307359307359308
0.307359307359308
0.307359307359308
0.263549783549784
Gen 124
0.307359307359307
0.301525817177991
0.307359307359308
0.307359307359308
0.307359307359308
0.284025346634042
Gen 125
0.307359307359307
0.303766233766233
0.307359307359308
0.307359307359308
0.307359307359308
0.292987012987013
Gen 126
0.307359307359307
0.291867871259175
0.307359307359308
0.307359307359308
0.307359307359308
0.24539356295878
Gen 127
0.307359307359307
0.303073593073593
0.307359307359308
0.307359307359308
0.307359307359308
0.29021645021645
Gen 128
0.307359307359307
0.293203463203463
0.307359307359308
0.307359307359308
0.307359307359308
0.250735930735931
Gen 129
0.307359307359307
0.278571428571428
0.307359307359308
0.307359307359308
0.307359307359308
0.192207792207792
Gen 130
0.307359307359307
0.304069264069264
0.307359307359308
0.307359307359308
0.307359307359308
0.294199134199134
Gen 131
0.307359307359307
0.301731601731601
0.307359307359308
0.307359307359308
0.307359307359308
0.284848484848485
Gen 132
0.307359307359307
0.299480519480519
0.307359307359308
0.307359307359308
0.307359307359308
0.275844155844156
Gen 133
0.307359307359307
0.296937072589246
0.307359307359308
0.307359307359308
0.307359307359308
0.265670368279064
Gen 134
0.307359307359307
0.297922077922077
0.307359307359308
0.307359307359308
0.307359307359308
0.26961038961039
Gen 135
0.307359307359307
0.295677395068699
0.307359307359308
0.307359307359308
0.307359307359308
0.260631658196876
Gen 136
0.307359307359307
0.298441558441558
0.307359307359308
0.307359307359308
0.307359307359308
0.271688311688312
Gen 137
0.307359307359307
0.298354978354978
0.307359307359308
0.307359307359308
0.307359307359308
0.271341991341991
Gen 138
0.307359307359307
0.302251082251082
0.307359307359308
0.307359307359308
0.307359307359308
0.286926406926407
Gen 139
0.307359307359307
0.302690382081686
0.307359307359308
0.307359307359308
0.307359307359308
0.288683606248824
Gen 140
0.307359307359307
0.306580086580086
0.307359307359308
0.307359307359308
0.307359307359308
0.304242424242424
Gen 141
0.307359307359307
0.304285714285714
0.307359307359308
0.307359307359308
0.307359307359308
0.295064935064935
Gen 142
0.307359307359307
0.289177489177489
0.307359307359308
0.307359307359308
0.307359307359308
0.234632034632035
Gen 143
0.311688311688312
0.302203776899429
0.307532467532468
0.307359307359308
0.307359307359308
0.286564025346634
Gen 144
0.311688311688312
0.296147186147186
0.308744588744589
0.307359307359308
0.307359307359308
0.261125541125541
Gen 145
0.311688311688312
0.30064935064935
0.311688311688312
0.311688311688312
0.309090909090909
0.27012987012987
Gen 146
0.311688311688312
0.304632034632034
0.311688311688312
0.311688311688312
0.311688311688312
0.283463203463204
Gen 147
0.311688311688312
0.311212121212121
0.311688311688312
0.311688311688312
0.311688311688312
0.30978354978355
Gen 148
0.311688311688312
0.293290043290043
0.311688311688312
0.311688311688312
0.311688311688312
0.238095238095238
Gen 149
0.311688311688312
0.298051948051948
0.311688311688312
0.311688311688312
0.311688311688312
0.257142857142857
Gen 150
0.311688311688312
0.308008658008657
0.311688311688312
0.311688311688312
0.311688311688312
0.296969696969697
Gen 151
0.311688311688312
0.304891774891774
0.311688311688312
0.311688311688312
0.311688311688312
0.284502164502165
Gen 152
0.311688311688312
0.30095238095238
0.311688311688312
0.311688311688312
0.311688311688312
0.268744588744589
Gen 153
0.311688311688312
0.30073593073593
0.311688311688312
0.311688311688312
0.311688311688312
0.267878787878788
Gen 154
0.311688311688312
0.307229437229437
0.311688311688312
0.311688311688312
0.311688311688312
0.293852813852814
Gen 155
0.311688311688312
0.299740259740259
0.311688311688312
0.311688311688312
0.311688311688312
0.263896103896104
Gen 156
0.311688311688312
0.306666666666666
0.311688311688312
0.311688311688312
0.311688311688312
0.291601731601732
Gen 157
0.311688311688312
0.308051948051948
0.311688311688312
0.311688311688312
0.311688311688312
0.297142857142857
Gen 158
0.311688311688312
0.302857142857142
0.311688311688312
0.311688311688312
0.311688311688312
0.276363636363636
Gen 159
0.311688311688312
0.301991341991341
0.311688311688312
0.311688311688312
0.311688311688312
0.272900432900433
Gen 160
0.311688311688312
0.302727272727272
0.311688311688312
0.311688311688312
0.311688311688312
0.275844155844156
Gen 161
0.311688311688312
0.304675324675324
0.311688311688312
0.311688311688312
0.311688311688312
0.283636363636364
Gen 162
0.311688311688312
0.305541125541125
0.311688311688312
0.311688311688312
0.311688311688312
0.287099567099567
Gen 163
0.311688311688312
0.303503231068448
0.311688311688312
0.311688311688312
0.311688311688312
0.278947989208859
Gen 164
0.311688311688312
0.307792207792207
0.311688311688312
0.311688311688312
0.311688311688312
0.296103896103896
Gen 165
0.311688311688312
0.294911725955204
0.311688311688312
0.311688311688312
0.311688311688312
0.244581968755882
Gen 166
0.311688311688312
0.304155844155844
0.311688311688312
0.311688311688312
0.311688311688312
0.281558441558442
Gen 167
0.311688311688312
0.30004329004329
0.311688311688312
0.311688311688312
0.311688311688312
0.265108225108225
Gen 168
0.311688311688312
0.298441558441558
0.311688311688312
0.311688311688312
0.311688311688312
0.258701298701299
Gen 169
0.311688311688312
0.302640692640692
0.311688311688312
0.311688311688312
0.311688311688312
0.275497835497836
Gen 170
0.311688311688312
0.294415584415584
0.311688311688312
0.311688311688312
0.311688311688312
0.242597402597403
Gen 171
0.311688311688312
0.298528138528138
0.311688311688312
0.311688311688312
0.311688311688312
0.259047619047619
Gen 172
0.311688311688312
0.302683982683982
0.311688311688312
0.311688311688312
0.311688311688312
0.275670995670996
Gen 173
0.311688311688312
0.300823514649601
0.311688311688312
0.311688311688312
0.311688311688312
0.268229123533471
Gen 174
0.311688311688312
0.300386347951565
0.311688311688312
0.311688311688312
0.311688311688312
0.266480456741326
Gen 175
0.311688311688312
0.306147186147186
0.311688311688312
0.311688311688312
0.311688311688312
0.28952380952381
Gen 176
0.311688311688312
0.297359307359307
0.311688311688312
0.311688311688312
0.311688311688312
0.254372294372294
Gen 177
0.311688311688312
0.304045925089403
0.311688311688312
0.311688311688312
0.311688311688312
0.281118765292678
Gen 178
0.311688311688312
0.306406926406926
0.311688311688312
0.311688311688312
0.311688311688312
0.290562770562771
Gen 179
0.311688311688312
0.302294372294372
0.311688311688312
0.311688311688312
0.311688311688312
0.274112554112554
Gen 180
0.311688311688312
0.298095238095238
0.311688311688312
0.311688311688312
0.311688311688312
0.257316017316017
Gen 181
0.311688311688312
0.305238095238095
0.311688311688312
0.311688311688312
0.311688311688312
0.285887445887446
Gen 182
0.311688311688312
0.30095238095238
0.311688311688312
0.311688311688312
0.311688311688312
0.268744588744589
Gen 183
0.311688311688312
0.305324675324675
0.311688311688312
0.311688311688312
0.311688311688312
0.286233766233766
Gen 184
0.311688311688312
0.304805194805194
0.311688311688312
0.311688311688312
0.311688311688312
0.284155844155844
Gen 185
0.311688311688312
0.297359307359307
0.311688311688312
0.311688311688312
0.311688311688312
0.254372294372294
Gen 186
0.311688311688312
0.306709956709956
0.311688311688312
0.311688311688312
0.311688311688312
0.291774891774892
Gen 187
0.311688311688312
0.302683982683982
0.311688311688312
0.311688311688312
0.311688311688312
0.275670995670996
Gen 188
0.311688311688312
0.30060606060606
0.311688311688312
0.311688311688312
0.311688311688312
0.267359307359307
Gen 189
0.311688311688312
0.306536796536796
0.311688311688312
0.311688311688312
0.311688311688312
0.291082251082251
Gen 190
0.311688311688312
0.303506493506493
0.311688311688312
0.311688311688312
0.311688311688312
0.278961038961039
Gen 191
0.311688311688312
0.311471861471861
0.311688311688312
0.311688311688312
0.311688311688312
0.310822510822511
Gen 192
0.311688311688312
0.298907961603613
0.311688311688312
0.311688311688312
0.311688311688312
0.26056691134952
Gen 193
0.311688311688312
0.307575757575757
0.311688311688312
0.311688311688312
0.311688311688312
0.295238095238095
Gen 194
0.311688311688312
0.303203463203463
0.311688311688312
0.311688311688312
0.311688311688312
0.277748917748918
