Gen 1
0.00865800865800866
1E-10
1E-10
1E-10
1E-10
1E-10
1E-10
1E-10
1E-10
1E-10
1E-10
1E-10
1E-10
1E-10
1E-10
1E-10
1E-10
1E-10
1E-10
1E-10
Gen 2
0.00865800865800866
0.00865800865800866
1E-10
1E-10
1E-10
1E-10
1E-10
1E-10
1E-10
1E-10
1E-10
1E-10
1E-10
1E-10
1E-10
1E-10
1E-10
1E-10
1E-10
1E-10
Gen 3
0.00865800865800866
0.00865800865800866
1E-10
1E-10
1E-10
1E-10
1E-10
1E-10
1E-10
1E-10
1E-10
1E-10
1E-10
1E-10
1E-10
1E-10
1E-10
1E-10
1E-10
1E-10
Gen 4
0.0303030303030303
0.0303030303030303
0.0115942028985507
0.0115942028985507
0.0115942028985507
0.00865800865800866
0.00865800865800866
0.00483091787439614
1E-10
1E-10
1E-10
1E-10
1E-10
1E-10
1E-10
1E-10
1E-10
1E-10
1E-10
1E-10
Gen 5
0.0303030303030303
0.0303030303030303
0.0115942028985507
0.0115942028985507
0.0115942028985507
0.00865800865800866
1E-10
1E-10
1E-10
1E-10
1E-10
1E-10
1E-10
1E-10
1E-10
1E-10
1E-10
1E-10
1E-10
1E-10
Gen 6
0.0303030303030303
0.0303030303030303
1E-10
1E-10
1E-10
1E-10
1E-10
1E-10
1E-10
1E-10
1E-10
1E-10
1E-10
1E-10
1E-10
1E-10
1E-10
1E-10
1E-10
1E-10
Gen 7
0.0303030303030303
0.0303030303030303
1E-10
1E-10
1E-10
1E-10
1E-10
1E-10
1E-10
1E-10
1E-10
1E-10
1E-10
1E-10
1E-10
1E-10
1E-10
1E-10
1E-10
1E-10
Gen 8
0.0303030303030303
0.0303030303030303
0.0303030303030303
1E-10
1E-10
1E-10
1E-10
1E-10
1E-10
1E-10
1E-10
1E-10
1E-10
1E-10
1E-10
1E-10
1E-10
1E-10
1E-10
1E-10
Gen 9
0.101449275362319
0.0303030303030303
0.0303030303030303
1E-10
1E-10
1E-10
1E-10
1E-10
1E-10
1E-10
1E-10
1E-10
1E-10
1E-10
1E-10
1E-10
1E-10
1E-10
1E-10
1E-10
Gen 10
0.101449275362319
0.0303030303030303
0.0303030303030303
1E-10
1E-10
1E-10
1E-10
1E-10
1E-10
1E-10
1E-10
1E-10
1E-10
1E-10
1E-10
1E-10
1E-10
1E-10
1E-10
1E-10
Gen 11
1E-10
1E-10
1E-10
1E-10
1E-10
1E-10
1E-10
1E-10
1E-10
1E-10
1E-10
1E-10
1E-10
1E-10
1E-10
1E-10
1E-10
1E-10
1E-10
1E-10
Gen 12
1E-10
1E-10
1E-10
1E-10
1E-10
1E-10
1E-10
1E-10
1E-10
1E-10
1E-10
1E-10
1E-10
1E-10
1E-10
1E-10
1E-10
1E-10
1E-10
1E-10
Gen 13
1E-10
1E-10
1E-10
1E-10
1E-10
1E-10
1E-10
1E-10
1E-10
1E-10
1E-10
1E-10
1E-10
1E-10
1E-10
1E-10
1E-10
1E-10
1E-10
1E-10
Gen 14
1E-10
1E-10
1E-10
1E-10
1E-10
1E-10
1E-10
1E-10
1E-10
1E-10
1E-10
1E-10
1E-10
1E-10
1E-10
1E-10
1E-10
1E-10
1E-10
1E-10
Gen 15
0.0909090909090909
0.0909090909090909
1E-10
1E-10
1E-10
1E-10
1E-10
1E-10
1E-10
1E-10
1E-10
1E-10
1E-10
1E-10
1E-10
1E-10
1E-10
1E-10
1E-10
1E-10
Gen 16
0.0909090909090909
0.0909090909090909
1E-10
1E-10
1E-10
1E-10
1E-10
1E-10
1E-10
1E-10
1E-10
1E-10
1E-10
1E-10
1E-10
1E-10
1E-10
1E-10
1E-10
1E-10
Gen 17
0.0909090909090909
0.0909090909090909
0.000966183574879227
1E-10
1E-10
1E-10
1E-10
1E-10
1E-10
1E-10
1E-10
1E-10
1E-10
1E-10
1E-10
1E-10
1E-10
1E-10
1E-10
1E-10
Gen 18
0.0909090909090909
0.0909090909090909
0.0241545893719807
1E-10
1E-10
1E-10
1E-10
1E-10
1E-10
1E-10
1E-10
1E-10
1E-10
1E-10
1E-10
1E-10
1E-10
1E-10
1E-10
1E-10
Gen 19
0.0909090909090909
0.0909090909090909
1E-10
1E-10
1E-10
1E-10
1E-10
1E-10
1E-10
1E-10
1E-10
1E-10
1E-10
1E-10
1E-10
1E-10
1E-10
1E-10
1E-10
1E-10
Gen 20
0.0909090909090909
0.0909090909090909
0.0303030303030303
0.0303030303030303
0.0303030303030303
1E-10
1E-10
1E-10
1E-10
1E-10
1E-10
1E-10
1E-10
1E-10
1E-10
1E-10
1E-10
1E-10
1E-10
1E-10
Gen 21
0.0909090909090909
0.0909090909090909
0.0303030303030303
0.0303030303030303
0.0303030303030303
1E-10
1E-10
1E-10
1E-10
1E-10
1E-10
1E-10
1E-10
1E-10
1E-10
1E-10
1E-10
1E-10
1E-10
1E-10
Gen 22
0.0909090909090909
0.0909090909090909
0.0303030303030303
0.0303030303030303
0.0303030303030303
1E-10
1E-10
1E-10
1E-10
1E-10
1E-10
1E-10
1E-10
1E-10
1E-10
1E-10
1E-10
1E-10
1E-10
1E-10
Gen 23
0.0909090909090909
0.0909090909090909
0.0303030303030303
0.0303030303030303
0.0303030303030303
0.0135265700483092
0.00772946859903382
1E-10
1E-10
1E-10
1E-10
1E-10
1E-10
1E-10
1E-10
1E-10
1E-10
1E-10
1E-10
1E-10
Gen 24
0.0909090909090909
0.0909090909090909
1E-10
1E-10
1E-10
1E-10
1E-10
1E-10
1E-10
1E-10
1E-10
1E-10
1E-10
1E-10
1E-10
1E-10
1E-10
1E-10
1E-10
1E-10
Gen 25
0.0909090909090909
0.0909090909090909
1E-10
1E-10
1E-10
1E-10
1E-10
1E-10
1E-10
1E-10
1E-10
1E-10
1E-10
1E-10
1E-10
1E-10
1E-10
1E-10
1E-10
1E-10
Gen 26
0.0909090909090909
0.0909090909090909
0.038961038961039
0.038961038961039
0.038961038961039
0.038961038961039
1E-10
1E-10
1E-10
1E-10
1E-10
1E-10
1E-10
1E-10
1E-10
1E-10
1E-10
1E-10
1E-10
1E-10
Gen 27
0.0909090909090909
0.0909090909090909
0.0476190476190476
0.0476190476190476
0.038961038961039
0.038961038961039
0.038961038961039
0.038961038961039
1E-10
1E-10
1E-10
1E-10
1E-10
1E-10
1E-10
1E-10
1E-10
1E-10
1E-10
1E-10
Gen 28
0.233766233766234
0.0909090909090909
0.0909090909090909
0.0779220779220779
0.0649350649350649
0.0649350649350649
1E-10
1E-10
1E-10
1E-10
1E-10
1E-10
1E-10
1E-10
1E-10
1E-10
1E-10
1E-10
1E-10
1E-10
Gen 29
0.233766233766234
0.0909090909090909
0.0909090909090909
0.0779220779220779
0.0649350649350649
0.0649350649350649
1E-10
1E-10
1E-10
1E-10
1E-10
1E-10
1E-10
1E-10
1E-10
1E-10
1E-10
1E-10
1E-10
1E-10
Gen 30
0.233766233766234
0.0909090909090909
0.0909090909090909
0.0779220779220779
0.0649350649350649
0.0649350649350649
1E-10
1E-10
1E-10
1E-10
1E-10
1E-10
1E-10
1E-10
1E-10
1E-10
1E-10
1E-10
1E-10
1E-10
Gen 31
0.233766233766234
0.0909090909090909
0.0909090909090909
0.0779220779220779
0.0649350649350649
0.0649350649350649
1E-10
1E-10
1E-10
1E-10
1E-10
1E-10
1E-10
1E-10
1E-10
1E-10
1E-10
1E-10
1E-10
1E-10
Gen 32
0.233766233766234
0.0909090909090909
0.0909090909090909
0.0779220779220779
0.0476190476190476
0.0476190476190476
1E-10
1E-10
1E-10
1E-10
1E-10
1E-10
1E-10
1E-10
1E-10
1E-10
1E-10
1E-10
1E-10
1E-10
Gen 33
0.233766233766234
0.0909090909090909
0.0909090909090909
0.0779220779220779
0.0476190476190476
0.0476190476190476
1E-10
1E-10
1E-10
1E-10
1E-10
1E-10
1E-10
1E-10
1E-10
1E-10
1E-10
1E-10
1E-10
1E-10
Gen 34
0.233766233766234
0.0909090909090909
0.0909090909090909
0.0779220779220779
1E-10
1E-10
1E-10
1E-10
1E-10
1E-10
1E-10
1E-10
1E-10
1E-10
1E-10
1E-10
1E-10
1E-10
1E-10
1E-10
Gen 35
0.233766233766234
0.0909090909090909
0.0909090909090909
0.0779220779220779
1E-10
1E-10
1E-10
1E-10
1E-10
1E-10
1E-10
1E-10
1E-10
1E-10
1E-10
1E-10
1E-10
1E-10
1E-10
1E-10
Gen 36
0.233766233766234
0.0909090909090909
0.0909090909090909
0.0779220779220779
1E-10
1E-10
1E-10
1E-10
1E-10
1E-10
1E-10
1E-10
1E-10
1E-10
1E-10
1E-10
1E-10
1E-10
1E-10
1E-10
Gen 37
0.233766233766234
0.0909090909090909
0.0909090909090909
0.0779220779220779
1E-10
1E-10
1E-10
1E-10
1E-10
1E-10
1E-10
1E-10
1E-10
1E-10
1E-10
1E-10
1E-10
1E-10
1E-10
1E-10
Gen 38
0.233766233766234
0.0909090909090909
1E-10
1E-10
1E-10
1E-10
1E-10
1E-10
1E-10
1E-10
1E-10
1E-10
1E-10
1E-10
1E-10
1E-10
1E-10
1E-10
1E-10
1E-10
Gen 39
1E-10
1E-10
1E-10
1E-10
1E-10
1E-10
1E-10
1E-10
1E-10
1E-10
1E-10
1E-10
1E-10
1E-10
1E-10
1E-10
1E-10
1E-10
1E-10
1E-10
Gen 40
1E-10
1E-10
1E-10
1E-10
1E-10
1E-10
1E-10
1E-10
1E-10
1E-10
1E-10
1E-10
1E-10
1E-10
1E-10
1E-10
1E-10
1E-10
1E-10
1E-10
Gen 41
1E-10
1E-10
1E-10
1E-10
1E-10
1E-10
1E-10
1E-10
1E-10
1E-10
1E-10
1E-10
1E-10
1E-10
1E-10
1E-10
1E-10
1E-10
1E-10
1E-10
Gen 42
1E-10
1E-10
1E-10
1E-10
1E-10
1E-10
1E-10
1E-10
1E-10
1E-10
1E-10
1E-10
1E-10
1E-10
1E-10
1E-10
1E-10
1E-10
1E-10
1E-10
Gen 43
1E-10
1E-10
1E-10
1E-10
1E-10
1E-10
1E-10
1E-10
1E-10
1E-10
1E-10
1E-10
1E-10
1E-10
1E-10
1E-10
1E-10
1E-10
1E-10
1E-10
Gen 44
1E-10
1E-10
1E-10
1E-10
1E-10
1E-10
1E-10
1E-10
1E-10
1E-10
1E-10
1E-10
1E-10
1E-10
1E-10
1E-10
1E-10
1E-10
1E-10
1E-10
Gen 45
1E-10
1E-10
1E-10
1E-10
1E-10
1E-10
1E-10
1E-10
1E-10
1E-10
1E-10
1E-10
1E-10
1E-10
1E-10
1E-10
1E-10
1E-10
1E-10
1E-10
Gen 46
1E-10
1E-10
1E-10
1E-10
1E-10
1E-10
1E-10
1E-10
1E-10
1E-10
1E-10
1E-10
1E-10
1E-10
1E-10
1E-10
1E-10
1E-10
1E-10
1E-10
Gen 47
1E-10
1E-10
1E-10
1E-10
1E-10
1E-10
1E-10
1E-10
1E-10
1E-10
1E-10
1E-10
1E-10
1E-10
1E-10
1E-10
1E-10
1E-10
1E-10
1E-10
Gen 48
1E-10
1E-10
1E-10
1E-10
1E-10
1E-10
1E-10
1E-10
1E-10
1E-10
1E-10
1E-10
1E-10
1E-10
1E-10
1E-10
1E-10
1E-10
1E-10
1E-10
Gen 49
0.0995670995670996
1E-10
1E-10
1E-10
1E-10
1E-10
1E-10
1E-10
1E-10
1E-10
1E-10
1E-10
1E-10
1E-10
1E-10
1E-10
1E-10
1E-10
1E-10
1E-10
Gen 50
0.0995670995670996
1E-10
1E-10
1E-10
1E-10
1E-10
1E-10
1E-10
1E-10
1E-10
1E-10
1E-10
1E-10
1E-10
1E-10
1E-10
1E-10
1E-10
1E-10
1E-10
Gen 51
0.0995670995670996
0.0476190476190476
0.0476190476190476
0.0476190476190476
1E-10
1E-10
1E-10
1E-10
1E-10
1E-10
1E-10
1E-10
1E-10
1E-10
1E-10
1E-10
1E-10
1E-10
1E-10
1E-10
Gen 52
0.0995670995670996
0.0476190476190476
0.0476190476190476
0.0476190476190476
1E-10
1E-10
1E-10
1E-10
1E-10
1E-10
1E-10
1E-10
1E-10
1E-10
1E-10
1E-10
1E-10
1E-10
1E-10
1E-10
Gen 53
0.0995670995670996
0.0476190476190476
0.0216450216450216
1E-10
1E-10
1E-10
1E-10
1E-10
1E-10
1E-10
1E-10
1E-10
1E-10
1E-10
1E-10
1E-10
1E-10
1E-10
1E-10
1E-10
Gen 54
0.0995670995670996
0.0476190476190476
0.0216450216450216
0.00432900432900433
0.00432900432900433
1E-10
1E-10
1E-10
1E-10
1E-10
1E-10
1E-10
1E-10
1E-10
1E-10
1E-10
1E-10
1E-10
1E-10
1E-10
Gen 55
0.0995670995670996
0.0476190476190476
0.0216450216450216
0.012987012987013
0.012987012987013
0.00432900432900433
1E-10
1E-10
1E-10
1E-10
1E-10
1E-10
1E-10
1E-10
1E-10
1E-10
1E-10
1E-10
1E-10
1E-10
Gen 56
0.101449275362319
0.0995670995670996
0.0995670995670996
0.0476190476190476
0.0216450216450216
0.012987012987013
0.012987012987013
1E-10
1E-10
1E-10
1E-10
1E-10
1E-10
1E-10
1E-10
1E-10
1E-10
1E-10
1E-10
1E-10
Gen 57
0.101449275362319
0.0995670995670996
1E-10
1E-10
1E-10
1E-10
1E-10
1E-10
1E-10
1E-10
1E-10
1E-10
1E-10
1E-10
1E-10
1E-10
1E-10
1E-10
1E-10
1E-10
Gen 58
0.101449275362319
0.0995670995670996
1E-10
1E-10
1E-10
1E-10
1E-10
1E-10
1E-10
1E-10
1E-10
1E-10
1E-10
1E-10
1E-10
1E-10
1E-10
1E-10
1E-10
1E-10
Gen 59
0.101449275362319
0.0995670995670996
1E-10
1E-10
1E-10
1E-10
1E-10
1E-10
1E-10
1E-10
1E-10
1E-10
1E-10
1E-10
1E-10
1E-10
1E-10
1E-10
1E-10
1E-10
Gen 60
0.101449275362319
0.0995670995670996
1E-10
1E-10
1E-10
1E-10
1E-10
1E-10
1E-10
1E-10
1E-10
1E-10
1E-10
1E-10
1E-10
1E-10
1E-10
1E-10
1E-10
1E-10
Gen 61
0.101449275362319
0.0995670995670996
1E-10
1E-10
1E-10
1E-10
1E-10
1E-10
1E-10
1E-10
1E-10
1E-10
1E-10
1E-10
1E-10
1E-10
1E-10
1E-10
1E-10
1E-10
Gen 62
0.101449275362319
0.0995670995670996
0.025974025974026
0.025974025974026
0.025974025974026
1E-10
1E-10
1E-10
1E-10
1E-10
1E-10
1E-10
1E-10
1E-10
1E-10
1E-10
1E-10
1E-10
1E-10
1E-10
Gen 63
0.101449275362319
0.0995670995670996
0.025974025974026
0.025974025974026
0.025974025974026
1E-10
1E-10
1E-10
1E-10
1E-10
1E-10
1E-10
1E-10
1E-10
1E-10
1E-10
1E-10
1E-10
1E-10
1E-10
Gen 64
0.101449275362319
0.0995670995670996
1E-10
1E-10
1E-10
1E-10
1E-10
1E-10
1E-10
1E-10
1E-10
1E-10
1E-10
1E-10
1E-10
1E-10
1E-10
1E-10
1E-10
1E-10
Gen 65
0.101449275362319
0.0995670995670996
1E-10
1E-10
1E-10
1E-10
1E-10
1E-10
1E-10
1E-10
1E-10
1E-10
1E-10
1E-10
1E-10
1E-10
1E-10
1E-10
1E-10
1E-10
Gen 66
0.101449275362319
0.0995670995670996
1E-10
1E-10
1E-10
1E-10
1E-10
1E-10
1E-10
1E-10
1E-10
1E-10
1E-10
1E-10
1E-10
1E-10
1E-10
1E-10
1E-10
1E-10
Gen 67
0.101449275362319
0.0995670995670996
1E-10
1E-10
1E-10
1E-10
1E-10
1E-10
1E-10
1E-10
1E-10
1E-10
1E-10
1E-10
1E-10
1E-10
1E-10
1E-10
1E-10
1E-10
Gen 68
0.101449275362319
0.0995670995670996
1E-10
1E-10
1E-10
1E-10
1E-10
1E-10
1E-10
1E-10
1E-10
1E-10
1E-10
1E-10
1E-10
1E-10
1E-10
1E-10
1E-10
1E-10
Gen 69
0.101449275362319
0.0995670995670996
1E-10
1E-10
1E-10
1E-10
1E-10
1E-10
1E-10
1E-10
1E-10
1E-10
1E-10
1E-10
1E-10
1E-10
1E-10
1E-10
1E-10
1E-10
