Gen 1
0.00865800865800866
0.000432900527900433
0.00173160181160173
1E-10
1E-10
1E-10
Gen 2
0.00865800865800866
0.000865800955800867
0.00346320352320346
1E-10
1E-10
1E-10
Gen 3
0.00865800865800866
0.000865800955800867
0.00346320352320346
1E-10
1E-10
1E-10
Gen 4
0.0303030303030303
0.00587678028460631
0.0190777338603426
0.00442938707808269
1E-10
1E-10
Gen 5
0.0303030303030303
0.00520233396798607
0.0190777338603426
0.00173160181160173
1E-10
1E-10
Gen 6
0.0303030303030303
0.00303030312030303
0.0121212121812121
1E-10
1E-10
1E-10
Gen 7
0.0303030303030303
0.00303030312030303
0.0121212121812121
1E-10
1E-10
1E-10
Gen 8
0.0303030303030303
0.00454545463045454
0.0181818182218182
1E-10
1E-10
1E-10
Gen 9
0.101449275362319
0.00810276688341898
0.0324110672336759
1E-10
1E-10
1E-10
Gen 10
0.101449275362319
0.00810276688341898
0.0324110672336759
1E-10
1E-10
1E-10
Gen 11
1E-10
1E-10
1E-10
1E-10
1E-10
1E-10
Gen 12
1E-10
1E-10
1E-10
1E-10
1E-10
1E-10
Gen 13
1E-10
1E-10
1E-10
1E-10
1E-10
1E-10
Gen 14
1E-10
1E-10
1E-10
1E-10
1E-10
1E-10
Gen 15
0.0909090909090909
0.0090909091809091
0.0363636364236364
1E-10
1E-10
1E-10
Gen 16
0.0909090909090909
0.0090909091809091
0.0363636364236364
1E-10
1E-10
1E-10
Gen 17
0.0909090909090909
0.00913921835465306
0.0365568731186122
1E-10
1E-10
1E-10
Gen 18
0.0909090909090909
0.0102986386445081
0.0411945542780325
1E-10
1E-10
1E-10
Gen 19
0.0909090909090909
0.0090909091809091
0.0363636364236364
1E-10
1E-10
1E-10
Gen 20
0.0909090909090909
0.0136363637113636
0.0545454545454545
1E-10
1E-10
1E-10
Gen 21
0.0909090909090909
0.0136363637113636
0.0545454545454545
1E-10
1E-10
1E-10
Gen 22
0.0909090909090909
0.0136363637113636
0.0545454545454545
1E-10
1E-10
1E-10
Gen 23
0.0909090909090909
0.0146991656337308
0.0545454545454545
0.0042512077894686
1E-10
1E-10
Gen 24
0.0909090909090909
0.0090909091809091
0.0363636364236364
1E-10
1E-10
1E-10
Gen 25
0.0909090909090909
0.0090909091809091
0.0363636364236364
1E-10
1E-10
1E-10
Gen 26
0.0909090909090909
0.0168831169531169
0.0597402597402597
0.00779220787220779
1E-10
1E-10
Gen 27
0.0909090909090909
0.0216450217050217
0.0632034632034632
0.0233766234166234
1E-10
1E-10
Gen 28
0.233766233766234
0.0311688312388312
0.111688311688312
0.012987013067013
1E-10
1E-10
Gen 29
0.233766233766234
0.0311688312388312
0.111688311688312
0.012987013067013
1E-10
1E-10
Gen 30
0.233766233766234
0.0311688312388312
0.111688311688312
0.012987013067013
1E-10
1E-10
Gen 31
0.233766233766234
0.0311688312388312
0.111688311688312
0.012987013067013
1E-10
1E-10
Gen 32
0.233766233766234
0.0294372295072294
0.108225108225108
0.00952380960380952
1E-10
1E-10
Gen 33
0.233766233766234
0.0294372295072294
0.108225108225108
0.00952380960380952
1E-10
1E-10
Gen 34
0.233766233766234
0.0246753247553247
0.0987012987212987
1E-10
1E-10
1E-10
Gen 35
0.233766233766234
0.0246753247553247
0.0987012987212987
1E-10
1E-10
1E-10
Gen 36
0.233766233766234
0.0246753247553247
0.0987012987212987
1E-10
1E-10
1E-10
Gen 37
0.233766233766234
0.0246753247553247
0.0987012987212987
1E-10
1E-10
1E-10
Gen 38
0.233766233766234
0.0162337663237662
0.0649350649950649
1E-10
1E-10
1E-10
Gen 39
1E-10
1E-10
1E-10
1E-10
1E-10
1E-10
Gen 40
1E-10
1E-10
1E-10
1E-10
1E-10
1E-10
Gen 41
1E-10
1E-10
1E-10
1E-10
1E-10
1E-10
Gen 42
1E-10
1E-10
1E-10
1E-10
1E-10
1E-10
Gen 43
1E-10
1E-10
1E-10
1E-10
1E-10
1E-10
Gen 44
1E-10
1E-10
1E-10
1E-10
1E-10
1E-10
Gen 45
1E-10
1E-10
1E-10
1E-10
1E-10
1E-10
Gen 46
1E-10
1E-10
1E-10
1E-10
1E-10
1E-10
Gen 47
1E-10
1E-10
1E-10
1E-10
1E-10
1E-10
Gen 48
1E-10
1E-10
1E-10
1E-10
1E-10
1E-10
Gen 49
0.0995670995670996
0.00497835507335497
0.0199134199934199
1E-10
1E-10
1E-10
Gen 50
0.0995670995670996
0.00497835507335497
0.0199134199934199
1E-10
1E-10
1E-10
Gen 51
0.0995670995670996
0.0121212122012121
0.0484848485048485
1E-10
1E-10
1E-10
Gen 52
0.0995670995670996
0.0121212122012121
0.0484848485048485
1E-10
1E-10
1E-10
Gen 53
0.0995670995670996
0.00844155852655845
0.0337662338062338
1E-10
1E-10
1E-10
Gen 54
0.0995670995670996
0.00887445894945888
0.0354978354978355
1E-10
1E-10
1E-10
Gen 55
0.0995670995670996
0.00995671002670996
0.038961038961039
0.000865800945800865
1E-10
1E-10
Gen 56
0.101449275362319
0.0197910785517307
0.0739695087521175
0.0051948052548052
1E-10
1E-10
Gen 57
0.101449275362319
0.0100508188364709
0.0402032750458837
1E-10
1E-10
1E-10
Gen 58
0.101449275362319
0.0100508188364709
0.0402032750458837
1E-10
1E-10
1E-10
Gen 59
0.101449275362319
0.0100508188364709
0.0402032750458837
1E-10
1E-10
1E-10
Gen 60
0.101449275362319
0.0100508188364709
0.0402032750458837
1E-10
1E-10
1E-10
Gen 61
0.101449275362319
0.0100508188364709
0.0402032750458837
1E-10
1E-10
1E-10
Gen 62
0.101449275362319
0.0139469227175748
0.0557876905702993
1E-10
1E-10
1E-10
Gen 63
0.101449275362319
0.0139469227175748
0.0557876905702993
1E-10
1E-10
1E-10
Gen 64
0.101449275362319
0.0100508188364709
0.0402032750458837
1E-10
1E-10
1E-10
Gen 65
0.101449275362319
0.0100508188364709
0.0402032750458837
1E-10
1E-10
1E-10
Gen 66
0.101449275362319
0.0100508188364709
0.0402032750458837
1E-10
1E-10
1E-10
Gen 67
0.101449275362319
0.0100508188364709
0.0402032750458837
1E-10
1E-10
1E-10
Gen 68
0.101449275362319
0.0100508188364709
0.0402032750458837
1E-10
1E-10
1E-10
Gen 69
0.101449275362319
0.0100508188364709
0.0402032750458837
1E-10
1E-10
1E-10
