Gen 0
0.155
0.03593984779831934
0.035939551798319334
9.6e-08
1.0399999999999999e-07
9.6e-08
Gen 1
0.155
0.03593984779831934
0.035939551798319334
9.6e-08
1.0399999999999999e-07
9.6e-08
Gen 2
0.155
0.04033983979831915
0.040339543798319305
9.6e-08
1.0399999999999999e-07
9.6e-08
Gen 3
0.155
0.04008773895798301
0.040087442957983166
9.6e-08
1.0399999999999999e-07
9.6e-08
Gen 4
0.155
0.038743201142857155
0.038742905142857144
9.6e-08
1.0399999999999999e-07
9.6e-08
Gen 5
0.155
0.03969783099159665
0.03969753499159664
9.6e-08
1.0399999999999999e-07
9.6e-08
Gen 6
0.155
0.04609782299159645
0.0460975269915966
9.6e-08
1.0399999999999999e-07
9.6e-08
Gen 7
0.155
0.04878689862184855
0.0487866026218487
9.6e-08
1.0399999999999999e-07
9.6e-08
Gen 8
0.155
0.037008763361344545
0.037008467361344534
9.6e-08
1.0399999999999999e-07
9.6e-08
Gen 9
0.155
0.030689443630252108
0.0306891476302521
9.6e-08
1.0399999999999999e-07
9.6e-08
Gen 10
0.155
0.035600368000000014
0.035600072
9.6e-08
1.0399999999999999e-07
9.6e-08
Gen 11
0.155
0.04040035199999981
0.04040005599999997
9.6e-08
1.0399999999999999e-07
9.6e-08
Gen 12
0.13
0.03520035200000002
0.03520005600000001
9.6e-08
1.0399999999999999e-07
9.6e-08
Gen 13
0.115
0.03400035200000001
0.03400005600000001
9.6e-08
1.0399999999999999e-07
9.6e-08
Gen 14
0.115
0.025200368000000015
0.025200072000000007
9.6e-08
1.0399999999999999e-07
9.6e-08
Gen 15
0.1
0.013200384000000011
0.013200088000000004
9.6e-08
1.0399999999999999e-07
9.6e-08
Gen 16
0.1
0.02000037600000001
0.020000080000000003
9.6e-08
1.0399999999999999e-07
9.6e-08
Gen 17
0.1
0.01960037600000001
0.019600080000000002
9.6e-08
1.0399999999999999e-07
9.6e-08
Gen 18
0.1
0.013200384000000011
0.013200088000000004
9.6e-08
1.0399999999999999e-07
9.6e-08
Gen 19
0.1
0.013200384000000011
0.013200088000000004
9.6e-08
1.0399999999999999e-07
9.6e-08
Gen 20
0.135
0.014833997445378161
0.014833701445378154
9.6e-08
1.0399999999999999e-07
9.6e-08
Gen 21
0.1
0.015600384000000012
0.015600088000000003
9.6e-08
1.0399999999999999e-07
9.6e-08
Gen 22
0.1
0.015600384000000012
0.015600088000000003
9.6e-08
1.0399999999999999e-07
9.6e-08
Gen 23
0.1
0.01960037600000001
0.019600080000000002
9.6e-08
1.0399999999999999e-07
9.6e-08
Gen 24
0.1
0.01960037600000001
0.019600080000000002
9.6e-08
1.0399999999999999e-07
9.6e-08
Gen 25
0.135
0.014833997445378161
0.014833701445378154
9.6e-08
1.0399999999999999e-07
9.6e-08
Gen 26
0.135
0.014833997445378161
0.014833701445378154
9.6e-08
1.0399999999999999e-07
9.6e-08
Gen 27
0.135
0.014833997445378161
0.014833701445378154
9.6e-08
1.0399999999999999e-07
9.6e-08
Gen 28
0.135
0.01883398944537816
0.018833693445378153
9.6e-08
1.0399999999999999e-07
9.6e-08
Gen 29
0.1
0.016033989445378163
0.016033693445378153
9.6e-08
1.0399999999999999e-07
9.6e-08
Gen 30
0.135
0.018195333983193288
0.01819503798319328
9.6e-08
1.0399999999999999e-07
9.6e-08
Gen 31
0.135
0.018195333983193288
0.01819503798319328
9.6e-08
1.0399999999999999e-07
9.6e-08
Gen 32
0.135
0.01883398944537816
0.018833693445378153
9.6e-08
1.0399999999999999e-07
9.6e-08
Gen 33
0.1
0.018833981445378165
0.018833685445378154
9.6e-08
1.0399999999999999e-07
9.6e-08
Gen 34
0.1
0.018833981445378165
0.018833685445378154
9.6e-08
1.0399999999999999e-07
9.6e-08
Gen 35
0.135
0.02163398144537816
0.021633685445378154
9.6e-08
1.0399999999999999e-07
9.6e-08
Gen 36
0.135
0.02163398144537816
0.021633685445378154
9.6e-08
1.0399999999999999e-07
9.6e-08
Gen 37
0.135
0.01883398944537816
0.018833693445378153
9.6e-08
1.0399999999999999e-07
9.6e-08
Gen 38
0.135
0.01883398944537816
0.018833693445378153
9.6e-08
1.0399999999999999e-07
9.6e-08
Gen 39
0.135
0.02194322514285715
0.021942929142857143
9.6e-08
1.0399999999999999e-07
9.6e-08
Gen 40
0.1
0.015143233142857156
0.015142937142857147
9.6e-08
1.0399999999999999e-07
9.6e-08
Gen 41
0.1
0.019143225142857153
0.019142929142857146
9.6e-08
1.0399999999999999e-07
9.6e-08
Gen 42
0.1
0.015143233142857156
0.015142937142857147
9.6e-08
1.0399999999999999e-07
9.6e-08
Gen 43
0.135
0.017943233142857153
0.017942937142857145
9.6e-08
1.0399999999999999e-07
9.6e-08
Gen 44
0.135
0.017943233142857153
0.017942937142857145
9.6e-08
1.0399999999999999e-07
9.6e-08
Gen 45
0.1
0.011109627697479004
0.011109331697478995
9.6e-08
1.0399999999999999e-07
9.6e-08
Gen 46
0.125
0.018309619697479004
0.018309323697478994
9.6e-08
1.0399999999999999e-07
9.6e-08
Gen 47
0.135
0.017909619697479003
0.017909323697478993
9.6e-08
1.0399999999999999e-07
9.6e-08
Gen 48
0.125
0.018309619697479004
0.018309323697478994
9.6e-08
1.0399999999999999e-07
9.6e-08
Gen 49
0.125
0.018309619697479004
0.018309323697478994
9.6e-08
1.0399999999999999e-07
9.6e-08
Gen 50
0.125
0.018309619697479004
0.018309323697478994
9.6e-08
1.0399999999999999e-07
9.6e-08
Gen 51
0.135
0.017909619697479003
0.017909323697478993
9.6e-08
1.0399999999999999e-07
9.6e-08
Gen 52
0.135
0.017909619697479003
0.017909323697478993
9.6e-08
1.0399999999999999e-07
9.6e-08
Gen 53
0.125
0.018309619697479004
0.018309323697478994
9.6e-08
1.0399999999999999e-07
9.6e-08
Gen 54
0.135
0.017909619697479003
0.017909323697478993
9.6e-08
1.0399999999999999e-07
9.6e-08
Gen 55
0.135
0.017909619697479003
0.017909323697478993
9.6e-08
1.0399999999999999e-07
9.6e-08
Gen 56
0.145
0.02680037600000001
0.026800080000000004
9.6e-08
1.0399999999999999e-07
9.6e-08
Gen 57
0.125
0.016881048268907576
0.016880752268907565
9.6e-08
1.0399999999999999e-07
9.6e-08
Gen 58
0.125
0.023200376000000012
0.023200080000000005
9.6e-08
1.0399999999999999e-07
9.6e-08
Gen 59
0.125
0.023200376000000012
0.023200080000000005
9.6e-08
1.0399999999999999e-07
9.6e-08
Gen 60
0.1
0.017200376000000014
0.017200080000000003
9.6e-08
1.0399999999999999e-07
9.6e-08
Gen 61
0.1
0.017200376000000014
0.017200080000000003
9.6e-08
1.0399999999999999e-07
9.6e-08
Gen 62
0.12
0.016709619697479
0.016709323697478993
9.6e-08
1.0399999999999999e-07
9.6e-08
Gen 63
0.125
0.017109619697479
0.017109323697478994
9.6e-08
1.0399999999999999e-07
9.6e-08
Gen 64
0.125
0.013109627697479002
0.013109331697478995
9.6e-08
1.0399999999999999e-07
9.6e-08
Gen 65
0.125
0.013109627697479002
0.013109331697478995
9.6e-08
1.0399999999999999e-07
9.6e-08
Gen 66
0.125
0.013109627697479002
0.013109331697478995
9.6e-08
1.0399999999999999e-07
9.6e-08
Gen 67
0.125
0.022309619697479
0.02230932369747899
9.6e-08
1.0399999999999999e-07
9.6e-08
Gen 68
0.13
0.021509619697479002
0.021509323697478995
9.6e-08
1.0399999999999999e-07
9.6e-08
Gen 69
0.13
0.021509619697479002
0.021509323697478995
9.6e-08
1.0399999999999999e-07
9.6e-08
Gen 70
0.125
0.022309619697479
0.02230932369747899
9.6e-08
1.0399999999999999e-07
9.6e-08
Gen 71
0.13
0.021509619697479002
0.021509323697478995
9.6e-08
1.0399999999999999e-07
9.6e-08
Gen 72
0.125
0.022309619697479
0.02230932369747899
9.6e-08
1.0399999999999999e-07
9.6e-08
Gen 73
0.13
0.022309619697479
0.02230932369747899
9.6e-08
1.0399999999999999e-07
9.6e-08
Gen 74
0.13
0.022709619697479
0.02270932369747899
9.6e-08
1.0399999999999999e-07
9.6e-08
Gen 75
0.13
0.030709611697479
0.03070931569747899
9.6e-08
1.0399999999999999e-07
9.6e-08
Gen 76
0.13
0.034309603697479
0.034309307697478995
9.6e-08
1.0399999999999999e-07
9.6e-08
Gen 77
0.13
0.034709603697479004
0.03470930769747899
9.6e-08
1.0399999999999999e-07
9.6e-08
Gen 78
0.13
0.031065906218487403
0.031065610218487395
9.6e-08
1.0399999999999999e-07
9.6e-08
Gen 79
0.125
0.03305918352941177
0.033058887529411767
9.6e-08
1.0399999999999999e-07
9.6e-08
Gen 80
0.13
0.022349955831932788
0.022349659831932777
9.6e-08
1.0399999999999999e-07
9.6e-08
Gen 81
0.13
0.025459191529411774
0.025458895529411767
9.6e-08
1.0399999999999999e-07
9.6e-08
Gen 82
0.13
0.025459191529411774
0.025458895529411767
9.6e-08
1.0399999999999999e-07
9.6e-08
Gen 83
0.14
0.022259191529411772
0.022258895529411765
9.6e-08
1.0399999999999999e-07
9.6e-08
Gen 84
0.13
0.025459191529411774
0.025458895529411767
9.6e-08
1.0399999999999999e-07
9.6e-08
Gen 85
0.13
0.025459191529411774
0.025458895529411767
9.6e-08
1.0399999999999999e-07
9.6e-08
Gen 86
0.14
0.022259191529411772
0.022258895529411765
9.6e-08
1.0399999999999999e-07
9.6e-08
Gen 87
0.14
0.022259191529411772
0.022258895529411765
9.6e-08
1.0399999999999999e-07
9.6e-08
Gen 88
0.08823529411764706
0.02091800705882354
0.02091771105882353
9.6e-08
1.0399999999999999e-07
9.6e-08
Gen 89
0.1
0.025059183529411774
0.025058887529411766
9.6e-08
1.0399999999999999e-07
9.6e-08
Gen 90
0.1
0.02194994783193278
0.021949651831932773
9.6e-08
1.0399999999999999e-07
9.6e-08
Gen 91
0.1
0.02194994783193278
0.021949651831932773
9.6e-08
1.0399999999999999e-07
9.6e-08
Gen 92
0.1
0.017949955831932783
0.017949659831932772
9.6e-08
1.0399999999999999e-07
9.6e-08
Gen 93
0.1
0.015949955831932785
0.015949659831932778
9.6e-08
1.0399999999999999e-07
9.6e-08
Gen 94
0.08823529411764706
0.011059207529411776
0.011058911529411767
9.6e-08
1.0399999999999999e-07
9.6e-08
Gen 95
0.1
0.019509611697479005
0.019509315697478994
9.6e-08
1.0399999999999999e-07
9.6e-08
Gen 96
0.1
0.018000376000000012
0.01800008
9.6e-08
1.0399999999999999e-07
9.6e-08
Gen 97
0.1
0.013600384000000012
0.013600088000000003
9.6e-08
1.0399999999999999e-07
9.6e-08
Gen 98
0.1
0.021331468436974803
0.021331172436974796
9.6e-08
1.0399999999999999e-07
9.6e-08
Gen 99
0.035
0.0028003920000000113
0.0028000960000000032
9.6e-08
1.0399999999999999e-07
9.6e-08
